»»»»»»»»»»»»»»»»»»»»»»»»»»»»»»»»»»»» Hysteresis ««««««««««««««««««««««««««««««««««««
»»»  Executed Version:	5.48.1
»»»  Vision Version:	5.48.4 (R)
»»»  Vision Compiled:	9/18/24
»»»  Driver Version:	5.47.0
»»»  Windows Version:	Windows 8 or 8.1
»»»  Processor Information:	x86 (AMD or Intel) - 32 Processors
»»»  Tester Name:	PMF21124-494 (100V)
»»»  Tester S/N:	PMF21124-494
»»»  Internal Amp Type:	100V RevK 270k
»»»  Internal Amp S/N:	iAB2-596/K     
»»»  Execution Count:	1
»»»»»»»»»»»»»»»»»»»»»»»»»»»»»»»»»»»»»»»»»»««««««««««««««««««««««««««««««««««««««««««

Stored:	10/1/2025 - 11:51:21
Configured:	10/01/25 11:13:11 AM
Executed:	10/01/25 11:49:11 AM

»»»»»»»»»»»»»»»»»»»»»»»»»»»»»»»»»»» Sample Info ««««««««««««««««««««««««««««««««««««
Sample Name:	Int. Ref. Ferroelectric
Lot Name:	N/A
Wafer Name:	N/A
Die Row/Column:	0/0
Capacitor Number:	0
Sample Area (cm2):	1.00e-04
Sample Thickness (microns):	3.00e-01

Amplifier:	Internal

»»»»»»»»»»»»»»»»»»»»»»»»»»»»»»»»»»» Tester Info «««««««««««««««««««««««««««««««««««
Tester Name:	PMF21124-494 (100V)
Tester Serial Number:	PMF21124-494
Return Signal Amp. Level:	0.02 [Index: 2]

»»»»»»»»»»»»»»»»»»»»»»»»»»»»»»»» Hysteresis Info ««««««««««««««««««««««««««««««««««
Task Name:	Hyst-1
Volts:	20.00
Field:	666.67 (kV/cm)
DCBias:	0.00
DCField:	0.00 (kV/cm)
Hysteresis Period (ms):	5.00e-01
Preset:	Enabled
Preset Delay (ms):	1.00e+03
Profile:	Standard Monopolar

»»»»»»»»»»»»»»»»»»»»»»»»»»»»»»»»»»»»»» Data «««««««««««««««««««««««««««««««««««««««
Points:	1001

Valid Data

Point	Time (ms)	Drive Voltage	Measured Polarization (uC/cm2)	Capacitance (uF)	Normalized Capacitance (uF/cm2)	Dielectric Constant	Instantaneous Current (mA)
   1	0.0000e+00	0.0722	-48.004709	0.001162	11.624629	3.938531	-0.094662
   2	5.0000e-04	0.0353	-48.478020	0.001162	11.624629	3.938531	-0.094662
   3	1.0000e-03	0.1428	-48.041117	0.001073	10.730427	3.635567	0.087381
   4	1.5000e-03	0.1620	-47.713440	0.000805	8.047820	2.726675	0.065535
   5	2.0000e-03	0.2150	-47.895483	-0.000447	-4.471011	-1.514820	-0.036409
   6	2.5000e-03	0.2021	-47.276537	-0.001520	-15.201438	-5.150387	0.123789
   7	3.0000e-03	0.2791	-47.494989	-0.000537	-5.365214	-1.817784	-0.043690
   8	3.5000e-03	0.3321	-46.766817	0.001788	17.884045	6.059279	0.145634
   9	4.0000e-03	0.3529	-46.548366	0.000537	5.365214	1.817784	0.043690
  10	4.5000e-03	0.4235	-46.548366	0.000000	0.000000	0.000000	0.000000
  11	5.0000e-03	0.4492	-46.257097	0.000715	7.153618	2.423711	0.058254
  12	5.5000e-03	0.4668	-46.111463	0.000358	3.576809	1.211856	0.029127
  13	6.0000e-03	0.5134	-45.783786	0.000805	8.047820	2.726675	0.065535
  14	6.5000e-03	0.5647	-45.710968	0.000179	1.788405	0.605928	0.014563
  15	7.0000e-03	0.6112	-45.201248	0.001252	12.518832	4.241495	0.101944
  16	7.5000e-03	0.6465	-45.201248	0.000000	0.000000	0.000000	0.000000
  17	8.0000e-03	0.6529	-45.092023	0.000268	2.682607	0.908892	0.021845
  18	8.5000e-03	0.7075	-44.691528	0.000984	9.836225	3.332603	0.080099
  19	9.0000e-03	0.7299	-44.400260	0.000715	7.153618	2.423711	0.058254
  20	9.5000e-03	0.7973	-44.108991	0.000715	7.153618	2.423711	0.058254
  21	1.0000e-02	0.8150	-43.817722	0.000715	7.153618	2.423711	0.058254
  22	1.0500e-02	0.9048	-43.744905	0.000179	1.788405	0.605928	0.014563
  23	1.1000e-02	0.9593	-43.453637	0.000715	7.153618	2.423711	0.058254
  24	1.1500e-02	0.9449	-43.016734	-0.001073	-10.730427	-3.635567	0.087381
  25	1.2000e-02	1.0347	-43.016734	0.000000	0.000000	0.000000	0.000000
  26	1.2500e-02	1.0331	-42.397788	-0.001520	-15.201438	-5.150387	0.123789
  27	1.3000e-02	1.0845	-42.215745	0.000447	4.471011	1.514820	0.036409
  28	1.3500e-02	1.1149	-41.960885	0.000626	6.259416	2.120747	0.050972
  29	1.4000e-02	1.1631	-42.215745	-0.000626	-6.259416	-2.120747	-0.050972
  30	1.4500e-02	1.1855	-41.378348	0.002057	20.566652	6.968170	0.167479
  31	1.5000e-02	1.2706	-41.414756	-0.000089	-0.894202	-0.302964	-0.007282
  32	1.5500e-02	1.2786	-41.523982	-0.000268	-2.682607	-0.908892	-0.021845
  33	1.6000e-02	1.3235	-40.832219	0.001699	16.989843	5.756315	0.138353
  34	1.6500e-02	1.3668	-40.868628	-0.000089	-0.894202	-0.302964	-0.007282
  35	1.7000e-02	1.4005	-40.249682	0.001520	15.201438	5.150387	0.123789
  36	1.7500e-02	1.4502	-40.067639	0.000447	4.471011	1.514820	0.036409
  37	1.8000e-02	1.4695	-40.176865	-0.000268	-2.682607	-0.908892	-0.021845
  38	1.8500e-02	1.5192	-39.812779	0.000894	8.942023	3.029639	0.072817
  39	1.9000e-02	1.5449	-39.521510	0.000715	7.153618	2.423711	0.058254
  40	1.9500e-02	1.5914	-39.557919	-0.000089	-0.894202	-0.302964	-0.007282
  41	2.0000e-02	1.6155	-38.720522	0.002057	20.566652	6.968170	0.167479
  42	2.0500e-02	1.6796	-38.866156	-0.000358	-3.576809	-1.211856	-0.029127
  43	2.1000e-02	1.7005	-38.320027	0.001341	13.413034	4.544459	0.109226
  44	2.1500e-02	1.7711	-38.247210	0.000179	1.788405	0.605928	0.014563
  45	2.2000e-02	1.8144	-37.846716	0.000984	9.836225	3.332603	0.080099
  46	2.2500e-02	1.8224	-37.846716	0.000000	0.000000	0.000000	0.000000
  47	2.3000e-02	1.8866	-37.482630	0.000894	8.942023	3.029639	0.072817
  48	2.3500e-02	1.9315	-37.373404	0.000268	2.682607	0.908892	0.021845
  49	2.4000e-02	1.9556	-36.900093	0.001162	11.624629	3.938531	0.094662
  50	2.4500e-02	1.9989	-37.082136	-0.000447	-4.471011	-1.514820	-0.036409
  51	2.5000e-02	2.0598	-36.645233	0.001073	10.730427	3.635567	0.087381
  52	2.5500e-02	2.0935	-36.317556	0.000805	8.047820	2.726675	0.065535
  53	2.6000e-02	2.1368	-36.317556	0.000000	0.000000	0.000000	0.000000
  54	2.6500e-02	2.1689	-35.735018	0.001431	14.307236	4.847423	0.116507
  55	2.7000e-02	2.1866	-35.589384	0.000358	3.576809	1.211856	0.029127
  56	2.7500e-02	2.2395	-34.824804	0.001878	18.778248	6.362242	0.152916
  57	2.8000e-02	2.2780	-35.116072	-0.000715	-7.153618	-2.423711	-0.058254
  58	2.8500e-02	2.3149	-34.934030	0.000447	4.471011	1.514820	0.036409
  59	2.9000e-02	2.3695	-34.751987	0.000447	4.471011	1.514820	0.036409
  60	2.9500e-02	2.4224	-34.351492	0.000984	9.836225	3.332603	0.080099
  61	3.0000e-02	2.4384	-33.950998	0.000984	9.836225	3.332603	0.080099
  62	3.0500e-02	2.4545	-33.732547	0.000537	5.365214	1.817784	0.043690
  63	3.1000e-02	2.5267	-33.805364	-0.000179	-1.788405	-0.605928	-0.014563
  64	3.1500e-02	2.5475	-33.696138	0.000268	2.682607	0.908892	0.021845
  65	3.2000e-02	2.5828	-32.858741	0.002057	20.566652	6.968170	0.167479
  66	3.2500e-02	2.6662	-32.895149	-0.000089	-0.894202	-0.302964	-0.007282
  67	3.3000e-02	2.6855	-32.785924	0.000268	2.682607	0.908892	0.021845
  68	3.3500e-02	2.7176	-32.166978	0.001520	15.201438	5.150387	0.123789
  69	3.4000e-02	2.7497	-32.349021	-0.000447	-4.471011	-1.514820	-0.036409
  70	3.4500e-02	2.8122	-31.948526	0.000984	9.836225	3.332603	0.080099
  71	3.5000e-02	2.8507	-31.620849	0.000805	8.047820	2.726675	0.065535
  72	3.5500e-02	2.8860	-31.584441	0.000089	0.894202	0.302964	0.007282
  73	3.6000e-02	2.9213	-31.293172	0.000715	7.153618	2.423711	0.058254
  74	3.6500e-02	2.9245	-31.111129	0.000447	4.471011	1.514820	0.036409
  75	3.7000e-02	3.0031	-30.747043	0.000894	8.942023	3.029639	0.072817
  76	3.7500e-02	3.0208	-30.528592	0.000537	5.365214	1.817784	0.043690
  77	3.8000e-02	3.0994	-30.346549	0.000447	4.471011	1.514820	0.036409
  78	3.8500e-02	3.1299	-30.055280	0.000715	7.153618	2.423711	0.058254
  79	3.9000e-02	3.1587	-30.018872	0.000089	0.894202	0.302964	0.007282
  80	3.9500e-02	3.2085	-29.946055	0.000179	1.788405	0.605928	0.014563
  81	4.0000e-02	3.2550	-29.254292	0.001699	16.989843	5.756315	0.138353
  82	4.0500e-02	3.2389	-29.545560	0.000715	7.153618	2.423711	-0.058254
  83	4.1000e-02	3.3320	-28.963023	0.001431	14.307236	4.847423	0.116507
  84	4.1500e-02	3.3609	-28.671754	0.000715	7.153618	2.423711	0.058254
  85	4.2000e-02	3.3769	-28.780980	-0.000268	-2.682607	-0.908892	-0.021845
  86	4.2500e-02	3.4812	-27.870766	0.002236	22.355057	7.574098	0.182043
  87	4.3000e-02	3.5133	-28.089217	-0.000537	-5.365214	-1.817784	-0.043690
  88	4.3500e-02	3.5165	-27.943583	0.000358	3.576809	1.211856	0.029127
  89	4.4000e-02	3.5758	-27.615906	0.000805	8.047820	2.726675	0.065535
  90	4.4500e-02	3.5983	-27.215411	0.000984	9.836225	3.332603	0.080099
  91	4.5000e-02	3.6625	-26.924143	0.000715	7.153618	2.423711	0.058254
  92	4.5500e-02	3.6913	-27.324637	-0.000984	-9.836225	-3.332603	-0.080099
  93	4.6000e-02	3.7186	-26.414423	0.002236	22.355057	7.574098	0.182043
  94	4.6500e-02	3.7555	-26.378014	0.000089	0.894202	0.302964	0.007282
  95	4.7000e-02	3.8004	-25.868294	0.001252	12.518832	4.241495	0.101944
  96	4.7500e-02	3.8389	-25.904703	-0.000089	-0.894202	-0.302964	-0.007282
  97	4.8000e-02	3.8790	-25.759068	0.000358	3.576809	1.211856	0.029127
  98	4.8500e-02	3.9175	-25.540617	0.000537	5.365214	1.817784	0.043690
  99	4.9000e-02	3.9592	-24.994488	0.001341	13.413034	4.544459	0.109226
 100	4.9500e-02	4.0090	-25.067305	-0.000179	-1.788405	-0.605928	-0.014563
 101	5.0000e-02	4.0266	-24.812445	0.000626	6.259416	2.120747	0.050972
 102	5.0500e-02	4.0972	-24.484768	0.000805	8.047820	2.726675	0.065535
 103	5.1000e-02	4.0748	-24.120682	-0.000894	-8.942023	-3.029639	0.072817
 104	5.1500e-02	4.1694	-24.157091	-0.000089	-0.894202	-0.302964	-0.007282
 105	5.2000e-02	4.1870	-23.683779	0.001162	11.624629	3.938531	0.094662
 106	5.2500e-02	4.2496	-23.392511	0.000715	7.153618	2.423711	0.058254
 107	5.3000e-02	4.2993	-23.756596	-0.000894	-8.942023	-3.029639	-0.072817
 108	5.3500e-02	4.3411	-23.064834	0.001699	16.989843	5.756315	0.138353
 109	5.4000e-02	4.3747	-22.846382	0.000537	5.365214	1.817784	0.043690
 110	5.4500e-02	4.3940	-22.809973	0.000089	0.894202	0.302964	0.007282
 111	5.5000e-02	4.4710	-22.555113	0.000626	6.259416	2.120747	0.050972
 112	5.5500e-02	4.4935	-22.482296	0.000179	1.788405	0.605928	0.014563
 113	5.6000e-02	4.5320	-22.336662	0.000358	3.576809	1.211856	0.029127
 114	5.6500e-02	4.5432	-21.426448	0.002236	22.355057	7.574098	0.182043
 115	5.7000e-02	4.5945	-21.426448	0.000000	0.000000	0.000000	0.000000
 116	5.7500e-02	4.6426	-21.426448	0.000000	0.000000	0.000000	0.000000
 117	5.8000e-02	4.6667	-21.390039	0.000089	0.894202	0.302964	0.007282
 118	5.8500e-02	4.7148	-20.953136	0.001073	10.730427	3.635567	0.087381
 119	5.9000e-02	4.7549	-20.771093	0.000447	4.471011	1.514820	0.036409
 120	5.9500e-02	4.8047	-20.552642	0.000537	5.365214	1.817784	0.043690
 121	6.0000e-02	4.8448	-20.443416	0.000268	2.682607	0.908892	0.021845
 122	6.0500e-02	4.8753	-20.115739	0.000805	8.047820	2.726675	0.065535
 123	6.1000e-02	4.9170	-20.006513	0.000268	2.682607	0.908892	0.021845
 124	6.1500e-02	4.9491	-19.606019	0.000984	9.836225	3.332603	0.080099
 125	6.2000e-02	5.0052	-19.387567	0.000537	5.365214	1.817784	0.043690
 126	6.2500e-02	5.0341	-19.205524	0.000447	4.471011	1.514820	0.036409
 127	6.3000e-02	5.0694	-18.695804	0.001252	12.518832	4.241495	0.101944
 128	6.3500e-02	5.1432	-18.950664	-0.000626	-6.259416	-2.120747	-0.050972
 129	6.4000e-02	5.1592	-18.440944	0.001252	12.518832	4.241495	0.101944
 130	6.4500e-02	5.2105	-18.295310	0.000358	3.576809	1.211856	0.029127
 131	6.5000e-02	5.2314	-17.785590	0.001252	12.518832	4.241495	0.101944
 132	6.5500e-02	5.2811	-18.331719	-0.001341	-13.413034	-4.544459	-0.109226
 133	6.6000e-02	5.3261	-17.530730	0.001967	19.672450	6.665206	0.160198
 134	6.6500e-02	5.3565	-17.567138	-0.000089	-0.894202	-0.302964	-0.007282
 135	6.7000e-02	5.4047	-17.203053	0.000894	8.942023	3.029639	0.072817
 136	6.7500e-02	5.4576	-17.021010	0.000447	4.471011	1.514820	0.036409
 137	6.8000e-02	5.4865	-16.766150	0.000626	6.259416	2.120747	0.050972
 138	6.8500e-02	5.4881	-16.292838	0.001162	11.624629	3.938531	0.094662
 139	6.9000e-02	5.5378	-16.838967	-0.001341	-13.413034	-4.544459	-0.109226
 140	6.9500e-02	5.5924	-15.637484	0.002951	29.508675	9.997810	0.240297
 141	7.0000e-02	5.6485	-15.928752	-0.000715	-7.153618	-2.423711	-0.058254
 142	7.0500e-02	5.6662	-15.601075	0.000805	8.047820	2.726675	0.065535
 143	7.1000e-02	5.7223	-15.419032	0.000447	4.471011	1.514820	0.036409
 144	7.1500e-02	5.7865	-15.346215	0.000179	1.788405	0.605928	0.014563
 145	7.2000e-02	5.7977	-15.127764	0.000537	5.365214	1.817784	0.043690
 146	7.2500e-02	5.8554	-14.872904	0.000626	6.259416	2.120747	0.050972
 147	7.3000e-02	5.9325	-14.363184	0.001252	12.518832	4.241495	0.101944
 148	7.3500e-02	5.9148	-14.436001	0.000179	1.788405	0.605928	-0.014563
 149	7.4000e-02	5.9677	-14.181141	0.000626	6.259416	2.120747	0.050972
 150	7.4500e-02	6.0287	-13.817055	0.000894	8.942023	3.029639	0.072817
 151	7.5000e-02	6.0480	-13.817055	0.000000	0.000000	0.000000	0.000000
 152	7.5500e-02	6.0688	-13.817055	0.000000	0.000000	0.000000	0.000000
 153	7.6000e-02	6.0993	-13.489378	0.000805	8.047820	2.726675	0.065535
 154	7.6500e-02	6.1586	-13.052475	0.001073	10.730427	3.635567	0.087381
 155	7.7000e-02	6.1795	-12.761206	0.000715	7.153618	2.423711	0.058254
 156	7.7500e-02	6.2437	-12.579163	0.000447	4.471011	1.514820	0.036409
 157	7.8000e-02	6.2998	-12.433529	0.000358	3.576809	1.211856	0.029127
 158	7.8500e-02	6.3062	-12.251486	0.000447	4.471011	1.514820	0.036409
 159	7.9000e-02	6.3672	-11.741766	0.001252	12.518832	4.241495	0.101944
 160	7.9500e-02	6.4233	-11.741766	0.000000	0.000000	0.000000	0.000000
 161	8.0000e-02	6.4217	-11.778175	0.000089	0.894202	0.302964	-0.007282
 162	8.0500e-02	6.4795	-11.596132	0.000447	4.471011	1.514820	0.036409
 163	8.1000e-02	6.4971	-11.159229	0.001073	10.730427	3.635567	0.087381
 164	8.1500e-02	6.5645	-10.904369	0.000626	6.259416	2.120747	0.050972
 165	8.2000e-02	6.6223	-10.867960	0.000089	0.894202	0.302964	0.007282
 166	8.2500e-02	6.6511	-10.613100	0.000626	6.259416	2.120747	0.050972
 167	8.3000e-02	6.6800	-10.249014	0.000894	8.942023	3.029639	0.072817
 168	8.3500e-02	6.7057	-10.103380	0.000358	3.576809	1.211856	0.029127
 169	8.4000e-02	6.7522	-9.957746	0.000358	3.576809	1.211856	0.029127
 170	8.4500e-02	6.8003	-9.520843	0.001073	10.730427	3.635567	0.087381
 171	8.5000e-02	6.8453	-9.775703	-0.000626	-6.259416	-2.120747	-0.050972
 172	8.5500e-02	6.8597	-9.156757	0.001520	15.201438	5.150387	0.123789
 173	8.6000e-02	6.8966	-9.120349	0.000089	0.894202	0.302964	0.007282
 174	8.6500e-02	6.9608	-9.083940	0.000089	0.894202	0.302964	0.007282
 175	8.7000e-02	7.0137	-8.756263	0.000805	8.047820	2.726675	0.065535
 176	8.7500e-02	7.0265	-8.464994	0.000715	7.153618	2.423711	0.058254
 177	8.8000e-02	7.0923	-8.428586	0.000089	0.894202	0.302964	0.007282
 178	8.8500e-02	7.1035	-8.137317	0.000715	7.153618	2.423711	0.058254
 179	8.9000e-02	7.1404	-7.773231	0.000894	8.942023	3.029639	0.072817
 180	8.9500e-02	7.1805	-7.700414	0.000179	1.788405	0.605928	0.014563
 181	9.0000e-02	7.2383	-7.336328	0.000894	8.942023	3.029639	0.072817
 182	9.0500e-02	7.2736	-7.518371	-0.000447	-4.471011	-1.514820	-0.036409
 183	9.1000e-02	7.3025	-7.045060	0.001162	11.624629	3.938531	0.094662
 184	9.1500e-02	7.3875	-6.826608	0.000537	5.365214	1.817784	0.043690
 185	9.2000e-02	7.3939	-6.935834	-0.000268	-2.682607	-0.908892	-0.021845
 186	9.2500e-02	7.4581	-6.608157	0.000805	8.047820	2.726675	0.065535
 187	9.3000e-02	7.4773	-6.171254	0.001073	10.730427	3.635567	0.087381
 188	9.3500e-02	7.5190	-6.244071	-0.000179	-1.788405	-0.605928	-0.014563
 189	9.4000e-02	7.5495	-5.989211	0.000626	6.259416	2.120747	0.050972
 190	9.4500e-02	7.6057	-5.697942	0.000715	7.153618	2.423711	0.058254
 191	9.5000e-02	7.6233	-5.443082	0.000626	6.259416	2.120747	0.050972
 192	9.5500e-02	7.6923	-5.370265	0.000179	1.788405	0.605928	0.014563
 193	9.6000e-02	7.6987	-5.078996	0.000715	7.153618	2.423711	0.058254
 194	9.6500e-02	7.7340	-4.896954	0.000447	4.471011	1.514820	0.036409
 195	9.7000e-02	7.8271	-4.642094	0.000626	6.259416	2.120747	0.050972
 196	9.7500e-02	7.8527	-4.387234	0.000626	6.259416	2.120747	0.050972
 197	9.8000e-02	7.8816	-4.423642	-0.000089	-0.894202	-0.302964	-0.007282
 198	9.8500e-02	7.9185	-4.059556	0.000894	8.942023	3.029639	0.072817
 199	9.9000e-02	7.9698	-3.841105	0.000537	5.365214	1.817784	0.043690
 200	9.9500e-02	8.0292	-3.877513	-0.000089	-0.894202	-0.302964	-0.007282
 201	1.0000e-01	8.0147	-3.477019	-0.000984	-9.836225	-3.332603	0.080099
 202	1.0050e-01	8.0693	-3.331385	0.000358	3.576809	1.211856	0.029127
 203	1.0100e-01	8.1174	-3.367793	-0.000089	-0.894202	-0.302964	-0.007282
 204	1.0150e-01	8.1399	-2.712439	0.001610	16.095641	5.453351	0.131071
 205	1.0200e-01	8.2040	-2.566805	0.000358	3.576809	1.211856	0.029127
 206	1.0250e-01	8.2393	-2.603213	-0.000089	-0.894202	-0.302964	-0.007282
 207	1.0300e-01	8.2778	-2.421170	0.000447	4.471011	1.514820	0.036409
 208	1.0350e-01	8.3404	-2.020676	0.000984	9.836225	3.332603	0.080099
 209	1.0400e-01	8.3693	-2.093493	-0.000179	-1.788405	-0.605928	-0.014563
 210	1.0450e-01	8.3933	-1.729407	0.000894	8.942023	3.029639	0.072817
 211	1.0500e-01	8.4543	-1.583773	0.000358	3.576809	1.211856	0.029127
 212	1.0550e-01	8.4896	-1.256096	0.000805	8.047820	2.726675	0.065535
 213	1.0600e-01	8.5297	-0.964827	0.000715	7.153618	2.423711	0.058254
 214	1.0650e-01	8.5682	-1.110462	-0.000358	-3.576809	-1.211856	-0.029127
 215	1.0700e-01	8.5955	-0.746376	0.000894	8.942023	3.029639	0.072817
 216	1.0750e-01	8.6404	-0.855602	-0.000268	-2.682607	-0.908892	-0.021845
 217	1.0800e-01	8.6805	-0.273064	0.001431	14.307236	4.847423	0.116507
 218	1.0850e-01	8.7014	0.018204	0.000715	7.153618	2.423711	0.058254
 219	1.0900e-01	8.7543	-0.018204	-0.000089	-0.894202	-0.302964	-0.007282
 220	1.0950e-01	8.8153	0.054613	0.000179	1.788405	0.605928	0.014563
 221	1.1000e-01	8.8522	0.163839	0.000268	2.682607	0.908892	0.021845
 222	1.1050e-01	8.8746	0.746376	0.001431	14.307236	4.847423	0.116507
 223	1.1100e-01	8.9115	0.673559	-0.000179	-1.788405	-0.605928	-0.014563
 224	1.1150e-01	8.9709	0.600742	-0.000179	-1.788405	-0.605928	-0.014563
 225	1.1200e-01	8.9805	1.219687	0.001520	15.201438	5.150387	0.123789
 226	1.1250e-01	9.0767	1.256096	0.000089	0.894202	0.302964	0.007282
 227	1.1300e-01	9.0703	1.510956	-0.000626	-6.259416	-2.120747	0.050972
 228	1.1350e-01	9.1313	1.438139	-0.000179	-1.788405	-0.605928	-0.014563
 229	1.1400e-01	9.1698	1.947859	0.001252	12.518832	4.241495	0.101944
 230	1.1450e-01	9.2115	1.875042	-0.000179	-1.788405	-0.605928	-0.014563
 231	1.1500e-01	9.2628	2.166310	0.000715	7.153618	2.423711	0.058254
 232	1.1550e-01	9.2949	2.566805	0.000984	9.836225	3.332603	0.080099
 233	1.1600e-01	9.2901	2.384762	0.000447	4.471011	1.514820	-0.036409
 234	1.1650e-01	9.3623	2.712439	0.000805	8.047820	2.726675	0.065535
 235	1.1700e-01	9.3783	3.040116	0.000805	8.047820	2.726675	0.065535
 236	1.1750e-01	9.4457	3.149342	0.000268	2.682607	0.908892	0.021845
 237	1.1800e-01	9.4666	3.258568	0.000268	2.682607	0.908892	0.021845
 238	1.1850e-01	9.5115	3.695471	0.001073	10.730427	3.635567	0.087381
 239	1.1900e-01	9.5420	3.622653	-0.000179	-1.788405	-0.605928	-0.014563
 240	1.1950e-01	9.5981	4.132373	0.001252	12.518832	4.241495	0.101944
 241	1.2000e-01	9.6302	4.059556	-0.000179	-1.788405	-0.605928	-0.014563
 242	1.2050e-01	9.6944	4.423642	0.000894	8.942023	3.029639	0.072817
 243	1.2100e-01	9.7602	4.168782	-0.000626	-6.259416	-2.120747	-0.050972
 244	1.2150e-01	9.7297	5.188222	-0.002504	-25.037663	-8.482990	0.203888
 245	1.2200e-01	9.8003	4.532868	-0.001610	-16.095641	-5.453351	-0.131071
 246	1.2250e-01	9.8163	5.297448	0.001878	18.778248	6.362242	0.152916
 247	1.2300e-01	9.8789	5.006179	-0.000715	-7.153618	-2.423711	-0.058254
 248	1.2350e-01	9.9270	5.697942	0.001699	16.989843	5.756315	0.138353
 249	1.2400e-01	9.9799	5.297448	-0.000984	-9.836225	-3.332603	-0.080099
 250	1.2450e-01	9.9912	5.916394	0.001520	15.201438	5.150387	0.123789
 251	1.2500e-01	10.0361	5.588717	-0.000805	-8.047820	-2.726675	-0.065535
 252	1.2550e-01	10.0762	6.571748	0.002414	24.143461	8.180026	0.196606
 253	1.2600e-01	10.1179	6.644565	0.000179	1.788405	0.605928	0.014563
 254	1.2650e-01	10.1564	6.316888	-0.000805	-8.047820	-2.726675	-0.065535
 255	1.2700e-01	10.2013	6.535340	0.000537	5.365214	1.817784	0.043690
 256	1.2750e-01	10.2174	6.680974	0.000358	3.576809	1.211856	0.029127
 257	1.2800e-01	10.2655	7.227103	0.001341	13.413034	4.544459	0.109226
 258	1.2850e-01	10.3200	7.117877	-0.000268	-2.682607	-0.908892	-0.021845
 259	1.2900e-01	10.3441	7.336328	0.000537	5.365214	1.817784	0.043690
 260	1.2950e-01	10.3762	7.846048	0.001252	12.518832	4.241495	0.101944
 261	1.3000e-01	10.4371	7.700414	-0.000358	-3.576809	-1.211856	-0.029127
 262	1.3050e-01	10.4516	7.846048	0.000358	3.576809	1.211856	0.029127
 263	1.3100e-01	10.5190	7.809640	-0.000089	-0.894202	-0.302964	-0.007282
 264	1.3150e-01	10.5719	8.355768	0.001341	13.413034	4.544459	0.109226
 265	1.3200e-01	10.5847	8.428586	0.000179	1.788405	0.605928	0.014563
 266	1.3250e-01	10.6473	8.756263	0.000805	8.047820	2.726675	0.065535
 267	1.3300e-01	10.6890	9.047531	0.000715	7.153618	2.423711	0.058254
 268	1.3350e-01	10.7532	9.229574	0.000447	4.471011	1.514820	0.036409
 269	1.3400e-01	10.7596	9.302391	0.000179	1.788405	0.605928	0.014563
 270	1.3450e-01	10.7885	9.120349	-0.000447	-4.471011	-1.514820	-0.036409
 271	1.3500e-01	10.8751	9.593660	0.001162	11.624629	3.938531	0.094662
 272	1.3550e-01	10.8703	9.593660	-0.000000	-0.000000	-0.000000	0.000000
 273	1.3600e-01	10.9104	10.176197	0.001431	14.307236	4.847423	0.116507
 274	1.3650e-01	10.9569	10.066972	-0.000268	-2.682607	-0.908892	-0.021845
 275	1.3700e-01	11.0098	10.394649	0.000805	8.047820	2.726675	0.065535
 276	1.3750e-01	11.0435	10.576692	0.000447	4.471011	1.514820	0.036409
 277	1.3800e-01	11.0852	10.685917	0.000268	2.682607	0.908892	0.021845
 278	1.3850e-01	11.1157	10.795143	0.000268	2.682607	0.908892	0.021845
 279	1.3900e-01	11.1558	11.195637	0.000984	9.836225	3.332603	0.080099
 280	1.3950e-01	11.2072	11.195637	0.000000	0.000000	0.000000	0.000000
 281	1.4000e-01	11.2409	11.559723	0.000894	8.942023	3.029639	0.072817
 282	1.4050e-01	11.2826	11.377680	-0.000447	-4.471011	-1.514820	-0.036409
 283	1.4100e-01	11.3195	11.923809	0.001341	13.413034	4.544459	0.109226
 284	1.4150e-01	11.3628	11.887400	-0.000089	-0.894202	-0.302964	-0.007282
 285	1.4200e-01	11.4157	11.996626	0.000268	2.682607	0.908892	0.021845
 286	1.4250e-01	11.4430	12.215078	0.000537	5.365214	1.817784	0.043690
 287	1.4300e-01	11.4655	12.251486	0.000089	0.894202	0.302964	0.007282
 288	1.4350e-01	11.5473	12.579163	0.000805	8.047820	2.726675	0.065535
 289	1.4400e-01	11.5649	12.870432	0.000715	7.153618	2.423711	0.058254
 290	1.4450e-01	11.5986	12.870432	0.000000	0.000000	0.000000	0.000000
 291	1.4500e-01	11.6435	13.125292	0.000626	6.259416	2.120747	0.050972
 292	1.4550e-01	11.6676	13.416561	0.000715	7.153618	2.423711	0.058254
 293	1.4600e-01	11.7237	13.817055	0.000984	9.836225	3.332603	0.080099
 294	1.4650e-01	11.7590	13.707829	-0.000268	-2.682607	-0.908892	-0.021845
 295	1.4700e-01	11.8023	13.853464	0.000358	3.576809	1.211856	0.029127
 296	1.4750e-01	11.8761	13.817055	-0.000089	-0.894202	-0.302964	-0.007282
 297	1.4800e-01	11.8793	14.181141	0.000894	8.942023	3.029639	0.072817
 298	1.4850e-01	11.9098	14.181141	0.000000	0.000000	0.000000	0.000000
 299	1.4900e-01	11.9243	14.654452	0.001162	11.624629	3.938531	0.094662
 300	1.4950e-01	11.9740	14.836495	0.000447	4.471011	1.514820	0.036409
 301	1.5000e-01	12.0366	14.654452	-0.000447	-4.471011	-1.514820	-0.036409
 302	1.5050e-01	12.0943	14.800087	0.000358	3.576809	1.211856	0.029127
 303	1.5100e-01	12.1216	15.164172	0.000894	8.942023	3.029639	0.072817
 304	1.5150e-01	12.1665	15.419032	0.000626	6.259416	2.120747	0.050972
 305	1.5200e-01	12.2066	15.746710	0.000805	8.047820	2.726675	0.065535
 306	1.5250e-01	12.2499	15.528258	-0.000537	-5.365214	-1.817784	-0.043690
 307	1.5300e-01	12.2756	15.746710	0.000537	5.365214	1.817784	0.043690
 308	1.5350e-01	12.3253	15.965161	0.000537	5.365214	1.817784	0.043690
 309	1.5400e-01	12.3317	16.110795	0.000358	3.576809	1.211856	0.029127
 310	1.5450e-01	12.3815	16.402064	0.000715	7.153618	2.423711	0.058254
 311	1.5500e-01	12.4505	16.584107	0.000447	4.471011	1.514820	0.036409
 312	1.5550e-01	12.4777	16.656924	0.000179	1.788405	0.605928	0.014563
 313	1.5600e-01	12.5098	16.838967	0.000447	4.471011	1.514820	0.036409
 314	1.5650e-01	12.5611	16.875375	0.000089	0.894202	0.302964	0.007282
 315	1.5700e-01	12.6029	16.948193	0.000179	1.788405	0.605928	0.014563
 316	1.5750e-01	12.6349	17.385096	0.001073	10.730427	3.635567	0.087381
 317	1.5800e-01	12.6734	17.530730	0.000358	3.576809	1.211856	0.029127
 318	1.5850e-01	12.7232	17.567138	0.000089	0.894202	0.302964	0.007282
 319	1.5900e-01	12.7713	17.712773	0.000358	3.576809	1.211856	0.029127
 320	1.5950e-01	12.8002	18.149676	0.001073	10.730427	3.635567	0.087381
 321	1.6000e-01	12.8499	18.222493	0.000179	1.788405	0.605928	0.014563
 322	1.6050e-01	12.8692	18.331719	0.000268	2.682607	0.908892	0.021845
 323	1.6100e-01	12.8964	18.622987	0.000715	7.153618	2.423711	0.058254
 324	1.6150e-01	12.9301	18.768621	0.000358	3.576809	1.211856	0.029127
 325	1.6200e-01	13.0087	18.695804	-0.000179	-1.788405	-0.605928	-0.014563
 326	1.6250e-01	13.0312	19.132707	0.001073	10.730427	3.635567	0.087381
 327	1.6300e-01	13.0761	19.351159	0.000537	5.365214	1.817784	0.043690
 328	1.6350e-01	13.0937	19.460384	0.000268	2.682607	0.908892	0.021845
 329	1.6400e-01	13.1740	19.533202	0.000179	1.788405	0.605928	0.014563
 330	1.6450e-01	13.1836	19.970104	0.001073	10.730427	3.635567	0.087381
 331	1.6500e-01	13.2157	19.642427	-0.000805	-8.047820	-2.726675	-0.065535
 332	1.6550e-01	13.2574	20.188556	0.001341	13.413034	4.544459	0.109226
 333	1.6600e-01	13.3199	20.079330	-0.000268	-2.682607	-0.908892	-0.021845
 334	1.6650e-01	13.3296	20.407007	0.000805	8.047820	2.726675	0.065535
 335	1.6700e-01	13.3777	20.771093	0.000894	8.942023	3.029639	0.072817
 336	1.6750e-01	13.4210	20.552642	-0.000537	-5.365214	-1.817784	-0.043690
 337	1.6800e-01	13.4804	21.135179	0.001431	14.307236	4.847423	0.116507
 338	1.6850e-01	13.5076	20.953136	-0.000447	-4.471011	-1.514820	-0.036409
 339	1.6900e-01	13.5510	21.135179	0.000447	4.471011	1.514820	0.036409
 340	1.6950e-01	13.5879	21.462856	0.000805	8.047820	2.726675	0.065535
 341	1.7000e-01	13.6520	21.608490	0.000358	3.576809	1.211856	0.029127
 342	1.7050e-01	13.6681	21.171588	-0.001073	-10.730427	-3.635567	-0.087381
 343	1.7100e-01	13.7306	22.191028	0.002504	25.037663	8.482990	0.203888
 344	1.7150e-01	13.7707	21.863350	-0.000805	-8.047820	-2.726675	-0.065535
 345	1.7200e-01	13.7900	22.154619	0.000715	7.153618	2.423711	0.058254
 346	1.7250e-01	13.8429	22.627931	0.001162	11.624629	3.938531	0.094662
 347	1.7300e-01	13.8638	22.627931	0.000000	0.000000	0.000000	0.000000
 348	1.7350e-01	13.9151	22.409479	-0.000537	-5.365214	-1.817784	-0.043690
 349	1.7400e-01	13.9472	22.737156	0.000805	8.047820	2.726675	0.065535
 350	1.7450e-01	14.0017	22.664339	-0.000179	-1.788405	-0.605928	-0.014563
 351	1.7500e-01	14.0451	22.773565	0.000268	2.682607	0.908892	0.021845
 352	1.7550e-01	14.0451	22.992016	-0.000537	-5.365214	-1.817784	0.043690
 353	1.7600e-01	14.1108	23.465328	0.001162	11.624629	3.938531	0.094662
 354	1.7650e-01	14.1558	23.538145	0.000179	1.788405	0.605928	0.014563
 355	1.7700e-01	14.2039	24.302725	0.001878	18.778248	6.362242	0.152916
 356	1.7750e-01	14.2440	23.865822	-0.001073	-10.730427	-3.635567	-0.087381
 357	1.7800e-01	14.2713	24.302725	0.001073	10.730427	3.635567	0.087381
 358	1.7850e-01	14.3274	24.193499	-0.000268	-2.682607	-0.908892	-0.021845
 359	1.7900e-01	14.3611	24.157091	-0.000089	-0.894202	-0.302964	-0.007282
 360	1.7950e-01	14.4028	24.739628	0.001431	14.307236	4.847423	0.116507
 361	1.8000e-01	14.4253	25.140122	0.000984	9.836225	3.332603	0.080099
 362	1.8050e-01	14.4718	24.521177	-0.001520	-15.201438	-5.150387	-0.123789
 363	1.8100e-01	14.5071	24.739628	0.000537	5.365214	1.817784	0.043690
 364	1.8150e-01	14.5408	25.504208	0.001878	18.778248	6.362242	0.152916
 365	1.8200e-01	14.5745	25.394982	-0.000268	-2.682607	-0.908892	-0.021845
 366	1.8250e-01	14.6450	25.394982	0.000000	0.000000	0.000000	0.000000
 367	1.8300e-01	14.6643	25.759068	0.000894	8.942023	3.029639	0.072817
 368	1.8350e-01	14.7236	25.649842	-0.000268	-2.682607	-0.908892	-0.021845
 369	1.8400e-01	14.7638	25.977520	0.000805	8.047820	2.726675	0.065535
 370	1.8450e-01	14.8071	26.305197	0.000805	8.047820	2.726675	0.065535
 371	1.8500e-01	14.8167	26.414423	0.000268	2.682607	0.908892	0.021845
 372	1.8550e-01	14.8712	26.414423	0.000000	0.000000	0.000000	0.000000
 373	1.8600e-01	14.9049	26.523648	0.000268	2.682607	0.908892	0.021845
 374	1.8650e-01	14.9450	26.669283	0.000358	3.576809	1.211856	0.029127
 375	1.8700e-01	14.9932	26.742100	0.000179	1.788405	0.605928	0.014563
 376	1.8750e-01	15.0413	27.324637	0.001431	14.307236	4.847423	0.116507
 377	1.8800e-01	15.0830	27.215411	-0.000268	-2.682607	-0.908892	-0.021845
 378	1.8850e-01	15.1167	27.506680	0.000715	7.153618	2.423711	0.058254
 379	1.8900e-01	15.1696	27.397454	-0.000268	-2.682607	-0.908892	-0.021845
 380	1.8950e-01	15.1776	27.652314	0.000626	6.259416	2.120747	0.050972
 381	1.9000e-01	15.2338	27.834357	0.000447	4.471011	1.514820	0.036409
 382	1.9050e-01	15.2595	27.943583	0.000268	2.682607	0.908892	0.021845
 383	1.9100e-01	15.3172	28.307669	0.000894	8.942023	3.029639	0.072817
 384	1.9150e-01	15.3653	28.380486	0.000179	1.788405	0.605928	0.014563
 385	1.9200e-01	15.3846	28.671754	0.000715	7.153618	2.423711	0.058254
 386	1.9250e-01	15.4439	28.708163	0.000089	0.894202	0.302964	0.007282
 387	1.9300e-01	15.4776	28.780980	0.000179	1.788405	0.605928	0.014563
 388	1.9350e-01	15.5354	28.963023	0.000447	4.471011	1.514820	0.036409
 389	1.9400e-01	15.5370	29.436334	0.001162	11.624629	3.938531	0.094662
 390	1.9450e-01	15.5947	29.254292	-0.000447	-4.471011	-1.514820	-0.036409
 391	1.9500e-01	15.6300	29.436334	0.000447	4.471011	1.514820	0.036409
 392	1.9550e-01	15.6942	29.545560	0.000268	2.682607	0.908892	0.021845
 393	1.9600e-01	15.7006	29.909646	0.000894	8.942023	3.029639	0.072817
 394	1.9650e-01	15.7359	30.200915	0.000715	7.153618	2.423711	0.058254
 395	1.9700e-01	15.7985	30.237323	0.000089	0.894202	0.302964	0.007282
 396	1.9750e-01	15.8530	30.455775	0.000537	5.365214	1.817784	0.043690
 397	1.9800e-01	15.8578	30.819860	0.000894	8.942023	3.029639	0.072817
 398	1.9850e-01	15.9124	30.601409	-0.000537	-5.365214	-1.817784	-0.043690
 399	1.9900e-01	15.9573	30.637818	0.000089	0.894202	0.302964	0.007282
 400	1.9950e-01	15.9862	30.965495	0.000805	8.047820	2.726675	0.065535
 401	2.0000e-01	16.0247	30.929086	-0.000089	-0.894202	-0.302964	-0.007282
 402	2.0050e-01	16.0712	31.438806	0.001252	12.518832	4.241495	0.101944
 403	2.0100e-01	16.1225	31.220355	-0.000537	-5.365214	-1.817784	-0.043690
 404	2.0150e-01	16.1306	31.620849	0.000984	9.836225	3.332603	0.080099
 405	2.0200e-01	16.1835	31.875709	0.000626	6.259416	2.120747	0.050972
 406	2.0250e-01	16.2541	32.130569	0.000626	6.259416	2.120747	0.050972
 407	2.0300e-01	16.2573	31.620849	-0.001252	-12.518832	-4.241495	-0.101944
 408	2.0350e-01	16.3006	32.349021	0.001788	17.884045	6.059279	0.145634
 409	2.0400e-01	16.3519	32.385429	0.000089	0.894202	0.302964	0.007282
 410	2.0450e-01	16.3840	32.676698	0.000715	7.153618	2.423711	0.058254
 411	2.0500e-01	16.4257	32.749515	0.000179	1.788405	0.605928	0.014563
 412	2.0550e-01	16.4755	33.259235	0.001252	12.518832	4.241495	0.101944
 413	2.0600e-01	16.5108	32.895149	-0.000894	-8.942023	-3.029639	-0.072817
 414	2.0650e-01	16.5396	33.222826	0.000805	8.047820	2.726675	0.065535
 415	2.0700e-01	16.6054	33.404869	0.000447	4.471011	1.514820	0.036409
 416	2.0750e-01	16.6166	33.332052	-0.000179	-1.788405	-0.605928	-0.014563
 417	2.0800e-01	16.6760	33.841772	0.001252	12.518832	4.241495	0.101944
 418	2.0850e-01	16.7145	33.987407	0.000358	3.576809	1.211856	0.029127
 419	2.0900e-01	16.7787	33.768955	-0.000537	-5.365214	-1.817784	-0.043690
 420	2.0950e-01	16.8268	34.460718	0.001699	16.989843	5.756315	0.138353
 421	2.1000e-01	16.8268	34.315084	0.000358	3.576809	1.211856	-0.029127
 422	2.1050e-01	16.8846	34.387901	0.000179	1.788405	0.605928	0.014563
 423	2.1100e-01	16.9214	34.897621	0.001252	12.518832	4.241495	0.101944
 424	2.1150e-01	16.9295	35.116072	0.000537	5.365214	1.817784	0.043690
 425	2.1200e-01	16.9936	35.006847	-0.000268	-2.682607	-0.908892	-0.021845
 426	2.1250e-01	17.0498	35.298115	0.000715	7.153618	2.423711	0.058254
 427	2.1300e-01	17.0530	35.662201	0.000894	8.942023	3.029639	0.072817
 428	2.1350e-01	17.1236	35.152481	-0.001252	-12.518832	-4.241495	-0.101944
 429	2.1400e-01	17.1460	35.771427	0.001520	15.201438	5.150387	0.123789
 430	2.1450e-01	17.1845	36.208330	0.001073	10.730427	3.635567	0.087381
 431	2.1500e-01	17.2407	35.807835	-0.000984	-9.836225	-3.332603	-0.080099
 432	2.1550e-01	17.2840	36.390373	0.001431	14.307236	4.847423	0.116507
 433	2.1600e-01	17.3161	36.572416	0.000447	4.471011	1.514820	0.036409
 434	2.1650e-01	17.3530	36.536007	-0.000089	-0.894202	-0.302964	-0.007282
 435	2.1700e-01	17.3867	36.608824	0.000179	1.788405	0.605928	0.014563
 436	2.1750e-01	17.3995	36.790867	0.000447	4.471011	1.514820	0.036409
 437	2.1800e-01	17.4524	37.009318	0.000537	5.365214	1.817784	0.043690
 438	2.1850e-01	17.5214	36.972910	-0.000089	-0.894202	-0.302964	-0.007282
 439	2.1900e-01	17.5647	37.482630	0.001252	12.518832	4.241495	0.101944
 440	2.1950e-01	17.5792	37.191361	-0.000715	-7.153618	-2.423711	-0.058254
 441	2.2000e-01	17.6417	38.137984	0.002325	23.249259	7.877062	0.189325
 442	2.2050e-01	17.6674	37.664673	-0.001162	-11.624629	-3.938531	-0.094662
 443	2.2100e-01	17.7155	38.101576	0.001073	10.730427	3.635567	0.087381
 444	2.2150e-01	17.7669	38.065167	-0.000089	-0.894202	-0.302964	-0.007282
 445	2.2200e-01	17.7781	38.538479	0.001162	11.624629	3.938531	0.094662
 446	2.2250e-01	17.8391	38.356436	-0.000447	-4.471011	-1.514820	-0.036409
 447	2.2300e-01	17.8631	38.647704	0.000715	7.153618	2.423711	0.058254
 448	2.2350e-01	17.9129	38.684113	0.000089	0.894202	0.302964	0.007282
 449	2.2400e-01	17.9674	39.230242	0.001341	13.413034	4.544459	0.109226
 450	2.2450e-01	17.9770	39.303059	0.000179	1.788405	0.605928	0.014563
 451	2.2500e-01	18.0348	39.121016	-0.000447	-4.471011	-1.514820	-0.036409
 452	2.2550e-01	18.0925	39.521510	0.000984	9.836225	3.332603	0.080099
 453	2.2600e-01	18.1150	39.885596	0.000894	8.942023	3.029639	0.072817
 454	2.2650e-01	18.1567	39.703553	-0.000447	-4.471011	-1.514820	-0.036409
 455	2.2700e-01	18.2096	39.958413	0.000626	6.259416	2.120747	0.050972
 456	2.2750e-01	18.2289	40.031230	0.000179	1.788405	0.605928	0.014563
 457	2.2800e-01	18.2594	40.322499	0.000715	7.153618	2.423711	0.058254
 458	2.2850e-01	18.3155	40.722993	0.000984	9.836225	3.332603	0.080099
 459	2.2900e-01	18.3813	40.722993	0.000000	0.000000	0.000000	0.000000
 460	2.2950e-01	18.4070	40.832219	0.000268	2.682607	0.908892	0.021845
 461	2.3000e-01	18.4134	40.868628	0.000089	0.894202	0.302964	0.007282
 462	2.3050e-01	18.4551	41.087079	0.000537	5.365214	1.817784	0.043690
 463	2.3100e-01	18.5145	41.560391	0.001162	11.624629	3.938531	0.094662
 464	2.3150e-01	18.5626	41.232713	-0.000805	-8.047820	-2.726675	-0.065535
 465	2.3200e-01	18.5963	41.815251	0.001431	14.307236	4.847423	0.116507
 466	2.3250e-01	18.6284	41.851659	0.000089	0.894202	0.302964	0.007282
 467	2.3300e-01	18.6813	41.960885	0.000268	2.682607	0.908892	0.021845
 468	2.3350e-01	18.7423	42.288562	0.000805	8.047820	2.726675	0.065535
 469	2.3400e-01	18.7439	42.252154	-0.000089	-0.894202	-0.302964	-0.007282
 470	2.3450e-01	18.8032	42.798282	0.001341	13.413034	4.544459	0.109226
 471	2.3500e-01	18.8257	42.397788	-0.000984	-9.836225	-3.332603	-0.080099
 472	2.3550e-01	18.8930	43.198777	0.001967	19.672450	6.665206	0.160198
 473	2.3600e-01	18.8995	43.016734	-0.000447	-4.471011	-1.514820	-0.036409
 474	2.3650e-01	18.9604	43.380819	0.000894	8.942023	3.029639	0.072817
 475	2.3700e-01	18.9861	43.380819	0.000000	0.000000	0.000000	0.000000
 476	2.3750e-01	19.0374	43.635679	0.000626	6.259416	2.120747	0.050972
 477	2.3800e-01	19.0711	44.072582	0.001073	10.730427	3.635567	0.087381
 478	2.3850e-01	19.1176	44.145400	0.000179	1.788405	0.605928	0.014563
 479	2.3900e-01	19.1770	44.181808	0.000089	0.894202	0.302964	0.007282
 480	2.3950e-01	19.1930	44.473077	0.000715	7.153618	2.423711	0.058254
 481	2.4000e-01	19.2315	44.582302	0.000268	2.682607	0.908892	0.021845
 482	2.4050e-01	19.2716	44.618711	0.000089	0.894202	0.302964	0.007282
 483	2.4100e-01	19.3085	45.019205	0.000984	9.836225	3.332603	0.080099
 484	2.4150e-01	19.3487	45.274065	0.000626	6.259416	2.120747	0.050972
 485	2.4200e-01	19.3904	45.092023	-0.000447	-4.471011	-1.514820	-0.036409
 486	2.4250e-01	19.4016	45.456108	0.000894	8.942023	3.029639	0.072817
 487	2.4300e-01	19.4545	45.856603	0.000984	9.836225	3.332603	0.080099
 488	2.4350e-01	19.5139	45.601743	-0.000626	-6.259416	-2.120747	-0.050972
 489	2.4400e-01	19.5588	46.147871	0.001341	13.413034	4.544459	0.109226
 490	2.4450e-01	19.6069	46.220688	0.000179	1.788405	0.605928	0.014563
 491	2.4500e-01	19.6198	46.402731	0.000447	4.471011	1.514820	0.036409
 492	2.4550e-01	19.6823	46.366323	-0.000089	-0.894202	-0.302964	-0.007282
 493	2.4600e-01	19.7224	46.730409	0.000894	8.942023	3.029639	0.072817
 494	2.4650e-01	19.7722	46.948860	0.000537	5.365214	1.817784	0.043690
 495	2.4700e-01	19.8187	47.240129	0.000715	7.153618	2.423711	0.058254
 496	2.4750e-01	19.8267	47.494989	0.000626	6.259416	2.120747	0.050972
 497	2.4800e-01	19.8780	47.276537	-0.000537	-5.365214	-1.817784	-0.043690
 498	2.4850e-01	19.9053	47.494989	0.000537	5.365214	1.817784	0.043690
 499	2.4900e-01	19.9422	47.822666	0.000805	8.047820	2.726675	0.065535
 500	2.4950e-01	19.9791	47.749849	-0.000179	-1.788405	-0.605928	-0.014563
 501	2.5000e-01	20.0305	48.004709	0.000626	6.259416	2.120747	0.050972
 502	2.5050e-01	19.9919	48.332386	-0.000805	-8.047820	-2.726675	0.065535
 503	2.5100e-01	19.9358	48.478020	-0.000358	-3.576809	-1.211856	0.029127
 504	2.5150e-01	19.8989	48.150343	0.000805	8.047820	2.726675	-0.065535
 505	2.5200e-01	19.8524	48.405203	-0.000626	-6.259416	-2.120747	0.050972
 506	2.5250e-01	19.8075	48.405203	-0.000000	-0.000000	-0.000000	0.000000
 507	2.5300e-01	19.7690	48.368794	0.000089	0.894202	0.302964	-0.007282
 508	2.5350e-01	19.7481	48.259569	0.000268	2.682607	0.908892	-0.021845
 509	2.5400e-01	19.7000	48.004709	0.000626	6.259416	2.120747	-0.050972
 510	2.5450e-01	19.6631	47.931892	0.000179	1.788405	0.605928	-0.014563
 511	2.5500e-01	19.6214	47.786257	0.000358	3.576809	1.211856	-0.029127
 512	2.5550e-01	19.5716	47.786257	-0.000000	-0.000000	-0.000000	0.000000
 513	2.5600e-01	19.5396	47.786257	-0.000000	-0.000000	-0.000000	0.000000
 514	2.5650e-01	19.4754	47.895483	-0.000268	-2.682607	-0.908892	0.021845
 515	2.5700e-01	19.4545	47.931892	-0.000089	-0.894202	-0.302964	0.007282
 516	2.5750e-01	19.4241	47.604214	0.000805	8.047820	2.726675	-0.065535
 517	2.5800e-01	19.4048	47.494989	0.000268	2.682607	0.908892	-0.021845
 518	2.5850e-01	19.3583	47.422171	0.000179	1.788405	0.605928	-0.014563
 519	2.5900e-01	19.3053	47.531397	-0.000268	-2.682607	-0.908892	0.021845
 520	2.5950e-01	19.2572	47.567806	-0.000089	-0.894202	-0.302964	0.007282
 521	2.6000e-01	19.2059	47.531397	0.000089	0.894202	0.302964	-0.007282
 522	2.6050e-01	19.1786	47.385763	0.000358	3.576809	1.211856	-0.029127
 523	2.6100e-01	19.1144	47.494989	-0.000268	-2.682607	-0.908892	0.021845
 524	2.6150e-01	19.1048	47.312946	0.000447	4.471011	1.514820	-0.036409
 525	2.6200e-01	19.0631	47.276537	0.000089	0.894202	0.302964	-0.007282
 526	2.6250e-01	19.0102	46.948860	0.000805	8.047820	2.726675	-0.065535
 527	2.6300e-01	18.9749	47.276537	-0.000805	-8.047820	-2.726675	0.065535
 528	2.6350e-01	18.9332	47.240129	0.000089	0.894202	0.302964	-0.007282
 529	2.6400e-01	18.8818	46.985269	0.000626	6.259416	2.120747	-0.050972
 530	2.6450e-01	18.8562	46.839634	0.000358	3.576809	1.211856	-0.029127
 531	2.6500e-01	18.8032	47.312946	-0.001162	-11.624629	-3.938531	0.094662
 532	2.6550e-01	18.7968	46.548366	0.001878	18.778248	6.362242	-0.152916
 533	2.6600e-01	18.7583	46.657591	-0.000268	-2.682607	-0.908892	0.021845
 534	2.6650e-01	18.6925	47.021677	-0.000894	-8.942023	-3.029639	0.072817
 535	2.6700e-01	18.6267	46.257097	0.001878	18.778248	6.362242	-0.152916
 536	2.6750e-01	18.6219	46.511957	-0.000626	-6.259416	-2.120747	0.050972
 537	2.6800e-01	18.5915	46.475548	0.000089	0.894202	0.302964	-0.007282
 538	2.6850e-01	18.5401	46.184280	0.000715	7.153618	2.423711	-0.058254
 539	2.6900e-01	18.5096	46.293506	-0.000268	-2.682607	-0.908892	0.021845
 540	2.6950e-01	18.4711	46.147871	0.000358	3.576809	1.211856	-0.029127
 541	2.7000e-01	18.4278	46.075054	0.000179	1.788405	0.605928	-0.014563
 542	2.7050e-01	18.3604	46.075054	-0.000000	-0.000000	-0.000000	0.000000
 543	2.7100e-01	18.3396	46.002237	0.000179	1.788405	0.605928	-0.014563
 544	2.7150e-01	18.2610	45.820194	0.000447	4.471011	1.514820	-0.036409
 545	2.7200e-01	18.2674	45.419700	-0.000984	-9.836225	-3.332603	-0.080099
 546	2.7250e-01	18.2129	45.747377	-0.000805	-8.047820	-2.726675	0.065535
 547	2.7300e-01	18.1695	46.111463	-0.000894	-8.942023	-3.029639	0.072817
 548	2.7350e-01	18.1439	45.674560	0.001073	10.730427	3.635567	-0.087381
 549	2.7400e-01	18.0990	45.710968	-0.000089	-0.894202	-0.302964	0.007282
 550	2.7450e-01	18.0829	45.310474	0.000984	9.836225	3.332603	-0.080099
 551	2.7500e-01	17.9963	45.346883	-0.000089	-0.894202	-0.302964	0.007282
 552	2.7550e-01	17.9883	44.873571	0.001162	11.624629	3.938531	-0.094662
 553	2.7600e-01	17.9642	44.946388	-0.000179	-1.788405	-0.605928	0.014563
 554	2.7650e-01	17.9081	44.873571	0.000179	1.788405	0.605928	-0.014563
 555	2.7700e-01	17.8471	44.764345	0.000268	2.682607	0.908892	-0.021845
 556	2.7750e-01	17.8278	44.946388	-0.000447	-4.471011	-1.514820	0.036409
 557	2.7800e-01	17.7909	44.727937	0.000537	5.365214	1.817784	-0.043690
 558	2.7850e-01	17.7364	44.873571	-0.000358	-3.576809	-1.211856	0.029127
 559	2.7900e-01	17.6947	44.473077	0.000984	9.836225	3.332603	-0.080099
 560	2.7950e-01	17.6770	44.655120	-0.000447	-4.471011	-1.514820	0.036409
 561	2.8000e-01	17.6257	44.218217	0.001073	10.730427	3.635567	-0.087381
 562	2.8050e-01	17.5487	44.072582	0.000358	3.576809	1.211856	-0.029127
 563	2.8100e-01	17.5230	44.218217	-0.000358	-3.576809	-1.211856	0.029127
 564	2.8150e-01	17.5102	44.145400	0.000179	1.788405	0.605928	-0.014563
 565	2.8200e-01	17.4717	43.854131	0.000715	7.153618	2.423711	-0.058254
 566	2.8250e-01	17.4444	44.072582	-0.000537	-5.365214	-1.817784	0.043690
 567	2.8300e-01	17.3738	43.490045	0.001431	14.307236	4.847423	-0.116507
 568	2.8350e-01	17.3546	43.781314	-0.000715	-7.153618	-2.423711	0.058254
 569	2.8400e-01	17.2808	43.599271	0.000447	4.471011	1.514820	-0.036409
 570	2.8450e-01	17.2792	43.490045	0.000268	2.682607	0.908892	-0.021845
 571	2.8500e-01	17.2311	43.308002	0.000447	4.471011	1.514820	-0.036409
 572	2.8550e-01	17.1926	42.907508	0.000984	9.836225	3.332603	-0.080099
 573	2.8600e-01	17.1236	43.125959	-0.000537	-5.365214	-1.817784	0.043690
 574	2.8650e-01	17.0867	43.016734	0.000268	2.682607	0.908892	-0.021845
 575	2.8700e-01	17.0514	42.907508	0.000268	2.682607	0.908892	-0.021845
 576	2.8750e-01	17.0209	42.579831	0.000805	8.047820	2.726675	-0.065535
 577	2.8800e-01	16.9632	42.907508	-0.000805	-8.047820	-2.726675	0.065535
 578	2.8850e-01	16.9680	42.907508	0.000000	0.000000	0.000000	0.000000
 579	2.8900e-01	16.8813	42.470605	0.001073	10.730427	3.635567	-0.087381
 580	2.8950e-01	16.8525	42.288562	0.000447	4.471011	1.514820	-0.036409
 581	2.9000e-01	16.8252	42.252154	0.000089	0.894202	0.302964	-0.007282
 582	2.9050e-01	16.7771	42.543422	-0.000715	-7.153618	-2.423711	0.058254
 583	2.9100e-01	16.7129	42.324971	0.000537	5.365214	1.817784	-0.043690
 584	2.9150e-01	16.6888	42.142928	0.000447	4.471011	1.514820	-0.036409
 585	2.9200e-01	16.6535	41.742433	0.000984	9.836225	3.332603	-0.080099
 586	2.9250e-01	16.5942	41.960885	-0.000537	-5.365214	-1.817784	0.043690
 587	2.9300e-01	16.5765	41.669616	0.000715	7.153618	2.423711	-0.058254
 588	2.9350e-01	16.5284	41.778842	-0.000268	-2.682607	-0.908892	0.021845
 589	2.9400e-01	16.5011	41.378348	0.000984	9.836225	3.332603	-0.080099
 590	2.9450e-01	16.4771	41.341939	0.000089	0.894202	0.302964	-0.007282
 591	2.9500e-01	16.4322	41.414756	-0.000179	-1.788405	-0.605928	0.014563
 592	2.9550e-01	16.3696	41.305531	0.000268	2.682607	0.908892	-0.021845
 593	2.9600e-01	16.3070	41.050671	0.000626	6.259416	2.120747	-0.050972
 594	2.9650e-01	16.2990	40.759402	0.000715	7.153618	2.423711	-0.058254
 595	2.9700e-01	16.2573	40.905036	-0.000358	-3.576809	-1.211856	0.029127
 596	2.9750e-01	16.2380	40.650176	0.000626	6.259416	2.120747	-0.050972
 597	2.9800e-01	16.1675	40.832219	-0.000447	-4.471011	-1.514820	0.036409
 598	2.9850e-01	16.1450	40.613768	0.000537	5.365214	1.817784	-0.043690
 599	2.9900e-01	16.0840	40.468133	0.000358	3.576809	1.211856	-0.029127
 600	2.9950e-01	16.0648	40.286090	0.000447	4.471011	1.514820	-0.036409
 601	3.0000e-01	16.0295	40.249682	0.000089	0.894202	0.302964	-0.007282
 602	3.0050e-01	15.9669	40.140456	0.000268	2.682607	0.908892	-0.021845
 603	3.0100e-01	15.9413	39.885596	0.000626	6.259416	2.120747	-0.050972
 604	3.0150e-01	15.8867	40.213273	-0.000805	-8.047820	-2.726675	0.065535
 605	3.0200e-01	15.8290	39.594327	0.001520	15.201438	5.150387	-0.123789
 606	3.0250e-01	15.8225	39.703553	-0.000268	-2.682607	-0.908892	0.021845
 607	3.0300e-01	15.7664	39.485102	0.000537	5.365214	1.817784	-0.043690
 608	3.0350e-01	15.7199	39.448693	0.000089	0.894202	0.302964	-0.007282
 609	3.0400e-01	15.6878	39.630736	-0.000447	-4.471011	-1.514820	0.036409
 610	3.0450e-01	15.6413	39.266650	0.000894	8.942023	3.029639	-0.072817
 611	3.0500e-01	15.6284	39.084607	0.000447	4.471011	1.514820	-0.036409
 612	3.0550e-01	15.5883	39.193833	-0.000268	-2.682607	-0.908892	0.021845
 613	3.0600e-01	15.5659	38.720522	0.001162	11.624629	3.938531	-0.094662
 614	3.0650e-01	15.4776	38.793339	-0.000179	-1.788405	-0.605928	0.014563
 615	3.0700e-01	15.4391	38.684113	0.000268	2.682607	0.908892	-0.021845
 616	3.0750e-01	15.4504	38.283619	-0.000984	-9.836225	-3.332603	-0.080099
 617	3.0800e-01	15.3766	38.065167	0.000537	5.365214	1.817784	-0.043690
 618	3.0850e-01	15.3381	38.392844	-0.000805	-8.047820	-2.726675	0.065535
 619	3.0900e-01	15.2835	37.846716	0.001341	13.413034	4.544459	-0.109226
 620	3.0950e-01	15.2563	38.065167	-0.000537	-5.365214	-1.817784	0.043690
 621	3.1000e-01	15.2258	37.810307	0.000626	6.259416	2.120747	-0.050972
 622	3.1050e-01	15.1552	37.773899	0.000089	0.894202	0.302964	-0.007282
 623	3.1100e-01	15.1456	37.519039	0.000626	6.259416	2.120747	-0.050972
 624	3.1150e-01	15.1183	37.701081	-0.000447	-4.471011	-1.514820	0.036409
 625	3.1200e-01	15.0509	37.846716	-0.000358	-3.576809	-1.211856	0.029127
 626	3.1250e-01	15.0285	37.009318	0.002057	20.566652	6.968170	-0.167479
 627	3.1300e-01	14.9948	36.900093	0.000268	2.682607	0.908892	-0.021845
 628	3.1350e-01	14.9306	37.336996	-0.001073	-10.730427	-3.635567	0.087381
 629	3.1400e-01	14.8841	36.863684	0.001162	11.624629	3.938531	-0.094662
 630	3.1450e-01	14.8777	36.972910	-0.000268	-2.682607	-0.908892	0.021845
 631	3.1500e-01	14.8071	36.790867	0.000447	4.471011	1.514820	-0.036409
 632	3.1550e-01	14.7734	36.499598	0.000715	7.153618	2.423711	-0.058254
 633	3.1600e-01	14.7253	36.171921	0.000805	8.047820	2.726675	-0.065535
 634	3.1650e-01	14.6803	36.317556	-0.000358	-3.576809	-1.211856	0.029127
 635	3.1700e-01	14.6547	36.281147	0.000089	0.894202	0.302964	-0.007282
 636	3.1750e-01	14.5809	36.062695	0.000537	5.365214	1.817784	-0.043690
 637	3.1800e-01	14.5953	36.099104	0.000089	0.894202	0.302964	0.007282
 638	3.1850e-01	14.5536	36.062695	0.000089	0.894202	0.302964	-0.007282
 639	3.1900e-01	14.4846	35.807835	0.000626	6.259416	2.120747	-0.050972
 640	3.1950e-01	14.4477	35.552975	0.000626	6.259416	2.120747	-0.050972
 641	3.2000e-01	14.4493	35.298115	-0.000626	-6.259416	-2.120747	-0.050972
 642	3.2050e-01	14.3836	35.225298	0.000179	1.788405	0.605928	-0.014563
 643	3.2100e-01	14.3531	35.334524	-0.000268	-2.682607	-0.908892	0.021845
 644	3.2150e-01	14.2889	35.152481	0.000447	4.471011	1.514820	-0.036409
 645	3.2200e-01	14.2664	34.861212	0.000715	7.153618	2.423711	-0.058254
 646	3.2250e-01	14.2247	34.679170	0.000447	4.471011	1.514820	-0.036409
 647	3.2300e-01	14.1846	34.751987	-0.000179	-1.788405	-0.605928	0.014563
 648	3.2350e-01	14.1205	34.788395	-0.000089	-0.894202	-0.302964	0.007282
 649	3.2400e-01	14.0980	34.606352	0.000447	4.471011	1.514820	-0.036409
 650	3.2450e-01	14.0435	34.387901	0.000537	5.365214	1.817784	-0.043690
 651	3.2500e-01	14.0178	34.497127	-0.000268	-2.682607	-0.908892	0.021845
 652	3.2550e-01	13.9536	33.878181	0.001520	15.201438	5.150387	-0.123789
 653	3.2600e-01	13.9328	33.659729	0.000537	5.365214	1.817784	-0.043690
 654	3.2650e-01	13.8991	33.950998	-0.000715	-7.153618	-2.423711	0.058254
 655	3.2700e-01	13.8574	34.315084	-0.000894	-8.942023	-3.029639	0.072817
 656	3.2750e-01	13.8092	33.441278	0.002146	21.460854	7.271134	-0.174761
 657	3.2800e-01	13.7884	33.332052	0.000268	2.682607	0.908892	-0.021845
 658	3.2850e-01	13.7242	33.186418	0.000358	3.576809	1.211856	-0.029127
 659	3.2900e-01	13.6729	33.222826	-0.000089	-0.894202	-0.302964	0.007282
 660	3.2950e-01	13.6552	33.368461	-0.000358	-3.576809	-1.211856	0.029127
 661	3.3000e-01	13.6280	33.222826	0.000358	3.576809	1.211856	-0.029127
 662	3.3050e-01	13.5846	32.640289	0.001431	14.307236	4.847423	-0.116507
 663	3.3100e-01	13.5349	32.967966	-0.000805	-8.047820	-2.726675	0.065535
 664	3.3150e-01	13.4900	32.458246	0.001252	12.518832	4.241495	-0.101944
 665	3.3200e-01	13.4387	32.785924	-0.000805	-8.047820	-2.726675	0.065535
 666	3.3250e-01	13.4178	32.276203	0.001252	12.518832	4.241495	-0.101944
 667	3.3300e-01	13.3697	32.531064	-0.000626	-6.259416	-2.120747	0.050972
 668	3.3350e-01	13.3232	32.203386	0.000805	8.047820	2.726675	-0.065535
 669	3.3400e-01	13.3007	31.984935	0.000537	5.365214	1.817784	-0.043690
 670	3.3450e-01	13.2782	32.057752	-0.000179	-1.788405	-0.605928	0.014563
 671	3.3500e-01	13.2301	31.802892	0.000626	6.259416	2.120747	-0.050972
 672	3.3550e-01	13.1772	31.802892	-0.000000	-0.000000	-0.000000	0.000000
 673	3.3600e-01	13.1274	31.365989	0.001073	10.730427	3.635567	-0.087381
 674	3.3650e-01	13.1082	31.147538	0.000537	5.365214	1.817784	-0.043690
 675	3.3700e-01	13.0456	31.038312	0.000268	2.682607	0.908892	-0.021845
 676	3.3750e-01	12.9975	31.220355	-0.000447	-4.471011	-1.514820	0.036409
 677	3.3800e-01	12.9863	30.819860	0.000984	9.836225	3.332603	-0.080099
 678	3.3850e-01	12.9141	30.783452	0.000089	0.894202	0.302964	-0.007282
 679	3.3900e-01	12.9526	30.783452	0.000000	0.000000	0.000000	0.000000
 680	3.3950e-01	12.8804	30.747043	0.000089	0.894202	0.302964	-0.007282
 681	3.4000e-01	12.8290	30.310140	0.001073	10.730427	3.635567	-0.087381
 682	3.4050e-01	12.7970	29.909646	0.000984	9.836225	3.332603	-0.080099
 683	3.4100e-01	12.7312	30.055280	-0.000358	-3.576809	-1.211856	0.029127
 684	3.4150e-01	12.7184	29.764012	0.000715	7.153618	2.423711	-0.058254
 685	3.4200e-01	12.6333	29.909646	-0.000358	-3.576809	-1.211856	0.029127
 686	3.4250e-01	12.6173	29.764012	0.000358	3.576809	1.211856	-0.029127
 687	3.4300e-01	12.5740	29.399926	0.000894	8.942023	3.029639	-0.072817
 688	3.4350e-01	12.5467	29.472743	-0.000179	-1.788405	-0.605928	0.014563
 689	3.4400e-01	12.5098	29.581969	-0.000268	-2.682607	-0.908892	0.021845
 690	3.4450e-01	12.4553	29.035840	0.001341	13.413034	4.544459	-0.109226
 691	3.4500e-01	12.4023	29.254292	-0.000537	-5.365214	-1.817784	0.043690
 692	3.4550e-01	12.3590	28.963023	0.000715	7.153618	2.423711	-0.058254
 693	3.4600e-01	12.3237	28.963023	-0.000000	-0.000000	-0.000000	0.000000
 694	3.4650e-01	12.2997	28.926614	0.000089	0.894202	0.302964	-0.007282
 695	3.4700e-01	12.2788	28.271260	0.001610	16.095641	5.453351	-0.131071
 696	3.4750e-01	12.2210	28.307669	-0.000089	-0.894202	-0.302964	0.007282
 697	3.4800e-01	12.1729	28.344077	-0.000089	-0.894202	-0.302964	0.007282
 698	3.4850e-01	12.1440	28.307669	0.000089	0.894202	0.302964	-0.007282
 699	3.4900e-01	12.0831	27.834357	0.001162	11.624629	3.938531	-0.094662
 700	3.4950e-01	12.0446	27.943583	-0.000268	-2.682607	-0.908892	0.021845
 701	3.5000e-01	11.9997	27.579497	0.000894	8.942023	3.029639	-0.072817
 702	3.5050e-01	11.9628	27.397454	0.000447	4.471011	1.514820	-0.036409
 703	3.5100e-01	11.9323	27.433863	-0.000089	-0.894202	-0.302964	0.007282
 704	3.5150e-01	11.9034	27.288228	0.000358	3.576809	1.211856	-0.029127
 705	3.5200e-01	11.8617	26.996960	0.000715	7.153618	2.423711	-0.058254
 706	3.5250e-01	11.7927	26.960551	0.000089	0.894202	0.302964	-0.007282
 707	3.5300e-01	11.7863	26.851326	0.000268	2.682607	0.908892	-0.021845
 708	3.5350e-01	11.7510	26.742100	0.000268	2.682607	0.908892	-0.021845
 709	3.5400e-01	11.6852	26.523648	0.000537	5.365214	1.817784	-0.043690
 710	3.5450e-01	11.6580	26.268788	0.000626	6.259416	2.120747	-0.050972
 711	3.5500e-01	11.6146	26.268788	-0.000000	-0.000000	-0.000000	0.000000
 712	3.5550e-01	11.5665	26.232380	0.000089	0.894202	0.302964	-0.007282
 713	3.5600e-01	11.5697	25.831885	-0.000984	-9.836225	-3.332603	-0.080099
 714	3.5650e-01	11.5056	26.050337	-0.000537	-5.365214	-1.817784	0.043690
 715	3.5700e-01	11.4478	25.795477	0.000626	6.259416	2.120747	-0.050972
 716	3.5750e-01	11.4350	25.358574	0.001073	10.730427	3.635567	-0.087381
 717	3.5800e-01	11.3596	25.140122	0.000537	5.365214	1.817784	-0.043690
 718	3.5850e-01	11.3371	25.358574	-0.000537	-5.365214	-1.817784	0.043690
 719	3.5900e-01	11.3018	24.958080	0.000984	9.836225	3.332603	-0.080099
 720	3.5950e-01	11.2569	25.030897	-0.000179	-1.788405	-0.605928	0.014563
 721	3.6000e-01	11.2008	24.848854	0.000447	4.471011	1.514820	-0.036409
 722	3.6050e-01	11.1863	24.703219	0.000358	3.576809	1.211856	-0.029127
 723	3.6100e-01	11.1173	24.593994	0.000268	2.682607	0.908892	-0.021845
 724	3.6150e-01	11.0836	24.193499	0.000984	9.836225	3.332603	-0.080099
 725	3.6200e-01	11.0500	24.120682	0.000179	1.788405	0.605928	-0.014563
 726	3.6250e-01	11.0082	24.047865	0.000179	1.788405	0.605928	-0.014563
 727	3.6300e-01	10.9649	24.375542	-0.000805	-8.047820	-2.726675	0.065535
 728	3.6350e-01	10.9585	23.720188	0.001610	16.095641	5.453351	-0.131071
 729	3.6400e-01	10.8719	23.902231	-0.000447	-4.471011	-1.514820	0.036409
 730	3.6450e-01	10.8639	23.465328	0.001073	10.730427	3.635567	-0.087381
 731	3.6500e-01	10.8206	23.283285	0.000447	4.471011	1.514820	-0.036409
 732	3.6550e-01	10.7644	23.064834	0.000537	5.365214	1.817784	-0.043690
 733	3.6600e-01	10.7371	23.028425	0.000089	0.894202	0.302964	-0.007282
 734	3.6650e-01	10.6922	23.101242	-0.000179	-1.788405	-0.605928	0.014563
 735	3.6700e-01	10.6521	22.882791	0.000537	5.365214	1.817784	-0.043690
 736	3.6750e-01	10.6056	22.809973	0.000179	1.788405	0.605928	-0.014563
 737	3.6800e-01	10.5623	22.627931	0.000447	4.471011	1.514820	-0.036409
 738	3.6850e-01	10.5559	22.518705	0.000268	2.682607	0.908892	-0.021845
 739	3.6900e-01	10.5013	22.118211	0.000984	9.836225	3.332603	-0.080099
 740	3.6950e-01	10.4692	21.863350	0.000626	6.259416	2.120747	-0.050972
 741	3.7000e-01	10.4131	22.045393	-0.000447	-4.471011	-1.514820	0.036409
 742	3.7050e-01	10.3569	21.681308	0.000894	8.942023	3.029639	-0.072817
 743	3.7100e-01	10.3489	21.863350	-0.000447	-4.471011	-1.514820	0.036409
 744	3.7150e-01	10.2960	21.353630	0.001252	12.518832	4.241495	-0.101944
 745	3.7200e-01	10.2591	21.572082	-0.000537	-5.365214	-1.817784	0.043690
 746	3.7250e-01	10.2350	21.207996	0.000894	8.942023	3.029639	-0.072817
 747	3.7300e-01	10.1773	21.244405	-0.000089	-0.894202	-0.302964	0.007282
 748	3.7350e-01	10.1500	20.843910	0.000984	9.836225	3.332603	-0.080099
 749	3.7400e-01	10.1147	20.516233	0.000805	8.047820	2.726675	-0.065535
 750	3.7450e-01	10.0441	20.807502	-0.000715	-7.153618	-2.423711	0.058254
 751	3.7500e-01	10.0168	20.407007	0.000984	9.836225	3.332603	-0.080099
 752	3.7550e-01	9.9912	20.370599	0.000089	0.894202	0.302964	-0.007282
 753	3.7600e-01	9.9302	20.188556	0.000447	4.471011	1.514820	-0.036409
 754	3.7650e-01	9.8660	20.006513	0.000447	4.471011	1.514820	-0.036409
 755	3.7700e-01	9.8612	19.970104	0.000089	0.894202	0.302964	-0.007282
 756	3.7750e-01	9.8179	19.606019	0.000894	8.942023	3.029639	-0.072817
 757	3.7800e-01	9.8051	19.205524	0.000984	9.836225	3.332603	-0.080099
 758	3.7850e-01	9.7361	19.423976	-0.000537	-5.365214	-1.817784	0.043690
 759	3.7900e-01	9.7120	19.387567	0.000089	0.894202	0.302964	-0.007282
 760	3.7950e-01	9.6671	19.169116	0.000537	5.365214	1.817784	-0.043690
 761	3.8000e-01	9.6126	18.914256	0.000626	6.259416	2.120747	-0.050972
 762	3.8050e-01	9.5676	18.550170	0.000894	8.942023	3.029639	-0.072817
 763	3.8100e-01	9.5324	18.404536	0.000358	3.576809	1.211856	-0.029127
 764	3.8150e-01	9.4746	18.695804	-0.000715	-7.153618	-2.423711	0.058254
 765	3.8200e-01	9.4553	18.404536	0.000715	7.153618	2.423711	-0.058254
 766	3.8250e-01	9.4217	18.222493	0.000447	4.471011	1.514820	-0.036409
 767	3.8300e-01	9.3735	17.821998	0.000984	9.836225	3.332603	-0.080099
 768	3.8350e-01	9.3350	18.004041	-0.000447	-4.471011	-1.514820	0.036409
 769	3.8400e-01	9.2853	17.967633	0.000089	0.894202	0.302964	-0.007282
 770	3.8450e-01	9.2693	17.348687	0.001520	15.201438	5.150387	-0.123789
 771	3.8500e-01	9.2243	17.203053	0.000358	3.576809	1.211856	-0.029127
 772	3.8550e-01	9.1778	17.093827	0.000268	2.682607	0.908892	-0.021845
 773	3.8600e-01	9.1554	17.093827	-0.000000	-0.000000	-0.000000	0.000000
 774	3.8650e-01	9.1072	17.093827	-0.000000	-0.000000	-0.000000	0.000000
 775	3.8700e-01	9.0382	16.620515	0.001162	11.624629	3.938531	-0.094662
 776	3.8750e-01	9.0126	16.438472	0.000447	4.471011	1.514820	-0.036409
 777	3.8800e-01	8.9596	16.329247	0.000268	2.682607	0.908892	-0.021845
 778	3.8850e-01	8.9388	16.220021	0.000268	2.682607	0.908892	-0.021845
 779	3.8900e-01	8.8939	16.183612	0.000089	0.894202	0.302964	-0.007282
 780	3.8950e-01	8.8506	15.855935	0.000805	8.047820	2.726675	-0.065535
 781	3.9000e-01	8.8185	15.783118	0.000179	1.788405	0.605928	-0.014563
 782	3.9050e-01	8.7768	15.382624	0.000984	9.836225	3.332603	-0.080099
 783	3.9100e-01	8.7238	15.419032	-0.000089	-0.894202	-0.302964	0.007282
 784	3.9150e-01	8.7062	15.309807	0.000268	2.682607	0.908892	-0.021845
 785	3.9200e-01	8.6580	15.091355	0.000537	5.365214	1.817784	-0.043690
 786	3.9250e-01	8.6035	14.618044	0.001162	11.624629	3.938531	-0.094662
 787	3.9300e-01	8.5474	14.618044	-0.000000	-0.000000	-0.000000	0.000000
 788	3.9350e-01	8.5137	14.945721	-0.000805	-8.047820	-2.726675	0.065535
 789	3.9400e-01	8.4816	14.508818	0.001073	10.730427	3.635567	-0.087381
 790	3.9450e-01	8.4736	14.217549	0.000715	7.153618	2.423711	-0.058254
 791	3.9500e-01	8.4367	14.436001	-0.000537	-5.365214	-1.817784	0.043690
 792	3.9550e-01	8.3741	13.853464	0.001431	14.307236	4.847423	-0.116507
 793	3.9600e-01	8.3179	13.744238	0.000268	2.682607	0.908892	-0.021845
 794	3.9650e-01	8.2714	13.817055	-0.000179	-1.788405	-0.605928	0.014563
 795	3.9700e-01	8.2698	13.562195	0.000626	6.259416	2.120747	-0.050972
 796	3.9750e-01	8.2121	13.088883	0.001162	11.624629	3.938531	-0.094662
 797	3.9800e-01	8.1880	12.797615	0.000715	7.153618	2.423711	-0.058254
 798	3.9850e-01	8.1190	13.125292	-0.000805	-8.047820	-2.726675	0.065535
 799	3.9900e-01	8.0869	12.797615	0.000805	8.047820	2.726675	-0.065535
 800	3.9950e-01	8.0661	12.433529	0.000894	8.942023	3.029639	-0.072817
 801	4.0000e-01	8.0019	12.834023	-0.000984	-9.836225	-3.332603	0.080099
 802	4.0050e-01	7.9843	12.360712	0.001162	11.624629	3.938531	-0.094662
 803	4.0100e-01	7.9490	12.251486	0.000268	2.682607	0.908892	-0.021845
 804	4.0150e-01	7.9008	11.850992	0.000984	9.836225	3.332603	-0.080099
 805	4.0200e-01	7.8463	11.996626	-0.000358	-3.576809	-1.211856	0.029127
 806	4.0250e-01	7.8254	11.559723	0.001073	10.730427	3.635567	-0.087381
 807	4.0300e-01	7.7837	11.486906	0.000179	1.788405	0.605928	-0.014563
 808	4.0350e-01	7.7212	11.341272	0.000358	3.576809	1.211856	-0.029127
 809	4.0400e-01	7.6859	11.195637	0.000358	3.576809	1.211856	-0.029127
 810	4.0450e-01	7.6602	11.159229	0.000089	0.894202	0.302964	-0.007282
 811	4.0500e-01	7.5928	10.977186	0.000447	4.471011	1.514820	-0.036409
 812	4.0550e-01	7.5736	10.795143	0.000447	4.471011	1.514820	-0.036409
 813	4.0600e-01	7.5383	10.831552	-0.000089	-0.894202	-0.302964	0.007282
 814	4.0650e-01	7.4902	10.249014	0.001431	14.307236	4.847423	-0.116507
 815	4.0700e-01	7.4468	10.176197	0.000179	1.788405	0.605928	-0.014563
 816	4.0750e-01	7.4003	10.103380	0.000179	1.788405	0.605928	-0.014563
 817	4.0800e-01	7.3394	9.702886	0.000984	9.836225	3.332603	-0.080099
 818	4.0850e-01	7.3041	9.520843	0.000447	4.471011	1.514820	-0.036409
 819	4.0900e-01	7.3009	9.375209	0.000358	3.576809	1.211856	-0.029127
 820	4.0950e-01	7.2608	9.083940	0.000715	7.153618	2.423711	-0.058254
 821	4.1000e-01	7.2158	9.265983	-0.000447	-4.471011	-1.514820	0.036409
 822	4.1050e-01	7.1773	8.938306	0.000805	8.047820	2.726675	-0.065535
 823	4.1100e-01	7.1453	8.683446	0.000626	6.259416	2.120747	-0.050972
 824	4.1150e-01	7.0891	8.865488	-0.000447	-4.471011	-1.514820	0.036409
 825	4.1200e-01	7.0602	8.355768	0.001252	12.518832	4.241495	-0.101944
 826	4.1250e-01	6.9929	8.282951	0.000179	1.788405	0.605928	-0.014563
 827	4.1300e-01	6.9672	8.428586	-0.000358	-3.576809	-1.211856	0.029127
 828	4.1350e-01	6.9191	7.809640	0.001520	15.201438	5.150387	-0.123789
 829	4.1400e-01	6.8886	7.627597	0.000447	4.471011	1.514820	-0.036409
 830	4.1450e-01	6.8565	7.591188	0.000089	0.894202	0.302964	-0.007282
 831	4.1500e-01	6.8164	7.081468	0.001252	12.518832	4.241495	-0.101944
 832	4.1550e-01	6.7827	7.554780	-0.001162	-11.624629	-3.938531	0.094662
 833	4.1600e-01	6.7298	7.081468	0.001162	11.624629	3.938531	-0.094662
 834	4.1650e-01	6.7009	6.826608	0.000626	6.259416	2.120747	-0.050972
 835	4.1700e-01	6.6752	6.826608	-0.000000	-0.000000	-0.000000	0.000000
 836	4.1750e-01	6.6175	6.753791	0.000179	1.788405	0.605928	-0.014563
 837	4.1800e-01	6.5693	6.280480	0.001162	11.624629	3.938531	-0.094662
 838	4.1850e-01	6.5517	5.989211	0.000715	7.153618	2.423711	-0.058254
 839	4.1900e-01	6.4971	6.207662	-0.000537	-5.365214	-1.817784	0.043690
 840	4.1950e-01	6.4827	5.697942	0.001252	12.518832	4.241495	-0.101944
 841	4.2000e-01	6.4217	5.734351	-0.000089	-0.894202	-0.302964	0.007282
 842	4.2050e-01	6.3736	5.078996	0.001610	16.095641	5.453351	-0.131071
 843	4.2100e-01	6.3496	5.515899	-0.001073	-10.730427	-3.635567	0.087381
 844	4.2150e-01	6.2902	5.042588	0.001162	11.624629	3.938531	-0.094662
 845	4.2200e-01	6.2774	4.896954	0.000358	3.576809	1.211856	-0.029127
 846	4.2250e-01	6.1939	4.787728	0.000268	2.682607	0.908892	-0.021845
 847	4.2300e-01	6.1988	4.460051	-0.000805	-8.047820	-2.726675	-0.065535
 848	4.2350e-01	6.1410	3.986739	0.001162	11.624629	3.938531	-0.094662
 849	4.2400e-01	6.1298	4.205191	-0.000537	-5.365214	-1.817784	0.043690
 850	4.2450e-01	6.0800	3.986739	0.000537	5.365214	1.817784	-0.043690
 851	4.2500e-01	6.0239	3.804696	0.000447	4.471011	1.514820	-0.036409
 852	4.2550e-01	5.9934	3.804696	-0.000000	-0.000000	-0.000000	0.000000
 853	4.2600e-01	5.9533	3.731879	0.000179	1.788405	0.605928	-0.014563
 854	4.2650e-01	5.8923	3.294976	0.001073	10.730427	3.635567	-0.087381
 855	4.2700e-01	5.8538	3.222159	0.000179	1.788405	0.605928	-0.014563
 856	4.2750e-01	5.8314	2.930890	0.000715	7.153618	2.423711	-0.058254
 857	4.2800e-01	5.7704	2.603213	0.000805	8.047820	2.726675	-0.065535
 858	4.2850e-01	5.7303	2.712439	-0.000268	-2.682607	-0.908892	0.021845
 859	4.2900e-01	5.6694	2.348353	0.000894	8.942023	3.029639	-0.072817
 860	4.2950e-01	5.6613	2.384762	-0.000089	-0.894202	-0.302964	0.007282
 861	4.3000e-01	5.6613	1.692999	0.001699	16.989843	5.756315	-0.138353
 862	4.3050e-01	5.5763	2.093493	-0.000984	-9.836225	-3.332603	0.080099
 863	4.3100e-01	5.5394	1.583773	0.001252	12.518832	4.241495	-0.101944
 864	4.3150e-01	5.5218	1.110462	0.001162	11.624629	3.938531	-0.094662
 865	4.3200e-01	5.4448	1.256096	-0.000358	-3.576809	-1.211856	0.029127
 866	4.3250e-01	5.4207	1.219687	0.000089	0.894202	0.302964	-0.007282
 867	4.3300e-01	5.4031	1.074053	0.000358	3.576809	1.211856	-0.029127
 868	4.3350e-01	5.3581	0.709967	0.000894	8.942023	3.029639	-0.072817
 869	4.3400e-01	5.3148	0.527924	0.000447	4.471011	1.514820	-0.036409
 870	4.3450e-01	5.2635	0.091021	0.001073	10.730427	3.635567	-0.087381
 871	4.3500e-01	5.2202	0.418699	-0.000805	-8.047820	-2.726675	0.065535
 872	4.3550e-01	5.1688	-0.163839	0.001431	14.307236	4.847423	-0.116507
 873	4.3600e-01	5.1448	-0.018204	-0.000358	-3.576809	-1.211856	0.029127
 874	4.3650e-01	5.0966	-0.345881	0.000805	8.047820	2.726675	-0.065535
 875	4.3700e-01	5.0614	-0.600742	0.000626	6.259416	2.120747	-0.050972
 876	4.3750e-01	5.0100	-0.964827	0.000894	8.942023	3.029639	-0.072817
 877	4.3800e-01	4.9827	-0.637150	-0.000805	-8.047820	-2.726675	0.065535
 878	4.3850e-01	4.9555	-0.964827	0.000805	8.047820	2.726675	-0.065535
 879	4.3900e-01	4.8929	-1.328913	0.000894	8.942023	3.029639	-0.072817
 880	4.3950e-01	4.8913	-1.947859	0.001520	15.201438	5.150387	-0.123789
 881	4.4000e-01	4.8255	-1.802225	-0.000358	-3.576809	-1.211856	0.029127
 882	4.4050e-01	4.7806	-2.166310	0.000894	8.942023	3.029639	-0.072817
 883	4.4100e-01	4.7566	-2.057085	-0.000268	-2.682607	-0.908892	0.021845
 884	4.4150e-01	4.6828	-2.384762	0.000805	8.047820	2.726675	-0.065535
 885	4.4200e-01	4.6426	-2.894482	0.001252	12.518832	4.241495	-0.101944
 886	4.4250e-01	4.5977	-2.639622	-0.000626	-6.259416	-2.120747	0.050972
 887	4.4300e-01	4.5801	-3.003708	0.000894	8.942023	3.029639	-0.072817
 888	4.4350e-01	4.5223	-3.076525	0.000179	1.788405	0.605928	-0.014563
 889	4.4400e-01	4.4919	-2.967299	-0.000268	-2.682607	-0.908892	0.021845
 890	4.4450e-01	4.4710	-3.695471	0.001788	17.884045	6.059279	-0.145634
 891	4.4500e-01	4.4261	-3.804696	0.000268	2.682607	0.908892	-0.021845
 892	4.4550e-01	4.3651	-3.586245	-0.000537	-5.365214	-1.817784	0.043690
 893	4.4600e-01	4.3298	-4.095965	0.001252	12.518832	4.241495	-0.101944
 894	4.4650e-01	4.3058	-4.387234	0.000715	7.153618	2.423711	-0.058254
 895	4.4700e-01	4.2801	-4.387234	-0.000000	-0.000000	-0.000000	0.000000
 896	4.4750e-01	4.2111	-4.569276	0.000447	4.471011	1.514820	-0.036409
 897	4.4800e-01	4.1822	-4.605685	0.000089	0.894202	0.302964	-0.007282
 898	4.4850e-01	4.1485	-5.224631	0.001520	15.201438	5.150387	-0.123789
 899	4.4900e-01	4.1052	-5.042588	-0.000447	-4.471011	-1.514820	0.036409
 900	4.4950e-01	4.0507	-5.734351	0.001699	16.989843	5.756315	-0.138353
 901	4.5000e-01	4.0346	-5.042588	-0.001699	-16.989843	-5.756315	0.138353
 902	4.5050e-01	3.9801	-5.770759	0.001788	17.884045	6.059279	-0.145634
 903	4.5100e-01	3.9240	-5.989211	0.000537	5.365214	1.817784	-0.043690
 904	4.5150e-01	3.8806	-6.207662	0.000537	5.365214	1.817784	-0.043690
 905	4.5200e-01	3.8871	-6.389705	-0.000447	-4.471011	-1.514820	-0.036409
 906	4.5250e-01	3.8421	-6.535340	0.000358	3.576809	1.211856	-0.029127
 907	4.5300e-01	3.7523	-6.899425	0.000894	8.942023	3.029639	-0.072817
 908	4.5350e-01	3.7266	-6.899425	-0.000000	-0.000000	-0.000000	0.000000
 909	4.5400e-01	3.7266	-7.409145	0.001252	12.518832	4.241495	-0.101944
 910	4.5450e-01	3.6320	-7.409145	-0.000000	-0.000000	-0.000000	0.000000
 911	4.5500e-01	3.5999	-7.299920	-0.000268	-2.682607	-0.908892	0.021845
 912	4.5550e-01	3.5806	-7.991683	0.001699	16.989843	5.756315	-0.138353
 913	4.5600e-01	3.5261	-8.064500	0.000179	1.788405	0.605928	-0.014563
 914	4.5650e-01	3.5149	-8.464994	0.000984	9.836225	3.332603	-0.080099
 915	4.5700e-01	3.4684	-8.901897	0.001073	10.730427	3.635567	-0.087381
 916	4.5750e-01	3.4250	-8.792671	-0.000268	-2.682607	-0.908892	0.021845
 917	4.5800e-01	3.3913	-8.938306	0.000358	3.576809	1.211856	-0.029127
 918	4.5850e-01	3.3320	-8.719854	-0.000537	-5.365214	-1.817784	0.043690
 919	4.5900e-01	3.2887	-9.666477	0.002325	23.249259	7.877062	-0.189325
 920	4.5950e-01	3.2566	-9.411617	-0.000626	-6.259416	-2.120747	0.050972
 921	4.6000e-01	3.2454	-9.994154	0.001431	14.307236	4.847423	-0.116507
 922	4.6050e-01	3.1812	-10.285423	0.000715	7.153618	2.423711	-0.058254
 923	4.6100e-01	3.1042	-10.249014	-0.000089	-0.894202	-0.302964	0.007282
 924	4.6150e-01	3.0801	-10.358240	0.000268	2.682607	0.908892	-0.021845
 925	4.6200e-01	3.0496	-10.285423	-0.000179	-1.788405	-0.605928	0.014563
 926	4.6250e-01	2.9967	-10.977186	0.001699	16.989843	5.756315	-0.138353
 927	4.6300e-01	2.9678	-10.940777	-0.000089	-0.894202	-0.302964	0.007282
 928	4.6350e-01	2.9374	-11.086412	0.000358	3.576809	1.211856	-0.029127
 929	4.6400e-01	2.8796	-11.523315	0.001073	10.730427	3.635567	-0.087381
 930	4.6450e-01	2.8443	-11.850992	0.000805	8.047820	2.726675	-0.065535
 931	4.6500e-01	2.8395	-12.105852	0.000626	6.259416	2.120747	-0.050972
 932	4.6550e-01	2.7625	-12.215078	0.000268	2.682607	0.908892	-0.021845
 933	4.6600e-01	2.7224	-12.142260	-0.000179	-1.788405	-0.605928	0.014563
 934	4.6650e-01	2.6743	-12.542755	0.000984	9.836225	3.332603	-0.080099
 935	4.6700e-01	2.6694	-12.761206	0.000537	5.365214	1.817784	-0.043690
 936	4.6750e-01	2.6277	-12.870432	0.000268	2.682607	0.908892	-0.021845
 937	4.6800e-01	2.5924	-13.744238	0.002146	21.460854	7.271134	-0.174761
 938	4.6850e-01	2.5186	-13.125292	-0.001520	-15.201438	-5.150387	0.123789
 939	4.6900e-01	2.5058	-13.635012	0.001252	12.518832	4.241495	-0.101944
 940	4.6950e-01	2.4994	-13.780646	0.000358	3.576809	1.211856	-0.029127
 941	4.7000e-01	2.4288	-14.144732	0.000894	8.942023	3.029639	-0.072817
 942	4.7050e-01	2.3582	-14.326775	0.000447	4.471011	1.514820	-0.036409
 943	4.7100e-01	2.3406	-14.290366	-0.000089	-0.894202	-0.302964	0.007282
 944	4.7150e-01	2.3021	-14.618044	0.000805	8.047820	2.726675	-0.065535
 945	4.7200e-01	2.2443	-14.945721	0.000805	8.047820	2.726675	-0.065535
 946	4.7250e-01	2.2010	-15.382624	0.001073	10.730427	3.635567	-0.087381
 947	4.7300e-01	2.2203	-15.382624	0.000000	0.000000	0.000000	0.000000
 948	4.7350e-01	2.1368	-15.928752	0.001341	13.413034	4.544459	-0.109226
 949	4.7400e-01	2.0855	-15.855935	-0.000179	-1.788405	-0.605928	0.014563
 950	4.7450e-01	2.0614	-15.928752	0.000179	1.788405	0.605928	-0.014563
 951	4.7500e-01	2.0229	-16.365655	0.001073	10.730427	3.635567	-0.087381
 952	4.7550e-01	1.9892	-16.511290	0.000358	3.576809	1.211856	-0.029127
 953	4.7600e-01	1.9540	-16.984601	0.001162	11.624629	3.938531	-0.094662
 954	4.7650e-01	1.8834	-16.547698	-0.001073	-10.730427	-3.635567	0.087381
 955	4.7700e-01	1.8272	-17.093827	0.001341	13.413034	4.544459	-0.109226
 956	4.7750e-01	1.8224	-17.567138	0.001162	11.624629	3.938531	-0.094662
 957	4.7800e-01	1.7759	-17.348687	-0.000537	-5.365214	-1.817784	0.043690
 958	4.7850e-01	1.7438	-17.749181	0.000984	9.836225	3.332603	-0.080099
 959	4.7900e-01	1.6877	-18.186084	0.001073	10.730427	3.635567	-0.087381
 960	4.7950e-01	1.6732	-18.440944	0.000626	6.259416	2.120747	-0.050972
 961	4.8000e-01	1.6267	-18.440944	-0.000000	-0.000000	-0.000000	0.000000
 962	4.8050e-01	1.5898	-19.278342	0.002057	20.566652	6.968170	-0.167479
 963	4.8100e-01	1.5545	-18.987073	-0.000715	-7.153618	-2.423711	0.058254
 964	4.8150e-01	1.4951	-19.314750	0.000805	8.047820	2.726675	-0.065535
 965	4.8200e-01	1.4679	-19.788062	0.001162	11.624629	3.938531	-0.094662
 966	4.8250e-01	1.4438	-19.933696	0.000358	3.576809	1.211856	-0.029127
 967	4.8300e-01	1.3684	-20.152147	0.000537	5.365214	1.817784	-0.043690
 968	4.8350e-01	1.3267	-20.261373	0.000268	2.682607	0.908892	-0.021845
 969	4.8400e-01	1.2818	-20.771093	0.001252	12.518832	4.241495	-0.101944
 970	4.8450e-01	1.2625	-20.698276	-0.000179	-1.788405	-0.605928	0.014563
 971	4.8500e-01	1.2128	-21.025953	0.000805	8.047820	2.726675	-0.065535
 972	4.8550e-01	1.1871	-21.499265	0.001162	11.624629	3.938531	-0.094662
 973	4.8600e-01	1.1358	-21.644899	0.000358	3.576809	1.211856	-0.029127
 974	4.8650e-01	1.0813	-21.681308	0.000089	0.894202	0.302964	-0.007282
 975	4.8700e-01	1.0508	-21.863350	0.000447	4.471011	1.514820	-0.036409
 976	4.8750e-01	1.0203	-22.154619	0.000715	7.153618	2.423711	-0.058254
 977	4.8800e-01	0.9561	-22.664339	0.001252	12.518832	4.241495	-0.101944
 978	4.8850e-01	0.9369	-22.664339	-0.000000	-0.000000	-0.000000	0.000000
 979	4.8900e-01	0.9080	-22.773565	0.000268	2.682607	0.908892	-0.021845
 980	4.8950e-01	0.8887	-23.319694	0.001341	13.413034	4.544459	-0.109226
 981	4.9000e-01	0.8230	-23.356102	0.000089	0.894202	0.302964	-0.007282
 982	4.9050e-01	0.8037	-24.229908	0.002146	21.460854	7.271134	-0.174761
 983	4.9100e-01	0.7524	-23.975048	-0.000626	-6.259416	-2.120747	0.050972
 984	4.9150e-01	0.6978	-24.229908	0.000626	6.259416	2.120747	-0.050972
 985	4.9200e-01	0.6706	-24.302725	0.000179	1.788405	0.605928	-0.014563
 986	4.9250e-01	0.6208	-24.848854	0.001341	13.413034	4.544459	-0.109226
 987	4.9300e-01	0.5791	-24.921671	0.000179	1.788405	0.605928	-0.014563
 988	4.9350e-01	0.5358	-25.540617	0.001520	15.201438	5.150387	-0.123789
 989	4.9400e-01	0.5021	-25.577025	0.000089	0.894202	0.302964	-0.007282
 990	4.9450e-01	0.4364	-26.050337	0.001162	11.624629	3.938531	-0.094662
 991	4.9500e-01	0.4075	-26.050337	-0.000000	-0.000000	-0.000000	0.000000
 992	4.9550e-01	0.3513	-26.450831	0.000984	9.836225	3.332603	-0.080099
 993	4.9600e-01	0.3449	-26.669283	0.000537	5.365214	1.817784	-0.043690
 994	4.9650e-01	0.2984	-26.996960	0.000805	8.047820	2.726675	-0.065535
 995	4.9700e-01	0.2583	-27.251820	0.000626	6.259416	2.120747	-0.050972
 996	4.9750e-01	0.2326	-27.324637	0.000179	1.788405	0.605928	-0.014563
 997	4.9800e-01	0.1781	-27.543088	0.000537	5.365214	1.817784	-0.043690
 998	4.9850e-01	0.1380	-28.089217	0.001341	13.413034	4.544459	-0.109226
 999	4.9900e-01	0.0690	-28.125626	0.000089	0.894202	0.302964	-0.007282
1000	4.9950e-01	0.0353	-28.853797	0.001788	17.884045	6.059279	-0.145634
1001	5.0000e-01	0.0449	-28.744572	0.001788	17.884045	6.059279	0.021845

PMax (uC/cm2):	9.62e+01
Pr (uC/cm2):	1.95e+01
-Pr (uC/cm2):	0.00e+00
PLoss (uC/cm2):	0.00e+00
C (Max-Eff) (nF):	4.80e-01
K (Eff):	1.63e+03
Vert. (+/-Pr) Shift (uC/cm2):	9.74e+00
Offset (uC/cm2):	4.82e+01

A (Loop Area - uC/cm2·Volts):	-3.30e-01



Hysteresis Version: 5.48.1 - Radiant Technologies, Inc., 1999 - 9/12/24

