»»»»»»»»»»»»»»»»»»»»»»»»»»»»»»»»»»»» Hysteresis ««««««««««««««««««««««««««««««««««««
»»»  Executed Version:	5.48.1
»»»  Vision Version:	5.48.4 (R)
»»»  Vision Compiled:	9/18/24
»»»  Driver Version:	5.47.0
»»»  Windows Version:	Windows 8 or 8.1
»»»  Processor Information:	x86 (AMD or Intel) - 32 Processors
»»»  Tester Name:	PMF21124-494 (100V)
»»»  Tester S/N:	PMF21124-494
»»»  Internal Amp Type:	100V RevK 270k
»»»  Internal Amp S/N:	iAB2-596/K     
»»»  Execution Count:	1
»»»»»»»»»»»»»»»»»»»»»»»»»»»»»»»»»»»»»»»»»»««««««««««««««««««««««««««««««««««««««««««

Stored:	10/2/2025 - 14:31:21
Configured:	10/02/25 12:40:15 PM
Executed:	10/02/25 02:30:22 PM

»»»»»»»»»»»»»»»»»»»»»»»»»»»»»»»»»»» Sample Info ««««««««««««««««««««««««««««««««««««
Sample Name:	Int. Ref. Ferroelectric
Lot Name:	N/A
Wafer Name:	N/A
Die Row/Column:	0/0
Capacitor Number:	0
Sample Area (cm2):	1.00e-04
Sample Thickness (microns):	3.00e-01

Amplifier:	Internal

»»»»»»»»»»»»»»»»»»»»»»»»»»»»»»»»»»» Tester Info «««««««««««««««««««««««««««««««««««
Tester Name:	PMF21124-494 (100V)
Tester Serial Number:	PMF21124-494
Return Signal Amp. Level:	0.02 [Index: 2]

»»»»»»»»»»»»»»»»»»»»»»»»»»»»»»»» Hysteresis Info ««««««««««««««««««««««««««««««««««
Task Name:	Hyst-1
Volts:	20.00
Field:	666.67 (kV/cm)
DCBias:	0.00
DCField:	0.00 (kV/cm)
Hysteresis Period (ms):	5.00e-01
Preset:	Enabled
Preset Delay (ms):	1.00e+03
Profile:	Standard Monopolar

»»»»»»»»»»»»»»»»»»»»»»»»»»»»»»»»»»»»»» Data «««««««««««««««««««««««««««««««««««««««
Points:	1001

Valid Data

Point	Time (ms)	Drive Voltage	Measured Polarization (uC/cm2)	Capacitance (uF)	Normalized Capacitance (uF/cm2)	Dielectric Constant	Instantaneous Current (mA)
   1	0.0000e+00	0.0385	-20.898523	-0.001182	-11.819076	-4.004411	0.094662
   2	5.0000e-04	0.0321	-20.425212	-0.001182	-11.819076	-4.004411	0.094662
   3	1.0000e-03	0.1075	-20.352395	0.000182	1.818319	0.616063	0.014563
   4	1.5000e-03	0.1749	-20.498029	-0.000364	-3.636639	-1.232127	-0.029127
   5	2.0000e-03	0.2310	-20.315986	0.000455	4.545799	1.540158	0.036409
   6	2.5000e-03	0.2503	-19.915492	0.001000	10.000757	3.388348	0.080099
   7	3.0000e-03	0.3048	-19.915492	0.000000	0.000000	0.000000	0.000000
   8	3.5000e-03	0.3273	-20.061126	-0.000364	-3.636639	-1.232127	-0.029127
   9	4.0000e-03	0.3561	-19.514997	0.001364	13.637396	4.620475	0.109226
  10	4.5000e-03	0.3978	-19.405772	0.000273	2.727479	0.924095	0.021845
  11	5.0000e-03	0.4299	-19.478589	-0.000182	-1.818319	-0.616063	-0.014563
  12	5.5000e-03	0.4444	-19.332954	0.000364	3.636639	1.232127	0.029127
  13	6.0000e-03	0.4877	-18.968869	0.000909	9.091597	3.080317	0.072817
  14	6.5000e-03	0.5679	-19.150911	-0.000455	-4.545799	-1.540158	-0.036409
  15	7.0000e-03	0.6192	-19.078094	0.000182	1.818319	0.616063	0.014563
  16	7.5000e-03	0.6545	-18.495557	0.001455	14.546555	4.928506	0.116507
  17	8.0000e-03	0.6834	-18.568374	-0.000182	-1.818319	-0.616063	-0.014563
  18	8.5000e-03	0.7299	-18.714009	-0.000364	-3.636639	-1.232127	-0.029127
  19	9.0000e-03	0.7797	-18.422740	0.000727	7.273278	2.464253	0.058254
  20	9.5000e-03	0.8198	-18.167880	0.000636	6.364118	2.156222	0.050972
  21	1.0000e-02	0.8358	-18.459149	-0.000727	-7.273278	-2.464253	-0.058254
  22	1.0500e-02	0.8743	-18.058654	0.001000	10.000757	3.388348	0.080099
  23	1.1000e-02	0.9272	-18.167880	-0.000273	-2.727479	-0.924095	-0.021845
  24	1.1500e-02	0.9417	-17.621751	0.001364	13.637396	4.620475	0.109226
  25	1.2000e-02	0.9962	-18.204288	-0.001455	-14.546555	-4.928506	-0.116507
  26	1.2500e-02	1.0267	-17.658160	0.001364	13.637396	4.620475	0.109226
  27	1.3000e-02	1.0925	-17.439708	0.000545	5.454958	1.848190	0.043690
  28	1.3500e-02	1.1117	-17.548934	-0.000273	-2.727479	-0.924095	-0.021845
  29	1.4000e-02	1.1711	-17.221257	0.000818	8.182437	2.772285	0.065535
  30	1.4500e-02	1.2016	-17.257665	-0.000091	-0.909160	-0.308032	-0.007282
  31	1.5000e-02	1.2545	-16.857171	0.001000	10.000757	3.388348	0.080099
  32	1.5500e-02	1.2914	-16.966397	-0.000273	-2.727479	-0.924095	-0.021845
  33	1.6000e-02	1.3171	-16.711537	0.000636	6.364118	2.156222	0.050972
  34	1.6500e-02	1.3379	-16.711537	0.000000	0.000000	0.000000	0.000000
  35	1.7000e-02	1.4069	-16.201817	0.001273	12.728236	4.312443	0.101944
  36	1.7500e-02	1.4550	-16.493085	-0.000727	-7.273278	-2.464253	-0.058254
  37	1.8000e-02	1.4871	-16.201817	0.000727	7.273278	2.464253	0.058254
  38	1.8500e-02	1.5288	-16.129000	0.000182	1.818319	0.616063	0.014563
  39	1.9000e-02	1.5609	-15.801322	0.000818	8.182437	2.772285	0.065535
  40	1.9500e-02	1.6139	-15.837731	-0.000091	-0.909160	-0.308032	-0.007282
  41	2.0000e-02	1.6572	-15.655688	0.000455	4.545799	1.540158	0.036409
  42	2.0500e-02	1.6700	-15.692097	-0.000091	-0.909160	-0.308032	-0.007282
  43	2.1000e-02	1.7149	-15.255194	0.001091	10.909917	3.696380	0.087381
  44	2.1500e-02	1.7598	-15.655688	-0.001000	-10.000757	-3.388348	-0.080099
  45	2.2000e-02	1.7839	-15.145968	0.001273	12.728236	4.312443	0.101944
  46	2.2500e-02	1.8497	-15.000334	0.000364	3.636639	1.232127	0.029127
  47	2.3000e-02	1.8673	-15.073151	-0.000182	-1.818319	-0.616063	-0.014563
  48	2.3500e-02	1.9283	-15.000334	0.000182	1.818319	0.616063	0.014563
  49	2.4000e-02	1.9700	-14.927517	0.000182	1.818319	0.616063	0.014563
  50	2.4500e-02	1.9925	-14.781882	0.000364	3.636639	1.232127	0.029127
  51	2.5000e-02	2.0406	-14.709065	0.000182	1.818319	0.616063	0.014563
  52	2.5500e-02	2.0807	-14.599839	0.000273	2.727479	0.924095	0.021845
  53	2.6000e-02	2.0951	-14.745474	-0.000364	-3.636639	-1.232127	-0.029127
  54	2.6500e-02	2.1545	-14.053711	0.001727	17.274035	5.852601	0.138353
  55	2.7000e-02	2.2203	-14.017302	0.000091	0.909160	0.308032	0.007282
  56	2.7500e-02	2.2395	-13.871668	0.000364	3.636639	1.232127	0.029127
  57	2.8000e-02	2.2941	-13.689625	0.000455	4.545799	1.540158	0.036409
  58	2.8500e-02	2.3005	-13.980894	-0.000727	-7.273278	-2.464253	-0.058254
  59	2.9000e-02	2.3630	-13.507582	0.001182	11.819076	4.004411	0.094662
  60	2.9500e-02	2.4144	-13.762442	-0.000636	-6.364118	-2.156222	-0.050972
  61	3.0000e-02	2.4529	-13.689625	0.000182	1.818319	0.616063	0.014563
  62	3.0500e-02	2.4866	-13.289131	0.001000	10.000757	3.388348	0.080099
  63	3.1000e-02	2.5026	-13.289131	0.000000	0.000000	0.000000	0.000000
  64	3.1500e-02	2.5668	-12.997862	0.000727	7.273278	2.464253	0.058254
  65	3.2000e-02	2.6053	-12.961453	0.000091	0.909160	0.308032	0.007282
  66	3.2500e-02	2.6534	-13.289131	-0.000818	-8.182437	-2.772285	-0.065535
  67	3.3000e-02	2.6694	-12.961453	0.000818	8.182437	2.772285	0.065535
  68	3.3500e-02	2.7368	-12.451733	0.001273	12.728236	4.312443	0.101944
  69	3.4000e-02	2.7721	-12.925045	-0.001182	-11.819076	-4.004411	-0.094662
  70	3.4500e-02	2.7994	-12.670185	0.000636	6.364118	2.156222	0.050972
  71	3.5000e-02	2.8234	-12.597368	0.000182	1.818319	0.616063	0.014563
  72	3.5500e-02	2.8748	-12.488142	0.000273	2.727479	0.924095	0.021845
  73	3.6000e-02	2.9309	-12.160465	0.000818	8.182437	2.772285	0.065535
  74	3.6500e-02	2.9518	-12.233282	-0.000182	-1.818319	-0.616063	-0.014563
  75	3.7000e-02	3.0368	-11.978422	0.000636	6.364118	2.156222	0.050972
  76	3.7500e-02	3.0368	-12.306099	0.000818	8.182437	2.772285	-0.065535
  77	3.8000e-02	3.0849	-12.196873	0.000273	2.727479	0.924095	0.021845
  78	3.8500e-02	3.1315	-11.505110	0.001727	17.274035	5.852601	0.138353
  79	3.9000e-02	3.1507	-11.432293	0.000182	1.818319	0.616063	0.014563
  80	3.9500e-02	3.2149	-11.577927	-0.000364	-3.636639	-1.232127	-0.029127
  81	4.0000e-02	3.2229	-11.323067	0.000636	6.364118	2.156222	0.050972
  82	4.0500e-02	3.2630	-11.323067	0.000000	0.000000	0.000000	0.000000
  83	4.1000e-02	3.3240	-11.323067	0.000000	0.000000	0.000000	0.000000
  84	4.1500e-02	3.3561	-11.177433	0.000364	3.636639	1.232127	0.029127
  85	4.2000e-02	3.3930	-10.886165	0.000727	7.273278	2.464253	0.058254
  86	4.2500e-02	3.4491	-10.995390	-0.000273	-2.727479	-0.924095	-0.021845
  87	4.3000e-02	3.4988	-10.522079	0.001182	11.819076	4.004411	0.094662
  88	4.3500e-02	3.5341	-10.704122	-0.000455	-4.545799	-1.540158	-0.036409
  89	4.4000e-02	3.5582	-10.412853	0.000727	7.273278	2.464253	0.058254
  90	4.4500e-02	3.5967	-10.594896	-0.000455	-4.545799	-1.540158	-0.036409
  91	4.5000e-02	3.6368	-10.194402	0.001000	10.000757	3.388348	0.080099
  92	4.5500e-02	3.6769	-10.376444	-0.000455	-4.545799	-1.540158	-0.036409
  93	4.6000e-02	3.7266	-10.085176	0.000727	7.273278	2.464253	0.058254
  94	4.6500e-02	3.7667	-10.157993	-0.000182	-1.818319	-0.616063	-0.014563
  95	4.7000e-02	3.7924	-9.975950	0.000455	4.545799	1.540158	0.036409
  96	4.7500e-02	3.8437	-9.721090	0.000636	6.364118	2.156222	0.050972
  97	4.8000e-02	3.8742	-10.012359	-0.000727	-7.273278	-2.464253	-0.058254
  98	4.8500e-02	3.9063	-9.648273	0.000909	9.091597	3.080317	0.072817
  99	4.9000e-02	3.9528	-9.429821	0.000545	5.454958	1.848190	0.043690
 100	4.9500e-02	4.0106	-9.284187	0.000364	3.636639	1.232127	0.029127
 101	5.0000e-02	4.0282	-9.502639	-0.000545	-5.454958	-1.848190	-0.043690
 102	5.0500e-02	4.0876	-9.211370	0.000727	7.273278	2.464253	0.058254
 103	5.1000e-02	4.1149	-9.102144	0.000273	2.727479	0.924095	0.021845
 104	5.1500e-02	4.1582	-9.065736	0.000091	0.909160	0.308032	0.007282
 105	5.2000e-02	4.2079	-9.102144	-0.000091	-0.909160	-0.308032	-0.007282
 106	5.2500e-02	4.2239	-8.920101	0.000455	4.545799	1.540158	0.036409
 107	5.3000e-02	4.2673	-8.665241	0.000636	6.364118	2.156222	0.050972
 108	5.3500e-02	4.3202	-8.628833	0.000091	0.909160	0.308032	0.007282
 109	5.4000e-02	4.3587	-8.665241	-0.000091	-0.909160	-0.308032	-0.007282
 110	5.4500e-02	4.4020	-8.628833	0.000091	0.909160	0.308032	0.007282
 111	5.5000e-02	4.4437	-8.228338	0.001000	10.000757	3.388348	0.080099
 112	5.5500e-02	4.4806	-8.191930	0.000091	0.909160	0.308032	0.007282
 113	5.6000e-02	4.5255	-7.973478	0.000545	5.454958	1.848190	0.043690
 114	5.6500e-02	4.5849	-8.228338	-0.000636	-6.364118	-2.156222	-0.050972
 115	5.7000e-02	4.6009	-8.009887	0.000545	5.454958	1.848190	0.043690
 116	5.7500e-02	4.6346	-8.119113	-0.000273	-2.727479	-0.924095	-0.021845
 117	5.8000e-02	4.7004	-7.900661	0.000545	5.454958	1.848190	0.043690
 118	5.8500e-02	4.7132	-7.718618	0.000455	4.545799	1.540158	0.036409
 119	5.9000e-02	4.7533	-7.791435	-0.000182	-1.818319	-0.616063	-0.014563
 120	5.9500e-02	4.7999	-7.390941	0.001000	10.000757	3.388348	0.080099
 121	6.0000e-02	4.8592	-7.463758	-0.000182	-1.818319	-0.616063	-0.014563
 122	6.0500e-02	4.8897	-7.318124	0.000364	3.636639	1.232127	0.029127
 123	6.1000e-02	4.9106	-7.136081	0.000455	4.545799	1.540158	0.036409
 124	6.1500e-02	4.9651	-7.281715	-0.000364	-3.636639	-1.232127	-0.029127
 125	6.2000e-02	5.0148	-6.844812	0.001091	10.909917	3.696380	0.087381
 126	6.2500e-02	5.0549	-6.771995	0.000182	1.818319	0.616063	0.014563
 127	6.3000e-02	5.0870	-6.954038	-0.000455	-4.545799	-1.540158	-0.036409
 128	6.3500e-02	5.1143	-6.626361	0.000818	8.182437	2.772285	0.065535
 129	6.4000e-02	5.1737	-6.844812	-0.000545	-5.454958	-1.848190	-0.043690
 130	6.4500e-02	5.1801	-6.589952	0.000636	6.364118	2.156222	0.050972
 131	6.5000e-02	5.2410	-6.844812	-0.000636	-6.364118	-2.156222	-0.050972
 132	6.5500e-02	5.2843	-6.371501	0.001182	11.819076	4.004411	0.094662
 133	6.6000e-02	5.3389	-6.553544	-0.000455	-4.545799	-1.540158	-0.036409
 134	6.6500e-02	5.3613	-6.080232	0.001182	11.819076	4.004411	0.094662
 135	6.7000e-02	5.4079	-6.444318	-0.000909	-9.091597	-3.080317	-0.072817
 136	6.7500e-02	5.4319	-6.262275	0.000455	4.545799	1.540158	0.036409
 137	6.8000e-02	5.4752	-6.153050	0.000273	2.727479	0.924095	0.021845
 138	6.8500e-02	5.5089	-5.971007	0.000455	4.545799	1.540158	0.036409
 139	6.9000e-02	5.5795	-5.788964	0.000455	4.545799	1.540158	0.036409
 140	6.9500e-02	5.5988	-5.497695	0.000727	7.273278	2.464253	0.058254
 141	7.0000e-02	5.6501	-5.788964	-0.000727	-7.273278	-2.464253	-0.058254
 142	7.0500e-02	5.6758	-5.861781	-0.000182	-1.818319	-0.616063	-0.014563
 143	7.1000e-02	5.7239	-5.497695	0.000909	9.091597	3.080317	0.072817
 144	7.1500e-02	5.7464	-5.606921	-0.000273	-2.727479	-0.924095	-0.021845
 145	7.2000e-02	5.8041	-5.534104	0.000182	1.818319	0.616063	0.014563
 146	7.2500e-02	5.8346	-4.987975	0.001364	13.637396	4.620475	0.109226
 147	7.3000e-02	5.8731	-5.060792	-0.000182	-1.818319	-0.616063	-0.014563
 148	7.3500e-02	5.9164	-4.805932	0.000636	6.364118	2.156222	0.050972
 149	7.4000e-02	5.9597	-4.660298	0.000364	3.636639	1.232127	0.029127
 150	7.4500e-02	5.9822	-4.951566	-0.000727	-7.273278	-2.464253	-0.058254
 151	7.5000e-02	6.0447	-5.060792	-0.000273	-2.727479	-0.924095	-0.021845
 152	7.5500e-02	6.0816	-4.587481	0.001182	11.819076	4.004411	0.094662
 153	7.6000e-02	6.1153	-4.805932	-0.000545	-5.454958	-1.848190	-0.043690
 154	7.6500e-02	6.1715	-4.369029	0.001091	10.909917	3.696380	0.087381
 155	7.7000e-02	6.1923	-4.004943	0.000909	9.091597	3.080317	0.072817
 156	7.7500e-02	6.2100	-4.186986	-0.000455	-4.545799	-1.540158	-0.036409
 157	7.8000e-02	6.2774	-4.296212	-0.000273	-2.727479	-0.924095	-0.021845
 158	7.8500e-02	6.3127	-3.822901	0.001182	11.819076	4.004411	0.094662
 159	7.9000e-02	6.3447	-4.041352	-0.000545	-5.454958	-1.848190	-0.043690
 160	7.9500e-02	6.3945	-3.604449	0.001091	10.909917	3.696380	0.087381
 161	8.0000e-02	6.4362	-3.568041	0.000091	0.909160	0.308032	0.007282
 162	8.0500e-02	6.4843	-3.932126	-0.000909	-9.091597	-3.080317	-0.072817
 163	8.1000e-02	6.4859	-3.640858	0.000727	7.273278	2.464253	0.058254
 164	8.1500e-02	6.5661	-3.203955	0.001091	10.909917	3.696380	0.087381
 165	8.2000e-02	6.5870	-3.677266	-0.001182	-11.819076	-4.004411	-0.094662
 166	8.2500e-02	6.6319	-3.131138	0.001364	13.637396	4.620475	0.109226
 167	8.3000e-02	6.6784	-3.313181	-0.000455	-4.545799	-1.540158	-0.036409
 168	8.3500e-02	6.7169	-3.167546	0.000364	3.636639	1.232127	0.029127
 169	8.4000e-02	6.7586	-3.167546	0.000000	0.000000	0.000000	0.000000
 170	8.4500e-02	6.8084	-2.949095	0.000545	5.454958	1.848190	0.043690
 171	8.5000e-02	6.8549	-2.839869	0.000273	2.727479	0.924095	0.021845
 172	8.5500e-02	6.8741	-3.313181	-0.001182	-11.819076	-4.004411	-0.094662
 173	8.6000e-02	6.8806	-2.839869	0.001182	11.819076	4.004411	0.094662
 174	8.6500e-02	6.9479	-2.949095	-0.000273	-2.727479	-0.924095	-0.021845
 175	8.7000e-02	7.0009	-2.621418	0.000818	8.182437	2.772285	0.065535
 176	8.7500e-02	7.0618	-2.475783	0.000364	3.636639	1.232127	0.029127
 177	8.8000e-02	7.0859	-2.475783	0.000000	0.000000	0.000000	0.000000
 178	8.8500e-02	7.1100	-2.293740	0.000455	4.545799	1.540158	0.036409
 179	8.9000e-02	7.1597	-2.293740	0.000000	0.000000	0.000000	0.000000
 180	8.9500e-02	7.2142	-2.111697	0.000455	4.545799	1.540158	0.036409
 181	9.0000e-02	7.2415	-2.257332	-0.000364	-3.636639	-1.232127	-0.029127
 182	9.0500e-02	7.2624	-2.148106	0.000273	2.727479	0.924095	0.021845
 183	9.1000e-02	7.3057	-2.038880	0.000273	2.727479	0.924095	0.021845
 184	9.1500e-02	7.3410	-1.565569	0.001182	11.819076	4.004411	0.094662
 185	9.2000e-02	7.3891	-1.784020	-0.000545	-5.454958	-1.848190	-0.043690
 186	9.2500e-02	7.4148	-1.929655	-0.000364	-3.636639	-1.232127	-0.029127
 187	9.3000e-02	7.4837	-1.165074	0.001909	19.092354	6.468665	0.152916
 188	9.3500e-02	7.5271	-1.419935	-0.000636	-6.364118	-2.156222	-0.050972
 189	9.4000e-02	7.5720	-1.310709	0.000273	2.727479	0.924095	0.021845
 190	9.4500e-02	7.5880	-1.347117	-0.000091	-0.909160	-0.308032	-0.007282
 191	9.5000e-02	7.6474	-1.492752	-0.000364	-3.636639	-1.232127	-0.029127
 192	9.5500e-02	7.6730	-1.055849	0.001091	10.909917	3.696380	0.087381
 193	9.6000e-02	7.7244	-0.837397	0.000545	5.454958	1.848190	0.043690
 194	9.6500e-02	7.7805	-1.165074	-0.000818	-8.182437	-2.772285	-0.065535
 195	9.7000e-02	7.7966	-0.728172	0.001091	10.909917	3.696380	0.087381
 196	9.7500e-02	7.8431	-1.092257	-0.000909	-9.091597	-3.080317	-0.072817
 197	9.8000e-02	7.8912	-0.509720	0.001455	14.546555	4.928506	0.116507
 198	9.8500e-02	7.9442	-0.655354	-0.000364	-3.636639	-1.232127	-0.029127
 199	9.9000e-02	7.9506	-0.473312	0.000455	4.545799	1.540158	0.036409
 200	9.9500e-02	7.9955	-0.873806	-0.001000	-10.000757	-3.388348	-0.080099
 201	1.0000e-01	8.0164	-0.509720	0.000909	9.091597	3.080317	0.072817
 202	1.0050e-01	8.0805	-0.327677	0.000455	4.545799	1.540158	0.036409
 203	1.0100e-01	8.1142	-0.400494	-0.000182	-1.818319	-0.616063	-0.014563
 204	1.0150e-01	8.1559	-0.254860	0.000364	3.636639	1.232127	0.029127
 205	1.0200e-01	8.2024	-0.072817	0.000455	4.545799	1.540158	0.036409
 206	1.0250e-01	8.2458	0.182043	0.000636	6.364118	2.156222	0.050972
 207	1.0300e-01	8.2666	-0.145634	-0.000818	-8.182437	-2.772285	-0.065535
 208	1.0350e-01	8.3404	0.509720	0.001636	16.364875	5.544570	0.131071
 209	1.0400e-01	8.3837	-0.072817	-0.001455	-14.546555	-4.928506	-0.116507
 210	1.0450e-01	8.3869	0.509720	0.001455	14.546555	4.928506	0.116507
 211	1.0500e-01	8.4687	0.618946	0.000273	2.727479	0.924095	0.021845
 212	1.0550e-01	8.4896	0.145634	-0.001182	-11.819076	-4.004411	-0.094662
 213	1.0600e-01	8.5089	0.728172	0.001455	14.546555	4.928506	0.116507
 214	1.0650e-01	8.5586	0.400494	-0.000818	-8.182437	-2.772285	-0.065535
 215	1.0700e-01	8.5907	0.910214	0.001273	12.728236	4.312443	0.101944
 216	1.0750e-01	8.6500	0.655354	-0.000636	-6.364118	-2.156222	-0.050972
 217	1.0800e-01	8.6741	1.019440	0.000909	9.091597	3.080317	0.072817
 218	1.0850e-01	8.7270	0.873806	-0.000364	-3.636639	-1.232127	-0.029127
 219	1.0900e-01	8.7559	1.237892	0.000909	9.091597	3.080317	0.072817
 220	1.0950e-01	8.8056	1.165074	-0.000182	-1.818319	-0.616063	-0.014563
 221	1.1000e-01	8.8313	1.419935	0.000636	6.364118	2.156222	0.050972
 222	1.1050e-01	8.8762	1.419935	0.000000	0.000000	0.000000	0.000000
 223	1.1100e-01	8.9115	1.165074	-0.000636	-6.364118	-2.156222	-0.050972
 224	1.1150e-01	8.9580	1.820429	0.001636	16.364875	5.544570	0.131071
 225	1.1200e-01	9.0046	1.456343	-0.000909	-9.091597	-3.080317	-0.072817
 226	1.1250e-01	9.0382	1.347117	-0.000273	-2.727479	-0.924095	-0.021845
 227	1.1300e-01	9.0687	1.929655	0.001455	14.546555	4.928506	0.116507
 228	1.1350e-01	9.1249	2.002472	0.000182	1.818319	0.616063	0.014563
 229	1.1400e-01	9.1570	1.711203	-0.000727	-7.273278	-2.464253	-0.058254
 230	1.1450e-01	9.1955	2.439375	0.001818	18.183194	6.160633	0.145634
 231	1.1500e-01	9.2580	2.148106	-0.000727	-7.273278	-2.464253	-0.058254
 232	1.1550e-01	9.2805	2.075289	-0.000182	-1.818319	-0.616063	-0.014563
 233	1.1600e-01	9.3270	2.184515	0.000273	2.727479	0.924095	0.021845
 234	1.1650e-01	9.3591	2.475783	0.000727	7.273278	2.464253	0.058254
 235	1.1700e-01	9.4024	2.184515	-0.000727	-7.273278	-2.464253	-0.058254
 236	1.1750e-01	9.4425	2.366558	0.000455	4.545799	1.540158	0.036409
 237	1.1800e-01	9.4794	2.111697	-0.000636	-6.364118	-2.156222	-0.050972
 238	1.1850e-01	9.5179	2.876278	0.001909	19.092354	6.468665	0.152916
 239	1.1900e-01	9.5725	2.548600	-0.000818	-8.182437	-2.772285	-0.065535
 240	1.1950e-01	9.5837	2.730643	0.000455	4.545799	1.540158	0.036409
 241	1.2000e-01	9.6334	2.657826	-0.000182	-1.818319	-0.616063	-0.014563
 242	1.2050e-01	9.6815	2.730643	0.000182	1.818319	0.616063	0.014563
 243	1.2100e-01	9.7265	2.949095	0.000545	5.454958	1.848190	0.043690
 244	1.2150e-01	9.7746	3.058320	0.000273	2.727479	0.924095	0.021845
 245	1.2200e-01	9.8019	3.422406	0.000909	9.091597	3.080317	0.072817
 246	1.2250e-01	9.8468	3.349589	-0.000182	-1.818319	-0.616063	-0.014563
 247	1.2300e-01	9.8708	3.240363	-0.000273	-2.727479	-0.924095	-0.021845
 248	1.2350e-01	9.9270	3.568041	0.000818	8.182437	2.772285	0.065535
 249	1.2400e-01	9.9639	3.458815	-0.000273	-2.727479	-0.924095	-0.021845
 250	1.2450e-01	10.0184	3.422406	-0.000091	-0.909160	-0.308032	-0.007282
 251	1.2500e-01	10.0569	3.458815	0.000091	0.909160	0.308032	0.007282
 252	1.2550e-01	10.1019	3.750083	0.000727	7.273278	2.464253	0.058254
 253	1.2600e-01	10.1179	3.677266	-0.000182	-1.818319	-0.616063	-0.014563
 254	1.2650e-01	10.1676	4.004943	0.000818	8.182437	2.772285	0.065535
 255	1.2700e-01	10.2013	4.004943	0.000000	0.000000	0.000000	0.000000
 256	1.2750e-01	10.2510	3.859309	-0.000364	-3.636639	-1.232127	-0.029127
 257	1.2800e-01	10.2815	4.041352	0.000455	4.545799	1.540158	0.036409
 258	1.2850e-01	10.3329	4.004943	-0.000091	-0.909160	-0.308032	-0.007282
 259	1.2900e-01	10.3682	4.223395	0.000545	5.454958	1.848190	0.043690
 260	1.2950e-01	10.4051	4.223395	0.000000	0.000000	0.000000	0.000000
 261	1.3000e-01	10.4339	4.369029	0.000364	3.636639	1.232127	0.029127
 262	1.3050e-01	10.4788	4.623889	0.000636	6.364118	2.156222	0.050972
 263	1.3100e-01	10.5254	4.660298	0.000091	0.909160	0.308032	0.007282
 264	1.3150e-01	10.5607	4.733115	0.000182	1.818319	0.616063	0.014563
 265	1.3200e-01	10.5927	4.587481	-0.000364	-3.636639	-1.232127	-0.029127
 266	1.3250e-01	10.6473	4.805932	0.000545	5.454958	1.848190	0.043690
 267	1.3300e-01	10.6714	4.696706	-0.000273	-2.727479	-0.924095	-0.021845
 268	1.3350e-01	10.7243	4.951566	0.000636	6.364118	2.156222	0.050972
 269	1.3400e-01	10.7628	5.352061	0.001000	10.000757	3.388348	0.080099
 270	1.3450e-01	10.7869	5.060792	-0.000727	-7.273278	-2.464253	-0.058254
 271	1.3500e-01	10.8478	4.842341	-0.000545	-5.454958	-1.848190	-0.043690
 272	1.3550e-01	10.8911	5.279244	0.001091	10.909917	3.696380	0.087381
 273	1.3600e-01	10.9248	4.915158	-0.000909	-9.091597	-3.080317	-0.072817
 274	1.3650e-01	10.9649	5.461287	0.001364	13.637396	4.620475	0.109226
 275	1.3700e-01	10.9922	5.606921	0.000364	3.636639	1.232127	0.029127
 276	1.3750e-01	11.0403	5.570512	-0.000091	-0.909160	-0.308032	-0.007282
 277	1.3800e-01	11.0820	5.534104	-0.000091	-0.909160	-0.308032	-0.007282
 278	1.3850e-01	11.1302	5.752555	0.000545	5.454958	1.848190	0.043690
 279	1.3900e-01	11.1558	5.934598	0.000455	4.545799	1.540158	0.036409
 280	1.3950e-01	11.1959	6.007415	0.000182	1.818319	0.616063	0.014563
 281	1.4000e-01	11.2473	5.861781	-0.000364	-3.636639	-1.232127	-0.029127
 282	1.4050e-01	11.3018	5.971007	0.000273	2.727479	0.924095	0.021845
 283	1.4100e-01	11.3307	5.861781	-0.000273	-2.727479	-0.924095	-0.021845
 284	1.4150e-01	11.3532	6.189458	0.000818	8.182437	2.772285	0.065535
 285	1.4200e-01	11.3981	6.262275	0.000182	1.818319	0.616063	0.014563
 286	1.4250e-01	11.4590	6.043824	-0.000545	-5.454958	-1.848190	-0.043690
 287	1.4300e-01	11.4943	6.116641	0.000182	1.818319	0.616063	0.014563
 288	1.4350e-01	11.5056	6.699178	0.001455	14.546555	4.928506	0.116507
 289	1.4400e-01	11.5777	6.699178	0.000000	0.000000	0.000000	0.000000
 290	1.4450e-01	11.6066	6.225867	-0.001182	-11.819076	-4.004411	-0.094662
 291	1.4500e-01	11.6323	6.844812	0.001546	15.455715	5.236538	0.123789
 292	1.4550e-01	11.6820	6.553544	-0.000727	-7.273278	-2.464253	-0.058254
 293	1.4600e-01	11.7189	7.026855	0.001182	11.819076	4.004411	0.094662
 294	1.4650e-01	11.7526	6.917630	-0.000273	-2.727479	-0.924095	-0.021845
 295	1.4700e-01	11.8007	7.172490	0.000636	6.364118	2.156222	0.050972
 296	1.4750e-01	11.8424	7.026855	-0.000364	-3.636639	-1.232127	-0.029127
 297	1.4800e-01	11.8906	7.281715	0.000636	6.364118	2.156222	0.050972
 298	1.4850e-01	11.9162	7.318124	0.000091	0.909160	0.308032	0.007282
 299	1.4900e-01	11.9531	7.645801	0.000818	8.182437	2.772285	0.065535
 300	1.4950e-01	12.0077	7.099673	-0.001364	-13.637396	-4.620475	-0.109226
 301	1.5000e-01	12.0574	7.427350	0.000818	8.182437	2.772285	0.065535
 302	1.5050e-01	12.1055	7.245307	-0.000455	-4.545799	-1.540158	-0.036409
 303	1.5100e-01	12.1232	7.827844	0.001455	14.546555	4.928506	0.116507
 304	1.5150e-01	12.1585	7.463758	-0.000909	-9.091597	-3.080317	-0.072817
 305	1.5200e-01	12.2098	7.463758	0.000000	0.000000	0.000000	0.000000
 306	1.5250e-01	12.2323	7.645801	0.000455	4.545799	1.540158	0.036409
 307	1.5300e-01	12.2820	8.082704	0.001091	10.909917	3.696380	0.087381
 308	1.5350e-01	12.3125	7.937070	-0.000364	-3.636639	-1.232127	-0.029127
 309	1.5400e-01	12.3702	7.718618	-0.000545	-5.454958	-1.848190	-0.043690
 310	1.5450e-01	12.4023	8.009887	0.000727	7.273278	2.464253	0.058254
 311	1.5500e-01	12.4537	8.082704	0.000182	1.818319	0.616063	0.014563
 312	1.5550e-01	12.4793	8.410381	0.000818	8.182437	2.772285	0.065535
 313	1.5600e-01	12.5066	8.446790	0.000091	0.909160	0.308032	0.007282
 314	1.5650e-01	12.5483	8.191930	-0.000636	-6.364118	-2.156222	-0.050972
 315	1.5700e-01	12.5996	8.628833	0.001091	10.909917	3.696380	0.087381
 316	1.5750e-01	12.6398	8.301156	-0.000818	-8.182437	-2.772285	-0.065535
 317	1.5800e-01	12.6734	8.483198	0.000455	4.545799	1.540158	0.036409
 318	1.5850e-01	12.7280	8.556016	0.000182	1.818319	0.616063	0.014563
 319	1.5900e-01	12.7649	8.701650	0.000364	3.636639	1.232127	0.029127
 320	1.5950e-01	12.8018	8.883693	0.000455	4.545799	1.540158	0.036409
 321	1.6000e-01	12.8387	9.065736	0.000455	4.545799	1.540158	0.036409
 322	1.6050e-01	12.8659	8.556016	-0.001273	-12.728236	-4.312443	-0.101944
 323	1.6100e-01	12.9365	8.992919	0.001091	10.909917	3.696380	0.087381
 324	1.6150e-01	12.9397	9.029327	0.000091	0.909160	0.308032	0.007282
 325	1.6200e-01	12.9943	9.102144	0.000182	1.818319	0.616063	0.014563
 326	1.6250e-01	13.0440	9.320596	0.000545	5.454958	1.848190	0.043690
 327	1.6300e-01	13.0841	8.774467	-0.001364	-13.637396	-4.620475	-0.109226
 328	1.6350e-01	13.1290	9.247779	0.001182	11.819076	4.004411	0.094662
 329	1.6400e-01	13.1708	9.648273	0.001000	10.000757	3.388348	0.080099
 330	1.6450e-01	13.1820	9.502639	-0.000364	-3.636639	-1.232127	-0.029127
 331	1.6500e-01	13.2445	9.429821	-0.000182	-1.818319	-0.616063	-0.014563
 332	1.6550e-01	13.2766	9.830316	0.001000	10.000757	3.388348	0.080099
 333	1.6600e-01	13.3280	9.866724	0.000091	0.909160	0.308032	0.007282
 334	1.6650e-01	13.3633	9.866724	0.000000	0.000000	0.000000	0.000000
 335	1.6700e-01	13.3873	9.793907	-0.000182	-1.818319	-0.616063	-0.014563
 336	1.6750e-01	13.4515	9.648273	-0.000364	-3.636639	-1.232127	-0.029127
 337	1.6800e-01	13.4868	9.830316	0.000455	4.545799	1.540158	0.036409
 338	1.6850e-01	13.5285	9.866724	0.000091	0.909160	0.308032	0.007282
 339	1.6900e-01	13.5429	9.903133	0.000091	0.909160	0.308032	0.007282
 340	1.6950e-01	13.6007	10.194402	0.000727	7.273278	2.464253	0.058254
 341	1.7000e-01	13.6183	10.048767	-0.000364	-3.636639	-1.232127	-0.029127
 342	1.7050e-01	13.6665	10.449262	0.001000	10.000757	3.388348	0.080099
 343	1.7100e-01	13.7098	10.522079	0.000182	1.818319	0.616063	0.014563
 344	1.7150e-01	13.7627	10.485670	-0.000091	-0.909160	-0.308032	-0.007282
 345	1.7200e-01	13.7788	10.667713	0.000455	4.545799	1.540158	0.036409
 346	1.7250e-01	13.8509	10.558487	-0.000273	-2.727479	-0.924095	-0.021845
 347	1.7300e-01	13.9007	10.522079	-0.000091	-0.909160	-0.308032	-0.007282
 348	1.7350e-01	13.9263	10.776939	0.000636	6.364118	2.156222	0.050972
 349	1.7400e-01	13.9568	10.849756	0.000182	1.818319	0.616063	0.014563
 350	1.7450e-01	13.9921	10.958982	0.000273	2.727479	0.924095	0.021845
 351	1.7500e-01	14.0274	10.958982	0.000000	0.000000	0.000000	0.000000
 352	1.7550e-01	14.0804	11.068207	0.000273	2.727479	0.924095	0.021845
 353	1.7600e-01	14.1060	11.141025	0.000182	1.818319	0.616063	0.014563
 354	1.7650e-01	14.1333	11.031799	-0.000273	-2.727479	-0.924095	-0.021845
 355	1.7700e-01	14.1894	11.286659	0.000636	6.364118	2.156222	0.050972
 356	1.7750e-01	14.2440	11.541519	0.000636	6.364118	2.156222	0.050972
 357	1.7800e-01	14.2761	11.468702	-0.000182	-1.818319	-0.616063	-0.014563
 358	1.7850e-01	14.2937	11.359476	-0.000273	-2.727479	-0.924095	-0.021845
 359	1.7900e-01	14.3354	11.796379	0.001091	10.909917	3.696380	0.087381
 360	1.7950e-01	14.3884	11.359476	-0.001091	-10.909917	-3.696380	-0.087381
 361	1.8000e-01	14.4397	11.869196	0.001273	12.728236	4.312443	0.101944
 362	1.8050e-01	14.4798	11.432293	-0.001091	-10.909917	-3.696380	-0.087381
 363	1.8100e-01	14.5167	11.942013	0.001273	12.728236	4.312443	0.101944
 364	1.8150e-01	14.5504	11.577927	-0.000909	-9.091597	-3.080317	-0.072817
 365	1.8200e-01	14.5841	11.832788	0.000636	6.364118	2.156222	0.050972
 366	1.8250e-01	14.6434	11.942013	0.000273	2.727479	0.924095	0.021845
 367	1.8300e-01	14.6691	11.759970	-0.000455	-4.545799	-1.540158	-0.036409
 368	1.8350e-01	14.7172	12.306099	0.001364	13.637396	4.620475	0.109226
 369	1.8400e-01	14.7573	12.051239	-0.000636	-6.364118	-2.156222	-0.050972
 370	1.8450e-01	14.7942	12.196873	0.000364	3.636639	1.232127	0.029127
 371	1.8500e-01	14.8600	12.888636	0.001727	17.274035	5.852601	0.138353
 372	1.8550e-01	14.8809	12.269690	-0.001546	-15.455715	-5.236538	-0.123789
 373	1.8600e-01	14.9194	12.560959	0.000727	7.273278	2.464253	0.058254
 374	1.8650e-01	14.9531	12.378916	-0.000455	-4.545799	-1.540158	-0.036409
 375	1.8700e-01	15.0028	12.633776	0.000636	6.364118	2.156222	0.050972
 376	1.8750e-01	15.0365	12.997862	0.000909	9.091597	3.080317	0.072817
 377	1.8800e-01	15.0798	12.378916	-0.001546	-15.455715	-5.236538	-0.123789
 378	1.8850e-01	15.1087	12.815819	0.001091	10.909917	3.696380	0.087381
 379	1.8900e-01	15.1568	12.815819	0.000000	0.000000	0.000000	0.000000
 380	1.8950e-01	15.2274	13.107088	0.000727	7.273278	2.464253	0.058254
 381	1.9000e-01	15.2290	13.143496	0.000091	0.909160	0.308032	0.007282
 382	1.9050e-01	15.2755	13.289131	0.000364	3.636639	1.232127	0.029127
 383	1.9100e-01	15.3284	13.471173	0.000455	4.545799	1.540158	0.036409
 384	1.9150e-01	15.3589	13.034271	-0.001091	-10.909917	-3.696380	-0.087381
 385	1.9200e-01	15.4054	13.216313	0.000455	4.545799	1.540158	0.036409
 386	1.9250e-01	15.4183	13.434765	0.000545	5.454958	1.848190	0.043690
 387	1.9300e-01	15.4792	13.580399	0.000364	3.636639	1.232127	0.029127
 388	1.9350e-01	15.5081	13.507582	-0.000182	-1.818319	-0.616063	-0.014563
 389	1.9400e-01	15.5434	13.580399	0.000182	1.818319	0.616063	0.014563
 390	1.9450e-01	15.5883	13.762442	0.000455	4.545799	1.540158	0.036409
 391	1.9500e-01	15.6525	13.726034	-0.000091	-0.909160	-0.308032	-0.007282
 392	1.9550e-01	15.6798	13.726034	0.000000	0.000000	0.000000	0.000000
 393	1.9600e-01	15.7311	14.053711	0.000818	8.182437	2.772285	0.065535
 394	1.9650e-01	15.7488	13.871668	-0.000455	-4.545799	-1.540158	-0.036409
 395	1.9700e-01	15.8033	13.908076	0.000091	0.909160	0.308032	0.007282
 396	1.9750e-01	15.8402	14.199345	0.000727	7.273278	2.464253	0.058254
 397	1.9800e-01	15.8643	13.835259	-0.000909	-9.091597	-3.080317	-0.072817
 398	1.9850e-01	15.9060	14.162936	0.000818	8.182437	2.772285	0.065535
 399	1.9900e-01	15.9461	13.908076	-0.000636	-6.364118	-2.156222	-0.050972
 400	1.9950e-01	15.9798	14.199345	0.000727	7.273278	2.464253	0.058254
 401	2.0000e-01	16.0279	13.980894	-0.000545	-5.454958	-1.848190	-0.043690
 402	2.0050e-01	16.0712	14.490614	0.001273	12.728236	4.312443	0.101944
 403	2.0100e-01	16.1402	14.563431	0.000182	1.818319	0.616063	0.014563
 404	2.0150e-01	16.1707	14.417796	-0.000364	-3.636639	-1.232127	-0.029127
 405	2.0200e-01	16.2076	15.109559	0.001727	17.274035	5.852601	0.138353
 406	2.0250e-01	16.2284	14.672657	-0.001091	-10.909917	-3.696380	-0.087381
 407	2.0300e-01	16.2910	15.000334	0.000818	8.182437	2.772285	0.065535
 408	2.0350e-01	16.3150	14.417796	-0.001455	-14.546555	-4.928506	-0.116507
 409	2.0400e-01	16.3471	14.454205	0.000091	0.909160	0.308032	0.007282
 410	2.0450e-01	16.4017	15.291602	0.002091	20.910673	7.084728	0.167479
 411	2.0500e-01	16.4434	15.000334	-0.000727	-7.273278	-2.464253	-0.058254
 412	2.0550e-01	16.4610	14.891108	-0.000273	-2.727479	-0.924095	-0.021845
 413	2.0600e-01	16.5124	14.927517	0.000091	0.909160	0.308032	0.007282
 414	2.0650e-01	16.5380	15.073151	0.000364	3.636639	1.232127	0.029127
 415	2.0700e-01	16.6038	15.218785	0.000364	3.636639	1.232127	0.029127
 416	2.0750e-01	16.6519	15.364419	0.000364	3.636639	1.232127	0.029127
 417	2.0800e-01	16.6808	15.182377	-0.000455	-4.545799	-1.540158	-0.036409
 418	2.0850e-01	16.7001	15.218785	0.000091	0.909160	0.308032	0.007282
 419	2.0900e-01	16.7514	15.473645	0.000636	6.364118	2.156222	0.050972
 420	2.0950e-01	16.7947	15.364419	-0.000273	-2.727479	-0.924095	-0.021845
 421	2.1000e-01	16.8188	15.801322	0.001091	10.909917	3.696380	0.087381
 422	2.1050e-01	16.8862	15.510054	-0.000727	-7.273278	-2.464253	-0.058254
 423	2.1100e-01	16.8749	15.728505	-0.000545	-5.454958	-1.848190	0.043690
 424	2.1150e-01	16.9247	15.801322	0.000182	1.818319	0.616063	0.014563
 425	2.1200e-01	17.0065	15.946957	0.000364	3.636639	1.232127	0.029127
 426	2.1250e-01	17.0209	15.801322	-0.000364	-3.636639	-1.232127	-0.029127
 427	2.1300e-01	17.0787	16.129000	0.000818	8.182437	2.772285	0.065535
 428	2.1350e-01	17.0947	16.019774	-0.000273	-2.727479	-0.924095	-0.021845
 429	2.1400e-01	17.1637	16.092591	0.000182	1.818319	0.616063	0.014563
 430	2.1450e-01	17.1813	15.910548	-0.000455	-4.545799	-1.540158	-0.036409
 431	2.1500e-01	17.2439	16.565903	0.001636	16.364875	5.544570	0.131071
 432	2.1550e-01	17.2744	15.983365	-0.001455	-14.546555	-4.928506	-0.116507
 433	2.1600e-01	17.3081	16.711537	0.001818	18.183194	6.160633	0.145634
 434	2.1650e-01	17.3546	16.383860	-0.000818	-8.182437	-2.772285	-0.065535
 435	2.1700e-01	17.4075	16.675128	0.000727	7.273278	2.464253	0.058254
 436	2.1750e-01	17.4396	16.493085	-0.000455	-4.545799	-1.540158	-0.036409
 437	2.1800e-01	17.4765	16.019774	-0.001182	-11.819076	-4.004411	-0.094662
 438	2.1850e-01	17.5311	16.602311	0.001455	14.546555	4.928506	0.116507
 439	2.1900e-01	17.5583	17.075623	0.001182	11.819076	4.004411	0.094662
 440	2.1950e-01	17.6065	16.966397	-0.000273	-2.727479	-0.924095	-0.021845
 441	2.2000e-01	17.6466	16.602311	-0.000909	-9.091597	-3.080317	-0.072817
 442	2.2050e-01	17.6963	16.784354	0.000455	4.545799	1.540158	0.036409
 443	2.2100e-01	17.7252	16.929988	0.000364	3.636639	1.232127	0.029127
 444	2.2150e-01	17.7412	17.075623	0.000364	3.636639	1.232127	0.029127
 445	2.2200e-01	17.7925	17.184848	0.000273	2.727479	0.924095	0.021845
 446	2.2250e-01	17.8615	17.330483	0.000364	3.636639	1.232127	0.029127
 447	2.2300e-01	17.8760	16.747945	-0.001455	-14.546555	-4.928506	-0.116507
 448	2.2350e-01	17.9177	17.512526	0.001909	19.092354	6.468665	0.152916
 449	2.2400e-01	17.9417	17.694568	0.000455	4.545799	1.540158	0.036409
 450	2.2450e-01	18.0107	17.476117	-0.000545	-5.454958	-1.848190	-0.043690
 451	2.2500e-01	18.0444	17.585343	0.000273	2.727479	0.924095	0.021845
 452	2.2550e-01	18.0621	17.476117	-0.000273	-2.727479	-0.924095	-0.021845
 453	2.2600e-01	18.1150	17.621751	0.000364	3.636639	1.232127	0.029127
 454	2.2650e-01	18.1471	17.985837	0.000909	9.091597	3.080317	0.072817
 455	2.2700e-01	18.2096	17.913020	-0.000182	-1.818319	-0.616063	-0.014563
 456	2.2750e-01	18.2353	17.803794	-0.000273	-2.727479	-0.924095	-0.021845
 457	2.2800e-01	18.2866	17.876611	0.000182	1.818319	0.616063	0.014563
 458	2.2850e-01	18.3075	18.240697	0.000909	9.091597	3.080317	0.072817
 459	2.2900e-01	18.3476	17.949428	-0.000727	-7.273278	-2.464253	-0.058254
 460	2.2950e-01	18.3765	18.058654	0.000273	2.727479	0.924095	0.021845
 461	2.3000e-01	18.4439	18.204288	0.000364	3.636639	1.232127	0.029127
 462	2.3050e-01	18.4711	18.131471	-0.000182	-1.818319	-0.616063	-0.014563
 463	2.3100e-01	18.5177	18.131471	0.000000	0.000000	0.000000	0.000000
 464	2.3150e-01	18.5497	18.495557	0.000909	9.091597	3.080317	0.072817
 465	2.3200e-01	18.5818	18.714009	0.000545	5.454958	1.848190	0.043690
 466	2.3250e-01	18.6476	18.277106	-0.001091	-10.909917	-3.696380	-0.087381
 467	2.3300e-01	18.6861	18.568374	0.000727	7.273278	2.464253	0.058254
 468	2.3350e-01	18.7054	18.604783	0.000091	0.909160	0.308032	0.007282
 469	2.3400e-01	18.7567	18.531966	-0.000182	-1.818319	-0.616063	-0.014563
 470	2.3450e-01	18.8032	18.823234	0.000727	7.273278	2.464253	0.058254
 471	2.3500e-01	18.8209	18.714009	-0.000273	-2.727479	-0.924095	-0.021845
 472	2.3550e-01	18.8642	18.932460	0.000545	5.454958	1.848190	0.043690
 473	2.3600e-01	18.9267	19.150911	0.000545	5.454958	1.848190	0.043690
 474	2.3650e-01	18.9604	19.405772	0.000636	6.364118	2.156222	0.050972
 475	2.3700e-01	18.9877	19.187320	-0.000545	-5.454958	-1.848190	-0.043690
 476	2.3750e-01	19.0438	19.005277	-0.000455	-4.545799	-1.540158	-0.036409
 477	2.3800e-01	19.0968	19.114503	0.000273	2.727479	0.924095	0.021845
 478	2.3850e-01	19.1112	19.697040	0.001455	14.546555	4.928506	0.116507
 479	2.3900e-01	19.1690	19.514997	-0.000455	-4.545799	-1.540158	-0.036409
 480	2.3950e-01	19.2027	19.369363	-0.000364	-3.636639	-1.232127	-0.029127
 481	2.4000e-01	19.2460	19.478589	0.000273	2.727479	0.924095	0.021845
 482	2.4050e-01	19.2829	19.332954	-0.000364	-3.636639	-1.232127	-0.029127
 483	2.4100e-01	19.3246	19.951900	0.001546	15.455715	5.236538	0.123789
 484	2.4150e-01	19.3470	19.769857	-0.000455	-4.545799	-1.540158	-0.036409
 485	2.4200e-01	19.4064	19.879083	0.000273	2.727479	0.924095	0.021845
 486	2.4250e-01	19.4128	20.061126	0.000455	4.545799	1.540158	0.036409
 487	2.4300e-01	19.4690	19.806266	-0.000636	-6.364118	-2.156222	-0.050972
 488	2.4350e-01	19.5059	20.097534	0.000727	7.273278	2.464253	0.058254
 489	2.4400e-01	19.5556	19.915492	-0.000455	-4.545799	-1.540158	-0.036409
 490	2.4450e-01	19.5877	19.988309	0.000182	1.818319	0.616063	0.014563
 491	2.4500e-01	19.6310	20.315986	0.000818	8.182437	2.772285	0.065535
 492	2.4550e-01	19.6823	20.206760	-0.000273	-2.727479	-0.924095	-0.021845
 493	2.4600e-01	19.7064	20.279577	0.000182	1.818319	0.616063	0.014563
 494	2.4650e-01	19.7433	20.534437	0.000636	6.364118	2.156222	0.050972
 495	2.4700e-01	19.7818	20.643663	0.000273	2.727479	0.924095	0.021845
 496	2.4750e-01	19.8203	20.643663	0.000000	0.000000	0.000000	0.000000
 497	2.4800e-01	19.8684	20.789297	0.000364	3.636639	1.232127	0.029127
 498	2.4850e-01	19.8973	20.680072	-0.000273	-2.727479	-0.924095	-0.021845
 499	2.4900e-01	19.9567	20.898523	0.000545	5.454958	1.848190	0.043690
 500	2.4950e-01	20.0144	20.680072	-0.000545	-5.454958	-1.848190	-0.043690
 501	2.5000e-01	20.0305	20.643663	-0.000091	-0.909160	-0.308032	-0.007282
 502	2.5050e-01	19.9903	20.680072	-0.000091	-0.909160	-0.308032	0.007282
 503	2.5100e-01	19.9551	20.498029	0.000455	4.545799	1.540158	-0.036409
 504	2.5150e-01	19.9021	20.862115	-0.000909	-9.091597	-3.080317	0.072817
 505	2.5200e-01	19.8604	20.534437	0.000818	8.182437	2.772285	-0.065535
 506	2.5250e-01	19.8251	20.607255	-0.000182	-1.818319	-0.616063	0.014563
 507	2.5300e-01	19.7786	20.534437	0.000182	1.818319	0.616063	-0.014563
 508	2.5350e-01	19.7369	20.315986	0.000545	5.454958	1.848190	-0.043690
 509	2.5400e-01	19.6727	20.170352	0.000364	3.636639	1.232127	-0.029127
 510	2.5450e-01	19.6438	20.570846	-0.001000	-10.000757	-3.388348	0.080099
 511	2.5500e-01	19.5957	20.498029	0.000182	1.818319	0.616063	-0.014563
 512	2.5550e-01	19.5829	20.425212	0.000182	1.818319	0.616063	-0.014563
 513	2.5600e-01	19.5251	20.279577	0.000364	3.636639	1.232127	-0.029127
 514	2.5650e-01	19.4994	20.315986	-0.000091	-0.909160	-0.308032	0.007282
 515	2.5700e-01	19.4658	20.061126	0.000636	6.364118	2.156222	-0.050972
 516	2.5750e-01	19.4032	19.733449	0.000818	8.182437	2.772285	-0.065535
 517	2.5800e-01	19.3920	20.279577	-0.001364	-13.637396	-4.620475	0.109226
 518	2.5850e-01	19.3470	20.279577	-0.000000	-0.000000	-0.000000	0.000000
 519	2.5900e-01	19.2957	20.243169	0.000091	0.909160	0.308032	-0.007282
 520	2.5950e-01	19.2829	19.951900	0.000727	7.273278	2.464253	-0.058254
 521	2.6000e-01	19.2315	20.061126	-0.000273	-2.727479	-0.924095	0.021845
 522	2.6050e-01	19.1706	19.806266	0.000636	6.364118	2.156222	-0.050972
 523	2.6100e-01	19.1594	19.951900	-0.000364	-3.636639	-1.232127	0.029127
 524	2.6150e-01	19.1128	19.697040	0.000636	6.364118	2.156222	-0.050972
 525	2.6200e-01	19.0487	19.806266	-0.000273	-2.727479	-0.924095	0.021845
 526	2.6250e-01	19.0214	19.660632	0.000364	3.636639	1.232127	-0.029127
 527	2.6300e-01	18.9749	19.442180	0.000545	5.454958	1.848190	-0.043690
 528	2.6350e-01	18.9332	19.551406	-0.000273	-2.727479	-0.924095	0.021845
 529	2.6400e-01	18.9187	19.624223	-0.000182	-1.818319	-0.616063	0.014563
 530	2.6450e-01	18.8674	19.150911	0.001182	11.819076	4.004411	-0.094662
 531	2.6500e-01	18.8273	19.223729	-0.000182	-1.818319	-0.616063	0.014563
 532	2.6550e-01	18.7695	19.296546	-0.000182	-1.818319	-0.616063	0.014563
 533	2.6600e-01	18.7278	19.442180	-0.000364	-3.636639	-1.232127	0.029127
 534	2.6650e-01	18.7038	19.405772	0.000091	0.909160	0.308032	-0.007282
 535	2.6700e-01	18.6765	19.187320	0.000545	5.454958	1.848190	-0.043690
 536	2.6750e-01	18.6043	19.041686	0.000364	3.636639	1.232127	-0.029127
 537	2.6800e-01	18.5770	19.005277	0.000091	0.909160	0.308032	-0.007282
 538	2.6850e-01	18.5433	19.223729	-0.000545	-5.454958	-1.848190	0.043690
 539	2.6900e-01	18.4952	18.750417	0.001182	11.819076	4.004411	-0.094662
 540	2.6950e-01	18.4423	18.932460	-0.000455	-4.545799	-1.540158	0.036409
 541	2.7000e-01	18.4358	18.750417	0.000455	4.545799	1.540158	-0.036409
 542	2.7050e-01	18.3733	18.422740	0.000818	8.182437	2.772285	-0.065535
 543	2.7100e-01	18.3316	18.386331	0.000091	0.909160	0.308032	-0.007282
 544	2.7150e-01	18.2995	19.114503	-0.001818	-18.183194	-6.160633	0.145634
 545	2.7200e-01	18.2770	18.968869	0.000364	3.636639	1.232127	-0.029127
 546	2.7250e-01	18.2225	19.041686	-0.000182	-1.818319	-0.616063	0.014563
 547	2.7300e-01	18.1936	18.349923	0.001727	17.274035	5.852601	-0.138353
 548	2.7350e-01	18.1503	19.041686	-0.001727	-17.274035	-5.852601	0.138353
 549	2.7400e-01	18.1038	18.095063	0.002364	23.638153	8.008823	-0.189325
 550	2.7450e-01	18.0508	18.240697	-0.000364	-3.636639	-1.232127	0.029127
 551	2.7500e-01	18.0059	18.422740	-0.000455	-4.545799	-1.540158	0.036409
 552	2.7550e-01	17.9899	18.204288	0.000545	5.454958	1.848190	-0.043690
 553	2.7600e-01	17.9449	18.277106	-0.000182	-1.818319	-0.616063	0.014563
 554	2.7650e-01	17.9016	18.204288	0.000182	1.818319	0.616063	-0.014563
 555	2.7700e-01	17.8615	18.167880	0.000091	0.909160	0.308032	-0.007282
 556	2.7750e-01	17.8070	18.095063	0.000182	1.818319	0.616063	-0.014563
 557	2.7800e-01	17.7685	17.949428	0.000364	3.636639	1.232127	-0.029127
 558	2.7850e-01	17.7396	18.058654	-0.000273	-2.727479	-0.924095	0.021845
 559	2.7900e-01	17.7075	17.840203	0.000545	5.454958	1.848190	-0.043690
 560	2.7950e-01	17.6642	17.512526	0.000818	8.182437	2.772285	-0.065535
 561	2.8000e-01	17.6289	18.022246	-0.001273	-12.728236	-4.312443	0.101944
 562	2.8050e-01	17.5760	17.658160	0.000909	9.091597	3.080317	-0.072817
 563	2.8100e-01	17.5407	17.949428	-0.000727	-7.273278	-2.464253	0.058254
 564	2.8150e-01	17.5038	17.730977	0.000545	5.454958	1.848190	-0.043690
 565	2.8200e-01	17.4573	17.439708	0.000727	7.273278	2.464253	-0.058254
 566	2.8250e-01	17.4059	17.476117	-0.000091	-0.909160	-0.308032	0.007282
 567	2.8300e-01	17.3674	17.294074	0.000455	4.545799	1.540158	-0.036409
 568	2.8350e-01	17.3402	17.548934	-0.000636	-6.364118	-2.156222	0.050972
 569	2.8400e-01	17.2952	17.184848	0.000909	9.091597	3.080317	-0.072817
 570	2.8450e-01	17.2567	17.439708	-0.000636	-6.364118	-2.156222	0.050972
 571	2.8500e-01	17.2086	17.366891	0.000182	1.818319	0.616063	-0.014563
 572	2.8550e-01	17.1926	17.184848	0.000455	4.545799	1.540158	-0.036409
 573	2.8600e-01	17.1460	16.966397	0.000545	5.454958	1.848190	-0.043690
 574	2.8650e-01	17.0899	17.112031	-0.000364	-3.636639	-1.232127	0.029127
 575	2.8700e-01	17.0546	16.857171	0.000636	6.364118	2.156222	-0.050972
 576	2.8750e-01	17.0145	16.820763	0.000091	0.909160	0.308032	-0.007282
 577	2.8800e-01	16.9616	16.711537	0.000273	2.727479	0.924095	-0.021845
 578	2.8850e-01	16.9503	16.820763	-0.000273	-2.727479	-0.924095	0.021845
 579	2.8900e-01	16.8797	16.711537	0.000273	2.727479	0.924095	-0.021845
 580	2.8950e-01	16.8509	16.893580	-0.000455	-4.545799	-1.540158	0.036409
 581	2.9000e-01	16.8412	16.638720	0.000636	6.364118	2.156222	-0.050972
 582	2.9050e-01	16.7851	16.638720	-0.000000	-0.000000	-0.000000	0.000000
 583	2.9100e-01	16.7434	16.420268	0.000545	5.454958	1.848190	-0.043690
 584	2.9150e-01	16.6872	16.893580	-0.001182	-11.819076	-4.004411	0.094662
 585	2.9200e-01	16.6551	16.383860	0.001273	12.728236	4.312443	-0.101944
 586	2.9250e-01	16.6166	16.383860	-0.000000	-0.000000	-0.000000	0.000000
 587	2.9300e-01	16.5862	15.983365	0.001000	10.000757	3.388348	-0.080099
 588	2.9350e-01	16.5477	16.092591	-0.000273	-2.727479	-0.924095	0.021845
 589	2.9400e-01	16.5060	16.238225	-0.000364	-3.636639	-1.232127	0.029127
 590	2.9450e-01	16.4546	16.129000	0.000273	2.727479	0.924095	-0.021845
 591	2.9500e-01	16.4338	16.092591	0.000091	0.909160	0.308032	-0.007282
 592	2.9550e-01	16.3921	15.910548	0.000455	4.545799	1.540158	-0.036409
 593	2.9600e-01	16.3471	15.801322	0.000273	2.727479	0.924095	-0.021845
 594	2.9650e-01	16.2814	15.801322	-0.000000	-0.000000	-0.000000	0.000000
 595	2.9700e-01	16.2589	16.056182	-0.000636	-6.364118	-2.156222	0.050972
 596	2.9750e-01	16.2316	15.837731	0.000545	5.454958	1.848190	-0.043690
 597	2.9800e-01	16.1803	15.510054	0.000818	8.182437	2.772285	-0.065535
 598	2.9850e-01	16.1675	15.619280	-0.000273	-2.727479	-0.924095	0.021845
 599	2.9900e-01	16.1001	15.437237	0.000455	4.545799	1.540158	-0.036409
 600	2.9950e-01	16.0536	15.582871	-0.000364	-3.636639	-1.232127	0.029127
 601	3.0000e-01	16.0215	15.364419	0.000545	5.454958	1.848190	-0.043690
 602	3.0050e-01	15.9830	15.364419	-0.000000	-0.000000	-0.000000	0.000000
 603	3.0100e-01	15.9364	15.400828	-0.000091	-0.909160	-0.308032	0.007282
 604	3.0150e-01	15.8947	15.255194	0.000364	3.636639	1.232127	-0.029127
 605	3.0200e-01	15.8723	15.109559	0.000364	3.636639	1.232127	-0.029127
 606	3.0250e-01	15.8242	15.109559	-0.000000	-0.000000	-0.000000	0.000000
 607	3.0300e-01	15.7728	15.364419	-0.000636	-6.364118	-2.156222	0.050972
 608	3.0350e-01	15.7439	14.854699	0.001273	12.728236	4.312443	-0.101944
 609	3.0400e-01	15.7054	14.891108	-0.000091	-0.909160	-0.308032	0.007282
 610	3.0450e-01	15.6605	14.891108	-0.000000	-0.000000	-0.000000	0.000000
 611	3.0500e-01	15.6365	14.854699	0.000091	0.909160	0.308032	-0.007282
 612	3.0550e-01	15.5691	14.781882	0.000182	1.818319	0.616063	-0.014563
 613	3.0600e-01	15.5514	15.036742	-0.000636	-6.364118	-2.156222	0.050972
 614	3.0650e-01	15.5145	14.818291	0.000545	5.454958	1.848190	-0.043690
 615	3.0700e-01	15.4808	14.636248	0.000455	4.545799	1.540158	-0.036409
 616	3.0750e-01	15.4295	14.235754	0.001000	10.000757	3.388348	-0.080099
 617	3.0800e-01	15.3814	15.036742	-0.002000	-20.001514	-6.776696	0.160198
 618	3.0850e-01	15.3493	14.162936	0.002182	21.819833	7.392760	-0.174761
 619	3.0900e-01	15.2948	14.818291	-0.001636	-16.364875	-5.544570	0.131071
 620	3.0950e-01	15.2803	14.199345	0.001546	15.455715	5.236538	-0.123789
 621	3.1000e-01	15.2274	14.235754	-0.000091	-0.909160	-0.308032	0.007282
 622	3.1050e-01	15.1776	14.272162	-0.000091	-0.909160	-0.308032	0.007282
 623	3.1100e-01	15.1359	14.126528	0.000364	3.636639	1.232127	-0.029127
 624	3.1150e-01	15.1103	14.162936	-0.000091	-0.909160	-0.308032	0.007282
 625	3.1200e-01	15.0573	14.090119	0.000182	1.818319	0.616063	-0.014563
 626	3.1250e-01	15.0140	14.199345	-0.000273	-2.727479	-0.924095	0.021845
 627	3.1300e-01	14.9755	13.871668	0.000818	8.182437	2.772285	-0.065535
 628	3.1350e-01	14.9402	14.053711	-0.000455	-4.545799	-1.540158	0.036409
 629	3.1400e-01	14.9178	13.726034	0.000818	8.182437	2.772285	-0.065535
 630	3.1450e-01	14.8793	13.908076	-0.000455	-4.545799	-1.540158	0.036409
 631	3.1500e-01	14.8215	13.616808	0.000727	7.273278	2.464253	-0.058254
 632	3.1550e-01	14.7878	13.689625	-0.000182	-1.818319	-0.616063	0.014563
 633	3.1600e-01	14.7349	13.798851	-0.000273	-2.727479	-0.924095	0.021845
 634	3.1650e-01	14.7012	13.361948	0.001091	10.909917	3.696380	-0.087381
 635	3.1700e-01	14.6675	13.398356	-0.000091	-0.909160	-0.308032	0.007282
 636	3.1750e-01	14.6178	12.852228	0.001364	13.637396	4.620475	-0.109226
 637	3.1800e-01	14.5696	13.653216	-0.002000	-20.001514	-6.776696	0.160198
 638	3.1850e-01	14.5376	13.143496	0.001273	12.728236	4.312443	-0.101944
 639	3.1900e-01	14.5199	13.107088	0.000091	0.909160	0.308032	-0.007282
 640	3.1950e-01	14.4686	13.070679	0.000091	0.909160	0.308032	-0.007282
 641	3.2000e-01	14.4204	12.925045	0.000364	3.636639	1.232127	-0.029127
 642	3.2050e-01	14.3948	12.997862	-0.000182	-1.818319	-0.616063	0.014563
 643	3.2100e-01	14.3547	12.779411	0.000545	5.454958	1.848190	-0.043690
 644	3.2150e-01	14.3146	12.743002	0.000091	0.909160	0.308032	-0.007282
 645	3.2200e-01	14.2600	12.488142	0.000636	6.364118	2.156222	-0.050972
 646	3.2250e-01	14.2279	12.743002	-0.000636	-6.364118	-2.156222	0.050972
 647	3.2300e-01	14.1846	12.378916	0.000909	9.091597	3.080317	-0.072817
 648	3.2350e-01	14.1285	12.852228	-0.001182	-11.819076	-4.004411	0.094662
 649	3.2400e-01	14.1205	12.451733	0.001000	10.000757	3.388348	-0.080099
 650	3.2450e-01	14.0691	12.488142	-0.000091	-0.909160	-0.308032	0.007282
 651	3.2500e-01	14.0258	12.524550	-0.000091	-0.909160	-0.308032	0.007282
 652	3.2550e-01	13.9937	12.378916	0.000364	3.636639	1.232127	-0.029127
 653	3.2600e-01	13.9472	12.269690	0.000273	2.727479	0.924095	-0.021845
 654	3.2650e-01	13.8911	11.869196	0.001000	10.000757	3.388348	-0.080099
 655	3.2700e-01	13.8654	12.488142	-0.001546	-15.455715	-5.236538	0.123789
 656	3.2750e-01	13.8189	11.942013	0.001364	13.637396	4.620475	-0.109226
 657	3.2800e-01	13.7723	12.014830	-0.000182	-1.818319	-0.616063	0.014563
 658	3.2850e-01	13.7451	12.160465	-0.000364	-3.636639	-1.232127	0.029127
 659	3.2900e-01	13.7066	11.905605	0.000636	6.364118	2.156222	-0.050972
 660	3.2950e-01	13.6681	11.978422	-0.000182	-1.818319	-0.616063	0.014563
 661	3.3000e-01	13.6023	11.723562	0.000636	6.364118	2.156222	-0.050972
 662	3.3050e-01	13.5734	11.687153	0.000091	0.909160	0.308032	-0.007282
 663	3.3100e-01	13.5510	11.759970	-0.000182	-1.818319	-0.616063	0.014563
 664	3.3150e-01	13.4916	11.250250	0.001273	12.728236	4.312443	-0.101944
 665	3.3200e-01	13.4531	11.723562	-0.001182	-11.819076	-4.004411	0.094662
 666	3.3250e-01	13.4146	11.541519	0.000455	4.545799	1.540158	-0.036409
 667	3.3300e-01	13.3745	11.213842	0.000818	8.182437	2.772285	-0.065535
 668	3.3350e-01	13.3520	11.395885	-0.000455	-4.545799	-1.540158	0.036409
 669	3.3400e-01	13.2734	11.359476	0.000091	0.909160	0.308032	-0.007282
 670	3.3450e-01	13.2638	11.395885	-0.000091	-0.909160	-0.308032	0.007282
 671	3.3500e-01	13.2237	11.286659	0.000273	2.727479	0.924095	-0.021845
 672	3.3550e-01	13.1756	10.667713	0.001546	15.455715	5.236538	-0.123789
 673	3.3600e-01	13.1467	11.177433	-0.001273	-12.728236	-4.312443	0.101944
 674	3.3650e-01	13.0905	10.958982	0.000545	5.454958	1.848190	-0.043690
 675	3.3700e-01	13.0649	10.667713	0.000727	7.273278	2.464253	-0.058254
 676	3.3750e-01	13.0280	10.776939	-0.000273	-2.727479	-0.924095	0.021845
 677	3.3800e-01	12.9686	10.922573	-0.000364	-3.636639	-1.232127	0.029127
 678	3.3850e-01	12.9413	10.594896	0.000818	8.182437	2.772285	-0.065535
 679	3.3900e-01	12.9317	10.667713	-0.000182	-1.818319	-0.616063	0.014563
 680	3.3950e-01	12.8387	10.449262	0.000545	5.454958	1.848190	-0.043690
 681	3.4000e-01	12.8274	10.340036	0.000273	2.727479	0.924095	-0.021845
 682	3.4050e-01	12.7986	10.230810	0.000273	2.727479	0.924095	-0.021845
 683	3.4100e-01	12.7504	10.267219	-0.000091	-0.909160	-0.308032	0.007282
 684	3.4150e-01	12.6927	10.085176	0.000455	4.545799	1.540158	-0.036409
 685	3.4200e-01	12.6638	10.267219	-0.000455	-4.545799	-1.540158	0.036409
 686	3.4250e-01	12.6157	10.157993	0.000273	2.727479	0.924095	-0.021845
 687	3.4300e-01	12.5772	9.939542	0.000545	5.454958	1.848190	-0.043690
 688	3.4350e-01	12.5483	10.012359	-0.000182	-1.818319	-0.616063	0.014563
 689	3.4400e-01	12.5034	9.539047	0.001182	11.819076	4.004411	-0.094662
 690	3.4450e-01	12.4665	9.866724	-0.000818	-8.182437	-2.772285	0.065535
 691	3.4500e-01	12.4184	9.575456	0.000727	7.273278	2.464253	-0.058254
 692	3.4550e-01	12.3895	9.648273	-0.000182	-1.818319	-0.616063	0.014563
 693	3.4600e-01	12.3366	9.611864	0.000091	0.909160	0.308032	-0.007282
 694	3.4650e-01	12.2868	9.611864	-0.000000	-0.000000	-0.000000	0.000000
 695	3.4700e-01	12.2612	9.429821	0.000455	4.545799	1.540158	-0.036409
 696	3.4750e-01	12.2499	9.211370	0.000545	5.454958	1.848190	-0.043690
 697	3.4800e-01	12.1825	9.393413	-0.000455	-4.545799	-1.540158	0.036409
 698	3.4850e-01	12.1328	9.429821	-0.000091	-0.909160	-0.308032	0.007282
 699	3.4900e-01	12.1087	9.575456	-0.000364	-3.636639	-1.232127	0.029127
 700	3.4950e-01	12.0558	9.357004	0.000545	5.454958	1.848190	-0.043690
 701	3.5000e-01	12.0157	8.847284	0.001273	12.728236	4.312443	-0.101944
 702	3.5050e-01	11.9981	9.029327	-0.000455	-4.545799	-1.540158	0.036409
 703	3.5100e-01	11.9596	8.920101	0.000273	2.727479	0.924095	-0.021845
 704	3.5150e-01	11.8842	8.992919	-0.000182	-1.818319	-0.616063	0.014563
 705	3.5200e-01	11.8424	9.029327	-0.000091	-0.909160	-0.308032	0.007282
 706	3.5250e-01	11.8232	8.883693	0.000364	3.636639	1.232127	-0.029127
 707	3.5300e-01	11.7670	8.774467	0.000273	2.727479	0.924095	-0.021845
 708	3.5350e-01	11.7478	8.556016	0.000545	5.454958	1.848190	-0.043690
 709	3.5400e-01	11.7045	8.738058	-0.000455	-4.545799	-1.540158	0.036409
 710	3.5450e-01	11.6644	8.556016	0.000455	4.545799	1.540158	-0.036409
 711	3.5500e-01	11.6307	8.301156	0.000636	6.364118	2.156222	-0.050972
 712	3.5550e-01	11.5826	8.301156	-0.000000	-0.000000	-0.000000	0.000000
 713	3.5600e-01	11.5425	8.446790	-0.000364	-3.636639	-1.232127	0.029127
 714	3.5650e-01	11.5088	8.009887	0.001091	10.909917	3.696380	-0.087381
 715	3.5700e-01	11.4655	8.301156	-0.000727	-7.273278	-2.464253	0.058254
 716	3.5750e-01	11.4350	8.082704	0.000545	5.454958	1.848190	-0.043690
 717	3.5800e-01	11.3868	8.119113	-0.000091	-0.909160	-0.308032	0.007282
 718	3.5850e-01	11.3612	7.973478	0.000364	3.636639	1.232127	-0.029127
 719	3.5900e-01	11.3147	7.900661	0.000182	1.818319	0.616063	-0.014563
 720	3.5950e-01	11.2697	7.973478	-0.000182	-1.818319	-0.616063	0.014563
 721	3.6000e-01	11.2200	7.609393	0.000909	9.091597	3.080317	-0.072817
 722	3.6050e-01	11.1783	7.572984	0.000091	0.909160	0.308032	-0.007282
 723	3.6100e-01	11.1558	7.500167	0.000182	1.818319	0.616063	-0.014563
 724	3.6150e-01	11.0981	7.682210	-0.000455	-4.545799	-1.540158	0.036409
 725	3.6200e-01	11.0596	7.609393	0.000182	1.818319	0.616063	-0.014563
 726	3.6250e-01	11.0371	7.354533	0.000636	6.364118	2.156222	-0.050972
 727	3.6300e-01	10.9810	7.500167	-0.000364	-3.636639	-1.232127	0.029127
 728	3.6350e-01	10.9361	7.136081	0.000909	9.091597	3.080317	-0.072817
 729	3.6400e-01	10.9152	7.427350	-0.000727	-7.273278	-2.464253	0.058254
 730	3.6450e-01	10.8623	7.208898	0.000545	5.454958	1.848190	-0.043690
 731	3.6500e-01	10.8061	6.844812	0.000909	9.091597	3.080317	-0.072817
 732	3.6550e-01	10.7853	6.954038	-0.000273	-2.727479	-0.924095	0.021845
 733	3.6600e-01	10.7500	7.063264	-0.000273	-2.727479	-0.924095	0.021845
 734	3.6650e-01	10.7083	6.626361	0.001091	10.909917	3.696380	-0.087381
 735	3.6700e-01	10.6569	6.771995	-0.000364	-3.636639	-1.232127	0.029127
 736	3.6750e-01	10.6232	6.262275	0.001273	12.728236	4.312443	-0.101944
 737	3.6800e-01	10.5911	6.626361	-0.000909	-9.091597	-3.080317	0.072817
 738	3.6850e-01	10.5382	6.444318	0.000455	4.545799	1.540158	-0.036409
 739	3.6900e-01	10.5286	6.699178	-0.000636	-6.364118	-2.156222	0.050972
 740	3.6950e-01	10.4708	6.335092	0.000909	9.091597	3.080317	-0.072817
 741	3.7000e-01	10.4083	5.898189	0.001091	10.909917	3.696380	-0.087381
 742	3.7050e-01	10.3537	5.934598	-0.000091	-0.909160	-0.308032	0.007282
 743	3.7100e-01	10.3457	6.153050	-0.000545	-5.454958	-1.848190	0.043690
 744	3.7150e-01	10.3056	6.371501	-0.000545	-5.454958	-1.848190	0.043690
 745	3.7200e-01	10.2751	6.007415	0.000909	9.091597	3.080317	-0.072817
 746	3.7250e-01	10.2318	6.153050	-0.000364	-3.636639	-1.232127	0.029127
 747	3.7300e-01	10.1821	5.570512	0.001455	14.546555	4.928506	-0.116507
 748	3.7350e-01	10.1404	5.898189	-0.000818	-8.182437	-2.772285	0.065535
 749	3.7400e-01	10.0954	5.534104	0.000909	9.091597	3.080317	-0.072817
 750	3.7450e-01	10.0489	5.752555	-0.000545	-5.454958	-1.848190	0.043690
 751	3.7500e-01	10.0120	5.534104	0.000545	5.454958	1.848190	-0.043690
 752	3.7550e-01	9.9847	5.752555	-0.000545	-5.454958	-1.848190	0.043690
 753	3.7600e-01	9.9430	5.570512	0.000455	4.545799	1.540158	-0.036409
 754	3.7650e-01	9.8965	5.097201	0.001182	11.819076	4.004411	-0.094662
 755	3.7700e-01	9.8837	5.279244	-0.000455	-4.545799	-1.540158	0.036409
 756	3.7750e-01	9.8564	5.279244	-0.000000	-0.000000	-0.000000	0.000000
 757	3.7800e-01	9.7922	5.133609	0.000364	3.636639	1.232127	-0.029127
 758	3.7850e-01	9.7473	4.587481	0.001364	13.637396	4.620475	-0.109226
 759	3.7900e-01	9.7056	4.987975	-0.001000	-10.000757	-3.388348	0.080099
 760	3.7950e-01	9.6655	4.915158	0.000182	1.818319	0.616063	-0.014563
 761	3.8000e-01	9.6302	4.915158	-0.000000	-0.000000	-0.000000	0.000000
 762	3.8050e-01	9.5741	4.733115	0.000455	4.545799	1.540158	-0.036409
 763	3.8100e-01	9.5436	4.987975	-0.000636	-6.364118	-2.156222	0.050972
 764	3.8150e-01	9.5003	4.660298	0.000818	8.182437	2.772285	-0.065535
 765	3.8200e-01	9.4634	4.587481	0.000182	1.818319	0.616063	-0.014563
 766	3.8250e-01	9.4345	4.551072	0.000091	0.909160	0.308032	-0.007282
 767	3.8300e-01	9.3799	4.259804	0.000727	7.273278	2.464253	-0.058254
 768	3.8350e-01	9.3447	4.186986	0.000182	1.818319	0.616063	-0.014563
 769	3.8400e-01	9.3078	4.587481	-0.001000	-10.000757	-3.388348	0.080099
 770	3.8450e-01	9.2693	3.713675	0.002182	21.819833	7.392760	-0.174761
 771	3.8500e-01	9.2035	3.968535	-0.000636	-6.364118	-2.156222	0.050972
 772	3.8550e-01	9.1890	3.859309	0.000273	2.727479	0.924095	-0.021845
 773	3.8600e-01	9.1361	4.004943	-0.000364	-3.636639	-1.232127	0.029127
 774	3.8650e-01	9.1185	3.640858	0.000909	9.091597	3.080317	-0.072817
 775	3.8700e-01	9.0495	3.640858	-0.000000	-0.000000	-0.000000	0.000000
 776	3.8750e-01	9.0094	3.640858	-0.000000	-0.000000	-0.000000	0.000000
 777	3.8800e-01	8.9853	3.495223	0.000364	3.636639	1.232127	-0.029127
 778	3.8850e-01	8.9227	3.531632	-0.000091	-0.909160	-0.308032	0.007282
 779	3.8900e-01	8.9003	3.822901	-0.000727	-7.273278	-2.464253	0.058254
 780	3.8950e-01	8.8714	3.531632	0.000727	7.273278	2.464253	-0.058254
 781	3.9000e-01	8.8217	3.458815	0.000182	1.818319	0.616063	-0.014563
 782	3.9050e-01	8.7768	3.203955	0.000636	6.364118	2.156222	-0.050972
 783	3.9100e-01	8.7447	3.240363	-0.000091	-0.909160	-0.308032	0.007282
 784	3.9150e-01	8.6998	3.349589	-0.000273	-2.727479	-0.924095	0.021845
 785	3.9200e-01	8.6757	3.276772	0.000182	1.818319	0.616063	-0.014563
 786	3.9250e-01	8.6179	3.058320	0.000545	5.454958	1.848190	-0.043690
 787	3.9300e-01	8.5939	2.839869	0.000545	5.454958	1.848190	-0.043690
 788	3.9350e-01	8.5393	3.058320	-0.000545	-5.454958	-1.848190	0.043690
 789	3.9400e-01	8.4960	2.512192	0.001364	13.637396	4.620475	-0.109226
 790	3.9450e-01	8.4479	2.657826	-0.000364	-3.636639	-1.232127	0.029127
 791	3.9500e-01	8.4254	2.621418	0.000091	0.909160	0.308032	-0.007282
 792	3.9550e-01	8.3773	2.657826	-0.000091	-0.909160	-0.308032	0.007282
 793	3.9600e-01	8.3388	2.439375	0.000545	5.454958	1.848190	-0.043690
 794	3.9650e-01	8.3196	2.512192	-0.000182	-1.818319	-0.616063	0.014563
 795	3.9700e-01	8.2714	2.475783	0.000091	0.909160	0.308032	-0.007282
 796	3.9750e-01	8.2185	2.111697	0.000909	9.091597	3.080317	-0.072817
 797	3.9800e-01	8.1671	2.002472	0.000273	2.727479	0.924095	-0.021845
 798	3.9850e-01	8.1319	1.747612	0.000636	6.364118	2.156222	-0.050972
 799	3.9900e-01	8.1222	2.293740	-0.001364	-13.637396	-4.620475	0.109226
 800	3.9950e-01	8.0468	1.966063	0.000818	8.182437	2.772285	-0.065535
 801	4.0000e-01	8.0164	1.565569	0.001000	10.000757	3.388348	-0.080099
 802	4.0050e-01	8.0051	1.711203	-0.000364	-3.636639	-1.232127	0.029127
 803	4.0100e-01	7.9281	1.383526	0.000818	8.182437	2.772285	-0.065535
 804	4.0150e-01	7.8912	2.002472	-0.001546	-15.455715	-5.236538	0.123789
 805	4.0200e-01	7.8607	1.529160	0.001182	11.819076	4.004411	-0.094662
 806	4.0250e-01	7.8030	1.747612	-0.000545	-5.454958	-1.848190	0.043690
 807	4.0300e-01	7.7709	1.565569	0.000455	4.545799	1.540158	-0.036409
 808	4.0350e-01	7.7404	0.873806	0.001727	17.274035	5.852601	-0.138353
 809	4.0400e-01	7.6827	1.092257	-0.000545	-5.454958	-1.848190	0.043690
 810	4.0450e-01	7.6426	1.128666	-0.000091	-0.909160	-0.308032	0.007282
 811	4.0500e-01	7.6121	0.983032	0.000364	3.636639	1.232127	-0.029127
 812	4.0550e-01	7.5848	1.128666	-0.000364	-3.636639	-1.232127	0.029127
 813	4.0600e-01	7.5479	1.055849	0.000182	1.818319	0.616063	-0.014563
 814	4.0650e-01	7.4982	0.946623	0.000273	2.727479	0.924095	-0.021845
 815	4.0700e-01	7.4613	0.728172	0.000545	5.454958	1.848190	-0.043690
 816	4.0750e-01	7.4212	0.509720	0.000545	5.454958	1.848190	-0.043690
 817	4.0800e-01	7.3698	0.655354	-0.000364	-3.636639	-1.232127	0.029127
 818	4.0850e-01	7.3313	0.400494	0.000636	6.364118	2.156222	-0.050972
 819	4.0900e-01	7.3057	0.473312	-0.000182	-1.818319	-0.616063	0.014563
 820	4.0950e-01	7.2688	0.182043	0.000727	7.273278	2.464253	-0.058254
 821	4.1000e-01	7.2158	0.145634	0.000091	0.909160	0.308032	-0.007282
 822	4.1050e-01	7.1741	0.254860	-0.000273	-2.727479	-0.924095	0.021845
 823	4.1100e-01	7.1533	0.182043	0.000182	1.818319	0.616063	-0.014563
 824	4.1150e-01	7.1019	-0.254860	0.001091	10.909917	3.696380	-0.087381
 825	4.1200e-01	7.0634	0.000000	-0.000636	-6.364118	-2.156222	0.050972
 826	4.1250e-01	7.0217	-0.218451	0.000545	5.454958	1.848190	-0.043690
 827	4.1300e-01	7.0009	-0.182043	-0.000091	-0.909160	-0.308032	0.007282
 828	4.1350e-01	6.9255	-0.364086	0.000455	4.545799	1.540158	-0.036409
 829	4.1400e-01	6.8950	-0.728172	0.000909	9.091597	3.080317	-0.072817
 830	4.1450e-01	6.8613	-0.582537	-0.000364	-3.636639	-1.232127	0.029127
 831	4.1500e-01	6.8196	-0.691763	0.000273	2.727479	0.924095	-0.021845
 832	4.1550e-01	6.7891	-0.546129	-0.000364	-3.636639	-1.232127	0.029127
 833	4.1600e-01	6.7474	-0.873806	0.000818	8.182437	2.772285	-0.065535
 834	4.1650e-01	6.7025	-1.055849	0.000455	4.545799	1.540158	-0.036409
 835	4.1700e-01	6.6415	-1.237892	0.000455	4.545799	1.540158	-0.036409
 836	4.1750e-01	6.6143	-0.837397	-0.001000	-10.000757	-3.388348	0.080099
 837	4.1800e-01	6.6030	-1.383526	0.001364	13.637396	4.620475	-0.109226
 838	4.1850e-01	6.5276	-1.201483	-0.000455	-4.545799	-1.540158	0.036409
 839	4.1900e-01	6.4971	-1.565569	0.000909	9.091597	3.080317	-0.072817
 840	4.1950e-01	6.4827	-1.419935	-0.000364	-3.636639	-1.232127	0.029127
 841	4.2000e-01	6.4217	-1.419935	-0.000000	-0.000000	-0.000000	0.000000
 842	4.2050e-01	6.3816	-1.601977	0.000455	4.545799	1.540158	-0.036409
 843	4.2100e-01	6.3319	-1.565569	-0.000091	-0.909160	-0.308032	0.007282
 844	4.2150e-01	6.3078	-1.529160	-0.000091	-0.909160	-0.308032	0.007282
 845	4.2200e-01	6.2822	-1.492752	-0.000091	-0.909160	-0.308032	0.007282
 846	4.2250e-01	6.2228	-2.002472	0.001273	12.728236	4.312443	-0.101944
 847	4.2300e-01	6.1843	-1.820429	-0.000455	-4.545799	-1.540158	0.036409
 848	4.2350e-01	6.1426	-2.038880	0.000545	5.454958	1.848190	-0.043690
 849	4.2400e-01	6.0816	-2.220923	0.000455	4.545799	1.540158	-0.036409
 850	4.2450e-01	6.0640	-2.293740	0.000182	1.818319	0.616063	-0.014563
 851	4.2500e-01	6.0255	-2.439375	0.000364	3.636639	1.232127	-0.029127
 852	4.2550e-01	5.9758	-2.439375	-0.000000	-0.000000	-0.000000	0.000000
 853	4.2600e-01	5.9212	-2.257332	-0.000455	-4.545799	-1.540158	0.036409
 854	4.2650e-01	5.9036	-2.548600	0.000727	7.273278	2.464253	-0.058254
 855	4.2700e-01	5.8731	-2.585009	0.000091	0.909160	0.308032	-0.007282
 856	4.2750e-01	5.8025	-2.657826	0.000182	1.818319	0.616063	-0.014563
 857	4.2800e-01	5.7817	-2.839869	0.000455	4.545799	1.540158	-0.036409
 858	4.2850e-01	5.7399	-2.949095	0.000273	2.727479	0.924095	-0.021845
 859	4.2900e-01	5.6902	-3.385998	0.001091	10.909917	3.696380	-0.087381
 860	4.2950e-01	5.6678	-3.021912	-0.000909	-9.091597	-3.080317	0.072817
 861	4.3000e-01	5.6276	-3.422406	0.001000	10.000757	3.388348	-0.080099
 862	4.3050e-01	5.5891	-3.240363	-0.000455	-4.545799	-1.540158	0.036409
 863	4.3100e-01	5.5571	-3.349589	0.000273	2.727479	0.924095	-0.021845
 864	4.3150e-01	5.5218	-3.276772	-0.000182	-1.818319	-0.616063	0.014563
 865	4.3200e-01	5.4480	-3.859309	0.001455	14.546555	4.928506	-0.116507
 866	4.3250e-01	5.4383	-3.240363	-0.001546	-15.455715	-5.236538	0.123789
 867	4.3300e-01	5.3886	-3.932126	0.001727	17.274035	5.852601	-0.138353
 868	4.3350e-01	5.3710	-3.604449	-0.000818	-8.182437	-2.772285	0.065535
 869	4.3400e-01	5.3148	-3.713675	0.000273	2.727479	0.924095	-0.021845
 870	4.3450e-01	5.2779	-3.932126	0.000545	5.454958	1.848190	-0.043690
 871	4.3500e-01	5.2346	-4.041352	0.000273	2.727479	0.924095	-0.021845
 872	4.3550e-01	5.1929	-4.514664	0.001182	11.819076	4.004411	-0.094662
 873	4.3600e-01	5.1528	-3.750083	-0.001909	-19.092354	-6.468665	0.152916
 874	4.3650e-01	5.1063	-4.405438	0.001636	16.364875	5.544570	-0.131071
 875	4.3700e-01	5.0790	-4.369029	-0.000091	-0.909160	-0.308032	0.007282
 876	4.3750e-01	5.0293	-4.223395	-0.000364	-3.636639	-1.232127	0.029127
 877	4.3800e-01	4.9635	-4.805932	0.001455	14.546555	4.928506	-0.116507
 878	4.3850e-01	4.9523	-4.623889	-0.000455	-4.545799	-1.540158	0.036409
 879	4.3900e-01	4.9057	-4.733115	0.000273	2.727479	0.924095	-0.021845
 880	4.3950e-01	4.8769	-5.133609	0.001000	10.000757	3.388348	-0.080099
 881	4.4000e-01	4.8175	-5.060792	-0.000182	-1.818319	-0.616063	0.014563
 882	4.4050e-01	4.7726	-5.060792	-0.000000	-0.000000	-0.000000	0.000000
 883	4.4100e-01	4.7197	-5.060792	-0.000000	-0.000000	-0.000000	0.000000
 884	4.4150e-01	4.7100	-5.242835	0.000455	4.545799	1.540158	-0.036409
 885	4.4200e-01	4.6555	-5.170018	-0.000182	-1.818319	-0.616063	0.014563
 886	4.4250e-01	4.6266	-5.279244	0.000273	2.727479	0.924095	-0.021845
 887	4.4300e-01	4.5817	-5.388469	0.000273	2.727479	0.924095	-0.021845
 888	4.4350e-01	4.5480	-5.352061	-0.000091	-0.909160	-0.308032	0.007282
 889	4.4400e-01	4.5271	-6.007415	0.001636	16.364875	5.544570	-0.131071
 890	4.4450e-01	4.4758	-5.570512	-0.001091	-10.909917	-3.696380	0.087381
 891	4.4500e-01	4.4277	-5.679738	0.000273	2.727479	0.924095	-0.021845
 892	4.4550e-01	4.4100	-5.752555	0.000182	1.818319	0.616063	-0.014563
 893	4.4600e-01	4.3619	-6.116641	0.000909	9.091597	3.080317	-0.072817
 894	4.4650e-01	4.3186	-5.898189	-0.000545	-5.454958	-1.848190	0.043690
 895	4.4700e-01	4.2721	-6.189458	0.000727	7.273278	2.464253	-0.058254
 896	4.4750e-01	4.2239	-6.371501	0.000455	4.545799	1.540158	-0.036409
 897	4.4800e-01	4.1838	-6.262275	-0.000273	-2.727479	-0.924095	0.021845
 898	4.4850e-01	4.1582	-6.407910	0.000364	3.636639	1.232127	-0.029127
 899	4.4900e-01	4.1020	-6.335092	-0.000182	-1.818319	-0.616063	0.014563
 900	4.4950e-01	4.0571	-7.208898	0.002182	21.819833	7.392760	-0.174761
 901	4.5000e-01	4.0330	-6.699178	-0.001273	-12.728236	-4.312443	0.101944
 902	4.5050e-01	3.9849	-6.917630	0.000545	5.454958	1.848190	-0.043690
 903	4.5100e-01	3.9432	-6.881221	-0.000091	-0.909160	-0.308032	0.007282
 904	4.5150e-01	3.9207	-7.026855	0.000364	3.636639	1.232127	-0.029127
 905	4.5200e-01	3.8806	-7.099673	0.000182	1.818319	0.616063	-0.014563
 906	4.5250e-01	3.8277	-7.390941	0.000727	7.273278	2.464253	-0.058254
 907	4.5300e-01	3.7764	-6.990447	-0.001000	-10.000757	-3.388348	0.080099
 908	4.5350e-01	3.7459	-7.281715	0.000727	7.273278	2.464253	-0.058254
 909	4.5400e-01	3.7218	-7.645801	0.000909	9.091597	3.080317	-0.072817
 910	4.5450e-01	3.6721	-7.063264	-0.001455	-14.546555	-4.928506	0.116507
 911	4.5500e-01	3.6336	-7.827844	0.001909	19.092354	6.468665	-0.152916
 912	4.5550e-01	3.5951	-7.682210	-0.000364	-3.636639	-1.232127	0.029127
 913	4.5600e-01	3.5405	-7.755027	0.000182	1.818319	0.616063	-0.014563
 914	4.5650e-01	3.5085	-8.373973	0.001546	15.455715	5.236538	-0.123789
 915	4.5700e-01	3.4828	-8.155521	-0.000545	-5.454958	-1.848190	0.043690
 916	4.5750e-01	3.4363	-8.191930	0.000091	0.909160	0.308032	-0.007282
 917	4.5800e-01	3.3881	-8.410381	0.000545	5.454958	1.848190	-0.043690
 918	4.5850e-01	3.3272	-8.155521	-0.000636	-6.364118	-2.156222	0.050972
 919	4.5900e-01	3.2823	-8.483198	0.000818	8.182437	2.772285	-0.065535
 920	4.5950e-01	3.2646	-8.701650	0.000545	5.454958	1.848190	-0.043690
 921	4.6000e-01	3.2550	-8.446790	-0.000636	-6.364118	-2.156222	0.050972
 922	4.6050e-01	3.1716	-8.738058	0.000727	7.273278	2.464253	-0.058254
 923	4.6100e-01	3.1218	-8.738058	-0.000000	-0.000000	-0.000000	0.000000
 924	4.6150e-01	3.1186	-8.920101	0.000455	4.545799	1.540158	-0.036409
 925	4.6200e-01	3.0721	-9.102144	0.000455	4.545799	1.540158	-0.036409
 926	4.6250e-01	3.0111	-8.992919	-0.000273	-2.727479	-0.924095	0.021845
 927	4.6300e-01	2.9839	-8.956510	-0.000091	-0.909160	-0.308032	0.007282
 928	4.6350e-01	2.9550	-9.247779	0.000727	7.273278	2.464253	-0.058254
 929	4.6400e-01	2.9053	-9.393413	0.000364	3.636639	1.232127	-0.029127
 930	4.6450e-01	2.8700	-9.284187	-0.000273	-2.727479	-0.924095	0.021845
 931	4.6500e-01	2.8202	-9.830316	0.001364	13.637396	4.620475	-0.109226
 932	4.6550e-01	2.7817	-9.611864	-0.000545	-5.454958	-1.848190	0.043690
 933	4.6600e-01	2.7785	-9.757499	0.000364	3.636639	1.232127	-0.029127
 934	4.6650e-01	2.7272	-9.903133	0.000364	3.636639	1.232127	-0.029127
 935	4.6700e-01	2.6694	-9.903133	-0.000000	-0.000000	-0.000000	0.000000
 936	4.6750e-01	2.6053	-10.303627	0.001000	10.000757	3.388348	-0.080099
 937	4.6800e-01	2.6149	-10.121584	0.000455	4.545799	1.540158	0.036409
 938	4.6850e-01	2.5363	-10.704122	0.001455	14.546555	4.928506	-0.116507
 939	4.6900e-01	2.4962	-10.048767	-0.001636	-16.364875	-5.544570	0.131071
 940	4.6950e-01	2.4432	-10.449262	0.001000	10.000757	3.388348	-0.080099
 941	4.7000e-01	2.4063	-10.667713	0.000545	5.454958	1.848190	-0.043690
 942	4.7050e-01	2.3999	-10.958982	0.000727	7.273278	2.464253	-0.058254
 943	4.7100e-01	2.3229	-10.412853	-0.001364	-13.637396	-4.620475	0.109226
 944	4.7150e-01	2.3021	-11.104616	0.001727	17.274035	5.852601	-0.138353
 945	4.7200e-01	2.2523	-11.031799	-0.000182	-1.818319	-0.616063	0.014563
 946	4.7250e-01	2.2331	-11.286659	0.000636	6.364118	2.156222	-0.050972
 947	4.7300e-01	2.1609	-11.650745	0.000909	9.091597	3.080317	-0.072817
 948	4.7350e-01	2.1384	-11.250250	-0.001000	-10.000757	-3.388348	0.080099
 949	4.7400e-01	2.1015	-11.577927	0.000818	8.182437	2.772285	-0.065535
 950	4.7450e-01	2.0695	-11.759970	0.000455	4.545799	1.540158	-0.036409
 951	4.7500e-01	2.0181	-11.796379	0.000091	0.909160	0.308032	-0.007282
 952	4.7550e-01	1.9860	-12.306099	0.001273	12.728236	4.312443	-0.101944
 953	4.7600e-01	1.9732	-11.869196	-0.001091	-10.909917	-3.696380	0.087381
 954	4.7650e-01	1.9058	-12.124056	0.000636	6.364118	2.156222	-0.050972
 955	4.7700e-01	1.8465	-11.869196	-0.000636	-6.364118	-2.156222	0.050972
 956	4.7750e-01	1.8336	-12.524550	0.001636	16.364875	5.544570	-0.131071
 957	4.7800e-01	1.7919	-12.415325	-0.000273	-2.727479	-0.924095	0.021845
 958	4.7850e-01	1.7631	-12.342508	-0.000182	-1.818319	-0.616063	0.014563
 959	4.7900e-01	1.7085	-13.034271	0.001727	17.274035	5.852601	-0.138353
 960	4.7950e-01	1.6475	-12.597368	-0.001091	-10.909917	-3.696380	0.087381
 961	4.8000e-01	1.6459	-12.961453	0.000909	9.091597	3.080317	-0.072817
 962	4.8050e-01	1.5914	-12.961453	-0.000000	-0.000000	-0.000000	0.000000
 963	4.8100e-01	1.5336	-13.252722	0.000727	7.273278	2.464253	-0.058254
 964	4.8150e-01	1.5000	-13.434765	0.000455	4.545799	1.540158	-0.036409
 965	4.8200e-01	1.4727	-13.726034	0.000727	7.273278	2.464253	-0.058254
 966	4.8250e-01	1.4133	-13.325539	-0.001000	-10.000757	-3.388348	0.080099
 967	4.8300e-01	1.3828	-13.289131	-0.000091	-0.909160	-0.308032	0.007282
 968	4.8350e-01	1.3315	-13.689625	0.001000	10.000757	3.388348	-0.080099
 969	4.8400e-01	1.3091	-13.726034	0.000091	0.909160	0.308032	-0.007282
 970	4.8450e-01	1.2417	-13.944485	0.000545	5.454958	1.848190	-0.043690
 971	4.8500e-01	1.2256	-13.871668	-0.000182	-1.818319	-0.616063	0.014563
 972	4.8550e-01	1.1823	-13.980894	0.000273	2.727479	0.924095	-0.021845
 973	4.8600e-01	1.1583	-14.344979	0.000909	9.091597	3.080317	-0.072817
 974	4.8650e-01	1.1294	-14.454205	0.000273	2.727479	0.924095	-0.021845
 975	4.8700e-01	1.0652	-14.454205	-0.000000	-0.000000	-0.000000	0.000000
 976	4.8750e-01	1.0508	-14.891108	0.001091	10.909917	3.696380	-0.087381
 977	4.8800e-01	1.0026	-14.818291	-0.000182	-1.818319	-0.616063	0.014563
 978	4.8850e-01	0.9529	-14.963925	0.000364	3.636639	1.232127	-0.029127
 979	4.8900e-01	0.9000	-14.963925	-0.000000	-0.000000	-0.000000	0.000000
 980	4.8950e-01	0.8647	-15.255194	0.000727	7.273278	2.464253	-0.058254
 981	4.9000e-01	0.8198	-15.619280	0.000909	9.091597	3.080317	-0.072817
 982	4.9050e-01	0.8037	-15.182377	-0.001091	-10.909917	-3.696380	0.087381
 983	4.9100e-01	0.7588	-15.437237	0.000636	6.364118	2.156222	-0.050972
 984	4.9150e-01	0.7059	-15.437237	-0.000000	-0.000000	-0.000000	0.000000
 985	4.9200e-01	0.6625	-15.910548	0.001182	11.819076	4.004411	-0.094662
 986	4.9250e-01	0.6240	-15.874140	-0.000091	-0.909160	-0.308032	0.007282
 987	4.9300e-01	0.5695	-16.056182	0.000455	4.545799	1.540158	-0.036409
 988	4.9350e-01	0.5374	-15.874140	-0.000455	-4.545799	-1.540158	0.036409
 989	4.9400e-01	0.4941	-16.493085	0.001546	15.455715	5.236538	-0.123789
 990	4.9450e-01	0.4620	-16.383860	-0.000273	-2.727479	-0.924095	0.021845
 991	4.9500e-01	0.4412	-16.201817	-0.000455	-4.545799	-1.540158	0.036409
 992	4.9550e-01	0.3995	-16.820763	0.001546	15.455715	5.236538	-0.123789
 993	4.9600e-01	0.3321	-17.075623	0.000636	6.364118	2.156222	-0.050972
 994	4.9650e-01	0.2904	-16.929988	-0.000364	-3.636639	-1.232127	0.029127
 995	4.9700e-01	0.2615	-17.294074	0.000909	9.091597	3.080317	-0.072817
 996	4.9750e-01	0.2086	-17.221257	-0.000182	-1.818319	-0.616063	0.014563
 997	4.9800e-01	0.1733	-17.039214	-0.000455	-4.545799	-1.540158	0.036409
 998	4.9850e-01	0.1540	-17.767386	0.001818	18.183194	6.160633	-0.145634
 999	4.9900e-01	0.0882	-17.221257	-0.001364	-13.637396	-4.620475	0.109226
1000	4.9950e-01	0.0738	-17.621751	0.001000	10.000757	3.388348	-0.080099
1001	5.0000e-01	0.0706	-18.131471	0.001000	10.000757	3.388348	-0.101944

PMax (uC/cm2):	4.13e+01
Pr (uC/cm2):	2.55e+00
-Pr (uC/cm2):	0.00e+00
PLoss (uC/cm2):	0.00e+00
C (Max-Eff) (nF):	2.06e-01
K (Eff):	6.99e+02
Vert. (+/-Pr) Shift (uC/cm2):	1.27e+00
Offset (uC/cm2):	2.07e+01

A (Loop Area - uC/cm2·Volts):	-1.42e-01



Hysteresis Version: 5.48.1 - Radiant Technologies, Inc., 1999 - 9/12/24

