»»»»»»»»»»»»»»»»»»»»»»»»»»»»»»»»»»»» Hysteresis ««««««««««««««««««««««««««««««««««««
»»»  Executed Version:	5.48.1
»»»  Vision Version:	5.48.4 (R)
»»»  Vision Compiled:	9/18/24
»»»  Driver Version:	5.47.0
»»»  Windows Version:	Windows 8 or 8.1
»»»  Processor Information:	x86 (AMD or Intel) - 32 Processors
»»»  Tester Name:	PMF21124-494 (100V)
»»»  Tester S/N:	PMF21124-494
»»»  Internal Amp Type:	100V RevK 270k
»»»  Internal Amp S/N:	iAB2-596/K     
»»»  Execution Count:	1
»»»»»»»»»»»»»»»»»»»»»»»»»»»»»»»»»»»»»»»»»»««««««««««««««««««««««««««««««««««««««««««

Stored:	10/2/2025 - 17:45:0
Configured:	10/02/25 12:40:15 PM
Executed:	10/02/25 05:44:28 PM

»»»»»»»»»»»»»»»»»»»»»»»»»»»»»»»»»»» Sample Info ««««««««««««««««««««««««««««««««««««
Sample Name:	Int. Ref. Ferroelectric
Lot Name:	N/A
Wafer Name:	N/A
Die Row/Column:	0/0
Capacitor Number:	0
Sample Area (cm2):	1.00e-04
Sample Thickness (microns):	3.00e-01

Amplifier:	Internal

»»»»»»»»»»»»»»»»»»»»»»»»»»»»»»»»»»» Tester Info «««««««««««««««««««««««««««««««««««
Tester Name:	PMF21124-494 (100V)
Tester Serial Number:	PMF21124-494
Return Signal Amp. Level:	0.02 [Index: 2]

»»»»»»»»»»»»»»»»»»»»»»»»»»»»»»»» Hysteresis Info ««««««««««««««««««««««««««««««««««
Task Name:	Hyst-1
Volts:	20.00
Field:	666.67 (kV/cm)
DCBias:	0.00
DCField:	0.00 (kV/cm)
Hysteresis Period (ms):	5.00e-01
Preset:	Enabled
Preset Delay (ms):	1.00e+03
Profile:	Standard Monopolar

»»»»»»»»»»»»»»»»»»»»»»»»»»»»»»»»»»»»»» Data «««««««««««««««««««««««««««««««««««««««
Points:	1001

Valid Data

Point	Time (ms)	Drive Voltage	Measured Polarization (uC/cm2)	Capacitance (uF)	Normalized Capacitance (uF/cm2)	Dielectric Constant	Instantaneous Current (mA)
   1	0.0000e+00	0.0433	-39.412285	-0.000269	-2.688566	-0.910911	0.021845
   2	5.0000e-04	0.0289	-39.303059	-0.000269	-2.688566	-0.910911	0.021845
   3	1.0000e-03	0.1556	-39.048199	0.000627	6.273320	2.125458	0.050972
   4	1.5000e-03	0.1797	-39.339467	-0.000717	-7.169508	-2.429095	-0.058254
   5	2.0000e-03	0.1973	-38.902564	0.001075	10.754262	3.643643	0.087381
   6	2.5000e-03	0.2310	-39.011790	-0.000269	-2.688566	-0.910911	-0.021845
   7	3.0000e-03	0.2904	-38.611296	0.000986	9.858074	3.340006	0.080099
   8	3.5000e-03	0.3321	-38.574887	0.000090	0.896189	0.303637	0.007282
   9	4.0000e-03	0.3674	-38.538479	0.000090	0.896189	0.303637	0.007282
  10	4.5000e-03	0.4107	-37.955941	0.001434	14.339017	4.858190	0.116507
  11	5.0000e-03	0.4476	-37.992350	-0.000090	-0.896189	-0.303637	-0.007282
  12	5.5000e-03	0.4668	-37.992350	0.000000	0.000000	0.000000	0.000000
  13	6.0000e-03	0.5037	-37.591856	0.000986	9.858074	3.340006	0.080099
  14	6.5000e-03	0.5615	-37.264179	0.000807	8.065697	2.732732	0.065535
  15	7.0000e-03	0.6080	-37.336996	-0.000179	-1.792377	-0.607274	-0.014563
  16	7.5000e-03	0.6593	-36.972910	0.000896	8.961885	3.036369	0.072817
  17	8.0000e-03	0.6802	-36.608824	0.000896	8.961885	3.036369	0.072817
  18	8.5000e-03	0.7315	-36.281147	0.000807	8.065697	2.732732	0.065535
  19	9.0000e-03	0.7652	-36.062695	0.000538	5.377131	1.821821	0.043690
  20	9.5000e-03	0.8053	-35.771427	0.000717	7.169508	2.429095	0.058254
  21	1.0000e-02	0.8278	-35.589384	0.000448	4.480943	1.518184	0.036409
  22	1.0500e-02	0.8968	-35.225298	0.000896	8.961885	3.036369	0.072817
  23	1.1000e-02	0.9160	-35.516567	-0.000717	-7.169508	-2.429095	-0.058254
  24	1.1500e-02	0.9882	-34.679170	0.002061	20.612336	6.983649	0.167479
  25	1.2000e-02	0.9978	-34.715578	-0.000090	-0.896189	-0.303637	-0.007282
  26	1.2500e-02	1.0508	-34.606352	0.000269	2.688566	0.910911	0.021845
  27	1.3000e-02	1.0716	-34.315084	0.000717	7.169508	2.429095	0.058254
  28	1.3500e-02	1.1358	-34.060224	0.000627	6.273320	2.125458	0.050972
  29	1.4000e-02	1.1663	-33.404869	0.001613	16.131394	5.465464	0.131071
  30	1.4500e-02	1.2176	-33.623321	-0.000538	-5.377131	-1.821821	-0.043690
  31	1.5000e-02	1.2433	-33.077192	0.001344	13.442828	4.554553	0.109226
  32	1.5500e-02	1.2754	-32.895149	0.000448	4.480943	1.518184	0.036409
  33	1.6000e-02	1.3299	-32.858741	0.000090	0.896189	0.303637	0.007282
  34	1.6500e-02	1.3716	-32.421838	0.001075	10.754262	3.643643	0.087381
  35	1.7000e-02	1.4165	-32.094161	0.000807	8.065697	2.732732	0.065535
  36	1.7500e-02	1.4647	-31.984935	0.000269	2.688566	0.910911	0.021845
  37	1.8000e-02	1.4903	-31.730075	0.000627	6.273320	2.125458	0.050972
  38	1.8500e-02	1.5240	-31.293172	0.001075	10.754262	3.643643	0.087381
  39	1.9000e-02	1.5497	-31.293172	0.000000	0.000000	0.000000	0.000000
  40	1.9500e-02	1.6203	-31.183946	0.000269	2.688566	0.910911	0.021845
  41	2.0000e-02	1.6251	-31.038312	0.000358	3.584754	1.214548	0.029127
  42	2.0500e-02	1.6475	-30.710635	0.000807	8.065697	2.732732	0.065535
  43	2.1000e-02	1.7310	-30.091689	0.001524	15.235205	5.161827	0.123789
  44	2.1500e-02	1.7791	-30.455775	-0.000896	-8.961885	-3.036369	-0.072817
  45	2.2000e-02	1.7935	-29.982463	0.001165	11.650451	3.947280	0.094662
  46	2.2500e-02	1.8417	-29.836829	0.000358	3.584754	1.214548	0.029127
  47	2.3000e-02	1.8914	-29.727603	0.000269	2.688566	0.910911	0.021845
  48	2.3500e-02	1.9395	-29.072249	0.001613	16.131394	5.465464	0.131071
  49	2.4000e-02	1.9652	-29.035840	0.000090	0.896189	0.303637	0.007282
  50	2.4500e-02	2.0294	-28.562529	0.001165	11.650451	3.947280	0.094662
  51	2.5000e-02	2.0486	-28.817389	-0.000627	-6.273320	-2.125458	-0.050972
  52	2.5500e-02	2.1240	-28.380486	0.001075	10.754262	3.643643	0.087381
  53	2.6000e-02	2.1272	-28.125626	0.000627	6.273320	2.125458	0.050972
  54	2.6500e-02	2.1577	-28.052809	0.000179	1.792377	0.607274	0.014563
  55	2.7000e-02	2.2026	-27.397454	0.001613	16.131394	5.465464	0.131071
  56	2.7500e-02	2.2556	-27.652314	-0.000627	-6.273320	-2.125458	-0.050972
  57	2.8000e-02	2.2828	-27.433863	0.000538	5.377131	1.821821	0.043690
  58	2.8500e-02	2.3374	-26.887734	0.001344	13.442828	4.554553	0.109226
  59	2.9000e-02	2.3791	-26.960551	-0.000179	-1.792377	-0.607274	-0.014563
  60	2.9500e-02	2.4449	-26.523648	0.001075	10.754262	3.643643	0.087381
  61	3.0000e-02	2.4384	-26.050337	-0.001165	-11.650451	-3.947280	0.094662
  62	3.0500e-02	2.4962	-26.305197	-0.000627	-6.273320	-2.125458	-0.050972
  63	3.1000e-02	2.5299	-25.613434	0.001703	17.027582	5.769101	0.138353
  64	3.1500e-02	2.6005	-25.868294	-0.000627	-6.273320	-2.125458	-0.050972
  65	3.2000e-02	2.6133	-25.285757	0.001434	14.339017	4.858190	0.116507
  66	3.2500e-02	2.6406	-25.249348	0.000090	0.896189	0.303637	0.007282
  67	3.3000e-02	2.6935	-25.030897	0.000538	5.377131	1.821821	0.043690
  68	3.3500e-02	2.7497	-24.630402	0.000986	9.858074	3.340006	0.080099
  69	3.4000e-02	2.7561	-24.739628	-0.000269	-2.688566	-0.910911	-0.021845
  70	3.4500e-02	2.8443	-24.448359	0.000717	7.169508	2.429095	0.058254
  71	3.5000e-02	2.8443	-24.448359	-0.000000	-0.000000	-0.000000	0.000000
  72	3.5500e-02	2.8620	-23.902231	0.001344	13.442828	4.554553	0.109226
  73	3.6000e-02	2.9181	-23.574554	0.000807	8.065697	2.732732	0.065535
  74	3.6500e-02	2.9438	-23.720188	-0.000358	-3.584754	-1.214548	-0.029127
  75	3.7000e-02	2.9823	-23.283285	0.001075	10.754262	3.643643	0.087381
  76	3.7500e-02	3.0352	-22.919199	0.000896	8.961885	3.036369	0.072817
  77	3.8000e-02	3.0881	-23.174059	-0.000627	-6.273320	-2.125458	-0.050972
  78	3.8500e-02	3.1138	-22.591522	0.001434	14.339017	4.858190	0.116507
  79	3.9000e-02	3.1812	-22.664339	-0.000179	-1.792377	-0.607274	-0.014563
  80	3.9500e-02	3.2149	-22.263845	0.000986	9.858074	3.340006	0.080099
  81	4.0000e-02	3.2438	-21.936168	0.000807	8.065697	2.732732	0.065535
  82	4.0500e-02	3.2791	-21.972576	-0.000090	-0.896189	-0.303637	-0.007282
  83	4.1000e-02	3.3208	-21.863350	0.000269	2.688566	0.910911	0.021845
  84	4.1500e-02	3.3962	-21.535673	0.000807	8.065697	2.732732	0.065535
  85	4.2000e-02	3.3897	-21.171588	-0.000896	-8.961885	-3.036369	0.072817
  86	4.2500e-02	3.4619	-21.353630	-0.000448	-4.480943	-1.518184	-0.036409
  87	4.3000e-02	3.4796	-21.062362	0.000717	7.169508	2.429095	0.058254
  88	4.3500e-02	3.5373	-20.771093	0.000717	7.169508	2.429095	0.058254
  89	4.4000e-02	3.5678	-20.516233	0.000627	6.273320	2.125458	0.050972
  90	4.4500e-02	3.5951	-20.297782	0.000538	5.377131	1.821821	0.043690
  91	4.5000e-02	3.6625	-20.115739	0.000448	4.480943	1.518184	0.036409
  92	4.5500e-02	3.6737	-20.042922	0.000179	1.792377	0.607274	0.014563
  93	4.6000e-02	3.7106	-19.715244	0.000807	8.065697	2.732732	0.065535
  94	4.6500e-02	3.7812	-19.533202	0.000448	4.480943	1.518184	0.036409
  95	4.7000e-02	3.7908	-19.096299	0.001075	10.754262	3.643643	0.087381
  96	4.7500e-02	3.8373	-19.059890	0.000090	0.896189	0.303637	0.007282
  97	4.8000e-02	3.9031	-18.987073	0.000179	1.792377	0.607274	0.014563
  98	4.8500e-02	3.9576	-18.914256	0.000179	1.792377	0.607274	0.014563
  99	4.9000e-02	3.9368	-18.622987	-0.000717	-7.169508	-2.429095	0.058254
 100	4.9500e-02	4.0298	-18.368127	0.000627	6.273320	2.125458	0.050972
 101	5.0000e-02	4.0699	-18.258901	0.000269	2.688566	0.910911	0.021845
 102	5.0500e-02	4.0972	-18.258901	0.000000	0.000000	0.000000	0.000000
 103	5.1000e-02	4.1405	-17.858407	0.000986	9.858074	3.340006	0.080099
 104	5.1500e-02	4.1694	-17.530730	0.000807	8.065697	2.732732	0.065535
 105	5.2000e-02	4.2015	-17.421504	0.000269	2.688566	0.910911	0.021845
 106	5.2500e-02	4.2432	-17.312278	0.000269	2.688566	0.910911	0.021845
 107	5.3000e-02	4.3042	-17.312278	0.000000	0.000000	0.000000	0.000000
 108	5.3500e-02	4.3266	-16.838967	0.001165	11.650451	3.947280	0.094662
 109	5.4000e-02	4.3731	-16.656924	0.000448	4.480943	1.518184	0.036409
 110	5.4500e-02	4.4068	-16.402064	0.000627	6.273320	2.125458	0.050972
 111	5.5000e-02	4.4437	-16.292838	0.000269	2.688566	0.910911	0.021845
 112	5.5500e-02	4.5015	-16.110795	0.000448	4.480943	1.518184	0.036409
 113	5.6000e-02	4.5448	-15.855935	0.000627	6.273320	2.125458	0.050972
 114	5.6500e-02	4.5705	-15.746710	0.000269	2.688566	0.910911	0.021845
 115	5.7000e-02	4.6154	-15.528258	0.000538	5.377131	1.821821	0.043690
 116	5.7500e-02	4.6346	-15.346215	0.000448	4.480943	1.518184	0.036409
 117	5.8000e-02	4.6635	-15.236989	0.000269	2.688566	0.910911	0.021845
 118	5.8500e-02	4.7405	-15.346215	-0.000269	-2.688566	-0.910911	-0.021845
 119	5.9000e-02	4.7806	-15.018538	0.000807	8.065697	2.732732	0.065535
 120	5.9500e-02	4.8143	-14.618044	0.000986	9.858074	3.340006	0.080099
 121	6.0000e-02	4.8271	-14.399592	0.000538	5.377131	1.821821	0.043690
 122	6.0500e-02	4.8977	-14.363184	0.000090	0.896189	0.303637	0.007282
 123	6.1000e-02	4.9410	-13.889872	0.001165	11.650451	3.947280	0.094662
 124	6.1500e-02	4.9940	-13.853464	0.000090	0.896189	0.303637	0.007282
 125	6.2000e-02	5.0309	-13.926281	-0.000179	-1.792377	-0.607274	-0.014563
 126	6.2500e-02	5.0517	-13.380152	0.001344	13.442828	4.554553	0.109226
 127	6.3000e-02	5.0694	-13.635012	-0.000627	-6.273320	-2.125458	-0.050972
 128	6.3500e-02	5.1368	-13.088883	0.001344	13.442828	4.554553	0.109226
 129	6.4000e-02	5.1448	-12.761206	0.000807	8.065697	2.732732	0.065535
 130	6.4500e-02	5.2218	-12.906841	-0.000358	-3.584754	-1.214548	-0.029127
 131	6.5000e-02	5.2507	-12.797615	0.000269	2.688566	0.910911	0.021845
 132	6.5500e-02	5.2908	-12.433529	0.000896	8.961885	3.036369	0.072817
 133	6.6000e-02	5.3228	-12.761206	-0.000807	-8.065697	-2.732732	-0.065535
 134	6.6500e-02	5.3405	-12.178669	0.001434	14.339017	4.858190	0.116507
 135	6.7000e-02	5.3886	-11.923809	0.000627	6.273320	2.125458	0.050972
 136	6.7500e-02	5.4624	-11.814583	0.000269	2.688566	0.910911	0.021845
 137	6.8000e-02	5.4785	-11.486906	0.000807	8.065697	2.732732	0.065535
 138	6.8500e-02	5.5025	-11.341272	0.000358	3.584754	1.214548	0.029127
 139	6.9000e-02	5.5827	-11.304863	0.000090	0.896189	0.303637	0.007282
 140	6.9500e-02	5.6164	-10.940777	0.000896	8.961885	3.036369	0.072817
 141	7.0000e-02	5.6517	-11.013595	-0.000179	-1.792377	-0.607274	-0.014563
 142	7.0500e-02	5.6517	-10.722326	-0.000717	-7.169508	-2.429095	0.058254
 143	7.1000e-02	5.7047	-10.503874	0.000538	5.377131	1.821821	0.043690
 144	7.1500e-02	5.7448	-10.321832	0.000448	4.480943	1.518184	0.036409
 145	7.2000e-02	5.8105	-10.321832	0.000000	0.000000	0.000000	0.000000
 146	7.2500e-02	5.8362	-9.557251	0.001882	18.819959	6.376375	0.152916
 147	7.3000e-02	5.8923	-10.103380	-0.001344	-13.442828	-4.554553	-0.109226
 148	7.3500e-02	5.9212	-9.484434	0.001524	15.235205	5.161827	0.123789
 149	7.4000e-02	5.9661	-9.593660	-0.000269	-2.688566	-0.910911	-0.021845
 150	7.4500e-02	6.0111	-9.557251	0.000090	0.896189	0.303637	0.007282
 151	7.5000e-02	6.0335	-9.265983	0.000717	7.169508	2.429095	0.058254
 152	7.5500e-02	6.0913	-8.938306	0.000807	8.065697	2.732732	0.065535
 153	7.6000e-02	6.1619	-8.683446	0.000627	6.273320	2.125458	0.050972
 154	7.6500e-02	6.1779	-8.392177	0.000717	7.169508	2.429095	0.058254
 155	7.7000e-02	6.2132	-8.865488	-0.001165	-11.650451	-3.947280	-0.094662
 156	7.7500e-02	6.2517	-8.173726	0.001703	17.027582	5.769101	0.138353
 157	7.8000e-02	6.2918	-8.173726	0.000000	0.000000	0.000000	0.000000
 158	7.8500e-02	6.2966	-8.137317	0.000090	0.896189	0.303637	0.007282
 159	7.9000e-02	6.3576	-7.882457	0.000627	6.273320	2.125458	0.050972
 160	7.9500e-02	6.4185	-7.664005	0.000538	5.377131	1.821821	0.043690
 161	8.0000e-02	6.4458	-7.336328	0.000807	8.065697	2.732732	0.065535
 162	8.0500e-02	6.5084	-7.227103	0.000269	2.688566	0.910911	0.021845
 163	8.1000e-02	6.4715	-7.227103	-0.000000	-0.000000	-0.000000	0.000000
 164	8.1500e-02	6.5966	-6.753791	0.001165	11.650451	3.947280	0.094662
 165	8.2000e-02	6.5966	-6.790200	0.000090	0.896189	0.303637	-0.007282
 166	8.2500e-02	6.6415	-6.790200	0.000000	0.000000	0.000000	0.000000
 167	8.3000e-02	6.7073	-6.571748	0.000538	5.377131	1.821821	0.043690
 168	8.3500e-02	6.7137	-6.426114	0.000358	3.584754	1.214548	0.029127
 169	8.4000e-02	6.7618	-5.770759	0.001613	16.131394	5.465464	0.131071
 170	8.4500e-02	6.8308	-6.244071	-0.001165	-11.650451	-3.947280	-0.094662
 171	8.5000e-02	6.8693	-5.515899	0.001792	17.923771	6.072738	0.145634
 172	8.5500e-02	6.9078	-5.916394	-0.000986	-9.858074	-3.340006	-0.080099
 173	8.6000e-02	6.9223	-5.370265	0.001344	13.442828	4.554553	0.109226
 174	8.6500e-02	6.9303	-5.479491	-0.000269	-2.688566	-0.910911	-0.021845
 175	8.7000e-02	7.0249	-5.261039	0.000538	5.377131	1.821821	0.043690
 176	8.7500e-02	7.0394	-5.042588	0.000538	5.377131	1.821821	0.043690
 177	8.8000e-02	7.0522	-4.824136	0.000538	5.377131	1.821821	0.043690
 178	8.8500e-02	7.1501	-4.569276	0.000627	6.273320	2.125458	0.050972
 179	8.9000e-02	7.1902	-4.241599	0.000807	8.065697	2.732732	0.065535
 180	8.9500e-02	7.2190	-4.241599	0.000000	0.000000	0.000000	0.000000
 181	9.0000e-02	7.2447	-4.569276	-0.000807	-8.065697	-2.732732	-0.065535
 182	9.0500e-02	7.2977	-4.059556	0.001255	12.546639	4.250917	0.101944
 183	9.1000e-02	7.3137	-3.768288	0.000717	7.169508	2.429095	0.058254
 184	9.1500e-02	7.3650	-3.877513	-0.000269	-2.688566	-0.910911	-0.021845
 185	9.2000e-02	7.3939	-3.513428	0.000896	8.961885	3.036369	0.072817
 186	9.2500e-02	7.4485	-3.003708	0.001255	12.546639	4.250917	0.101944
 187	9.3000e-02	7.4966	-3.294976	-0.000717	-7.169508	-2.429095	-0.058254
 188	9.3500e-02	7.5206	-3.040116	0.000627	6.273320	2.125458	0.050972
 189	9.4000e-02	7.5944	-3.003708	0.000090	0.896189	0.303637	0.007282
 190	9.4500e-02	7.6057	-2.639622	0.000896	8.961885	3.036369	0.072817
 191	9.5000e-02	7.6602	-2.639622	0.000000	0.000000	0.000000	0.000000
 192	9.5500e-02	7.6779	-2.457579	0.000448	4.480943	1.518184	0.036409
 193	9.6000e-02	7.7228	-2.275536	0.000448	4.480943	1.518184	0.036409
 194	9.6500e-02	7.7805	-2.020676	0.000627	6.273320	2.125458	0.050972
 195	9.7000e-02	7.8238	-1.947859	0.000179	1.792377	0.607274	0.014563
 196	9.7500e-02	7.8351	-1.692999	0.000627	6.273320	2.125458	0.050972
 197	9.8000e-02	7.8944	-1.838633	-0.000358	-3.584754	-1.214548	-0.029127
 198	9.8500e-02	7.9121	-1.510956	0.000807	8.065697	2.732732	0.065535
 199	9.9000e-02	7.9602	-1.256096	0.000627	6.273320	2.125458	0.050972
 200	9.9500e-02	8.0067	-1.146870	0.000269	2.688566	0.910911	0.021845
 201	1.0000e-01	8.0484	-0.964827	0.000448	4.480943	1.518184	0.036409
 202	1.0050e-01	8.0757	-1.037644	-0.000179	-1.792377	-0.607274	-0.014563
 203	1.0100e-01	8.1142	-0.782784	0.000627	6.273320	2.125458	0.050972
 204	1.0150e-01	8.1623	-0.527924	0.000627	6.273320	2.125458	0.050972
 205	1.0200e-01	8.2024	-0.163839	0.000896	8.961885	3.036369	0.072817
 206	1.0250e-01	8.2586	-0.382290	-0.000538	-5.377131	-1.821821	-0.043690
 207	1.0300e-01	8.3196	-0.163839	0.000538	5.377131	1.821821	0.043690
 208	1.0350e-01	8.3035	0.127430	-0.000717	-7.169508	-2.429095	0.058254
 209	1.0400e-01	8.3564	0.200247	0.000179	1.792377	0.607274	0.014563
 210	1.0450e-01	8.4302	0.418699	0.000538	5.377131	1.821821	0.043690
 211	1.0500e-01	8.4463	0.527924	0.000269	2.688566	0.910911	0.021845
 212	1.0550e-01	8.4848	0.637150	0.000269	2.688566	0.910911	0.021845
 213	1.0600e-01	8.5313	1.001236	0.000896	8.961885	3.036369	0.072817
 214	1.0650e-01	8.5698	0.746376	-0.000627	-6.273320	-2.125458	-0.050972
 215	1.0700e-01	8.6051	1.110462	0.000896	8.961885	3.036369	0.072817
 216	1.0750e-01	8.6532	1.328913	0.000538	5.377131	1.821821	0.043690
 217	1.0800e-01	8.6596	1.692999	0.000896	8.961885	3.036369	0.072817
 218	1.0850e-01	8.7383	1.656590	-0.000090	-0.896189	-0.303637	-0.007282
 219	1.0900e-01	8.7832	1.802225	0.000358	3.584754	1.214548	0.029127
 220	1.0950e-01	8.8088	1.875042	0.000179	1.792377	0.607274	0.014563
 221	1.1000e-01	8.8538	2.093493	0.000538	5.377131	1.821821	0.043690
 222	1.1050e-01	8.9035	1.947859	-0.000358	-3.584754	-1.214548	-0.029127
 223	1.1100e-01	8.9260	2.639622	0.001703	17.027582	5.769101	0.138353
 224	1.1150e-01	8.9661	2.566805	-0.000179	-1.792377	-0.607274	-0.014563
 225	1.1200e-01	9.0094	3.112933	0.001344	13.442828	4.554553	0.109226
 226	1.1250e-01	9.0174	2.894482	-0.000538	-5.377131	-1.821821	-0.043690
 227	1.1300e-01	9.0848	2.785256	-0.000269	-2.688566	-0.910911	-0.021845
 228	1.1350e-01	9.1425	2.967299	0.000448	4.480943	1.518184	0.036409
 229	1.1400e-01	9.1554	3.404202	0.001075	10.754262	3.643643	0.087381
 230	1.1450e-01	9.2356	3.331385	-0.000179	-1.792377	-0.607274	-0.014563
 231	1.1500e-01	9.2596	3.440611	0.000269	2.688566	0.910911	0.021845
 232	1.1550e-01	9.2821	3.913922	0.001165	11.650451	3.947280	0.094662
 233	1.1600e-01	9.3366	3.986739	0.000179	1.792377	0.607274	0.014563
 234	1.1650e-01	9.3575	4.205191	0.000538	5.377131	1.821821	0.043690
 235	1.1700e-01	9.4281	4.278008	0.000179	1.792377	0.607274	0.014563
 236	1.1750e-01	9.4537	4.241599	-0.000090	-0.896189	-0.303637	-0.007282
 237	1.1800e-01	9.4938	4.569276	0.000807	8.065697	2.732732	0.065535
 238	1.1850e-01	9.5163	4.569276	0.000000	0.000000	0.000000	0.000000
 239	1.1900e-01	9.5692	4.714911	0.000358	3.584754	1.214548	0.029127
 240	1.1950e-01	9.5981	5.006179	0.000717	7.169508	2.429095	0.058254
 241	1.2000e-01	9.6398	5.224631	0.000538	5.377131	1.821821	0.043690
 242	1.2050e-01	9.6799	4.787728	-0.001075	-10.754262	-3.643643	-0.087381
 243	1.2100e-01	9.7104	5.661534	0.002151	21.508525	7.287285	0.174761
 244	1.2150e-01	9.7553	5.661534	0.000000	0.000000	0.000000	0.000000
 245	1.2200e-01	9.8291	5.989211	0.000807	8.065697	2.732732	0.065535
 246	1.2250e-01	9.8468	5.697942	-0.000717	-7.169508	-2.429095	-0.058254
 247	1.2300e-01	9.8741	6.025619	0.000807	8.065697	2.732732	0.065535
 248	1.2350e-01	9.9238	6.207662	0.000448	4.480943	1.518184	0.036409
 249	1.2400e-01	9.9623	6.134845	-0.000179	-1.792377	-0.607274	-0.014563
 250	1.2450e-01	10.0056	6.899425	0.001882	18.819959	6.376375	0.152916
 251	1.2500e-01	10.0249	6.535340	-0.000896	-8.961885	-3.036369	-0.072817
 252	1.2550e-01	10.0810	6.899425	0.000896	8.961885	3.036369	0.072817
 253	1.2600e-01	10.1452	6.826608	-0.000179	-1.792377	-0.607274	-0.014563
 254	1.2650e-01	10.1532	6.863017	0.000090	0.896189	0.303637	0.007282
 255	1.2700e-01	10.1965	7.591188	0.001792	17.923771	6.072738	0.145634
 256	1.2750e-01	10.2430	7.481963	-0.000269	-2.688566	-0.910911	-0.021845
 257	1.2800e-01	10.2735	7.263511	-0.000538	-5.377131	-1.821821	-0.043690
 258	1.2850e-01	10.3248	7.955274	0.001703	17.027582	5.769101	0.138353
 259	1.2900e-01	10.3762	8.100908	0.000358	3.584754	1.214548	0.029127
 260	1.2950e-01	10.4227	7.955274	-0.000358	-3.584754	-1.214548	-0.029127
 261	1.3000e-01	10.4163	8.137317	-0.000448	-4.480943	-1.518184	0.036409
 262	1.3050e-01	10.4965	8.246543	0.000269	2.688566	0.910911	0.021845
 263	1.3100e-01	10.5254	8.246543	0.000000	0.000000	0.000000	0.000000
 264	1.3150e-01	10.5559	8.974714	0.001792	17.923771	6.072738	0.145634
 265	1.3200e-01	10.6120	8.683446	-0.000717	-7.169508	-2.429095	-0.058254
 266	1.3250e-01	10.6377	8.574220	-0.000269	-2.688566	-0.910911	-0.021845
 267	1.3300e-01	10.6922	8.974714	0.000986	9.858074	3.340006	0.080099
 268	1.3350e-01	10.7227	9.193166	0.000538	5.377131	1.821821	0.043690
 269	1.3400e-01	10.7724	9.156757	-0.000090	-0.896189	-0.303637	-0.007282
 270	1.3450e-01	10.7997	9.229574	0.000179	1.792377	0.607274	0.014563
 271	1.3500e-01	10.8526	9.557251	0.000807	8.065697	2.732732	0.065535
 272	1.3550e-01	10.8847	9.957746	0.000986	9.858074	3.340006	0.080099
 273	1.3600e-01	10.9056	9.848520	-0.000269	-2.688566	-0.910911	-0.021845
 274	1.3650e-01	10.9842	9.812111	-0.000090	-0.896189	-0.303637	-0.007282
 275	1.3700e-01	10.9922	10.066972	0.000627	6.273320	2.125458	0.050972
 276	1.3750e-01	11.0500	10.285423	0.000538	5.377131	1.821821	0.043690
 277	1.3800e-01	11.1029	10.212606	-0.000179	-1.792377	-0.607274	-0.014563
 278	1.3850e-01	11.1286	10.867960	0.001613	16.131394	5.465464	0.131071
 279	1.3900e-01	11.1446	10.722326	-0.000358	-3.584754	-1.214548	-0.029127
 280	1.3950e-01	11.2072	10.904369	0.000448	4.480943	1.518184	0.036409
 281	1.4000e-01	11.2553	10.940777	0.000090	0.896189	0.303637	0.007282
 282	1.4050e-01	11.2778	10.904369	-0.000090	-0.896189	-0.303637	-0.007282
 283	1.4100e-01	11.3387	11.013595	0.000269	2.688566	0.910911	0.021845
 284	1.4150e-01	11.3884	11.523315	0.001255	12.546639	4.250917	0.101944
 285	1.4200e-01	11.3852	11.377680	0.000358	3.584754	1.214548	-0.029127
 286	1.4250e-01	11.4574	11.741766	0.000896	8.961885	3.036369	0.072817
 287	1.4300e-01	11.5104	11.705357	-0.000090	-0.896189	-0.303637	-0.007282
 288	1.4350e-01	11.5392	12.105852	0.000986	9.858074	3.340006	0.080099
 289	1.4400e-01	11.5585	12.287895	0.000448	4.480943	1.518184	0.036409
 290	1.4450e-01	11.6066	11.923809	-0.000896	-8.961885	-3.036369	-0.072817
 291	1.4500e-01	11.6259	12.287895	0.000896	8.961885	3.036369	0.072817
 292	1.4550e-01	11.6933	12.469938	0.000448	4.480943	1.518184	0.036409
 293	1.4600e-01	11.7302	12.761206	0.000717	7.169508	2.429095	0.058254
 294	1.4650e-01	11.7462	12.651980	-0.000269	-2.688566	-0.910911	-0.021845
 295	1.4700e-01	11.7927	12.870432	0.000538	5.377131	1.821821	0.043690
 296	1.4750e-01	11.8633	13.052475	0.000448	4.480943	1.518184	0.036409
 297	1.4800e-01	11.9066	13.125292	0.000179	1.792377	0.607274	0.014563
 298	1.4850e-01	11.9130	13.198109	0.000179	1.792377	0.607274	0.014563
 299	1.4900e-01	11.9724	13.307335	0.000269	2.688566	0.910911	0.021845
 300	1.4950e-01	12.0221	13.598603	0.000717	7.169508	2.429095	0.058254
 301	1.5000e-01	12.0622	13.744238	0.000358	3.584754	1.214548	0.029127
 302	1.5050e-01	12.0783	13.671421	-0.000179	-1.792377	-0.607274	-0.014563
 303	1.5100e-01	12.1264	14.035506	0.000896	8.961885	3.036369	0.072817
 304	1.5150e-01	12.2130	14.253958	0.000538	5.377131	1.821821	0.043690
 305	1.5200e-01	12.2387	14.436001	0.000448	4.480943	1.518184	0.036409
 306	1.5250e-01	12.2355	14.727269	-0.000717	-7.169508	-2.429095	0.058254
 307	1.5300e-01	12.2932	14.326775	-0.000986	-9.858074	-3.340006	-0.080099
 308	1.5350e-01	12.3141	14.472409	0.000358	3.584754	1.214548	0.029127
 309	1.5400e-01	12.3542	14.763678	0.000717	7.169508	2.429095	0.058254
 310	1.5450e-01	12.3767	14.982129	0.000538	5.377131	1.821821	0.043690
 311	1.5500e-01	12.4713	15.054947	0.000179	1.792377	0.607274	0.014563
 312	1.5550e-01	12.4890	14.945721	-0.000269	-2.688566	-0.910911	-0.021845
 313	1.5600e-01	12.5130	15.382624	0.001075	10.754262	3.643643	0.087381
 314	1.5650e-01	12.5451	15.455441	0.000179	1.792377	0.607274	0.014563
 315	1.5700e-01	12.6141	15.673892	0.000538	5.377131	1.821821	0.043690
 316	1.5750e-01	12.6414	15.382624	-0.000717	-7.169508	-2.429095	-0.058254
 317	1.5800e-01	12.6895	15.965161	0.001434	14.339017	4.858190	0.116507
 318	1.5850e-01	12.7248	15.673892	-0.000717	-7.169508	-2.429095	-0.058254
 319	1.5900e-01	12.7665	16.001570	0.000807	8.065697	2.732732	0.065535
 320	1.5950e-01	12.8018	16.438472	0.001075	10.754262	3.643643	0.087381
 321	1.6000e-01	12.8531	16.365655	-0.000179	-1.792377	-0.607274	-0.014563
 322	1.6050e-01	12.8772	16.329247	-0.000090	-0.896189	-0.303637	-0.007282
 323	1.6100e-01	12.9365	16.584107	0.000627	6.273320	2.125458	0.050972
 324	1.6150e-01	12.9269	16.838967	-0.000627	-6.273320	-2.125458	0.050972
 325	1.6200e-01	13.0087	16.656924	-0.000448	-4.480943	-1.518184	-0.036409
 326	1.6250e-01	13.0376	17.057418	0.000986	9.858074	3.340006	0.080099
 327	1.6300e-01	13.0633	16.838967	-0.000538	-5.377131	-1.821821	-0.043690
 328	1.6350e-01	13.1387	17.567138	0.001792	17.923771	6.072738	0.145634
 329	1.6400e-01	13.1948	17.676364	0.000269	2.688566	0.910911	0.021845
 330	1.6450e-01	13.2189	17.858407	0.000448	4.480943	1.518184	0.036409
 331	1.6500e-01	13.2462	17.494321	-0.000896	-8.961885	-3.036369	-0.072817
 332	1.6550e-01	13.2686	17.967633	0.001165	11.650451	3.947280	0.094662
 333	1.6600e-01	13.3376	17.821998	-0.000358	-3.584754	-1.214548	-0.029127
 334	1.6650e-01	13.3665	18.404536	0.001434	14.339017	4.858190	0.116507
 335	1.6700e-01	13.3937	18.113267	-0.000717	-7.169508	-2.429095	-0.058254
 336	1.6750e-01	13.4547	18.368127	0.000627	6.273320	2.125458	0.050972
 337	1.6800e-01	13.4836	18.550170	0.000448	4.480943	1.518184	0.036409
 338	1.6850e-01	13.5108	18.622987	0.000179	1.792377	0.607274	0.014563
 339	1.6900e-01	13.5558	18.950664	0.000807	8.065697	2.732732	0.065535
 340	1.6950e-01	13.6103	18.914256	-0.000090	-0.896189	-0.303637	-0.007282
 341	1.7000e-01	13.6697	19.132707	0.000538	5.377131	1.821821	0.043690
 342	1.7050e-01	13.6777	19.096299	-0.000090	-0.896189	-0.303637	-0.007282
 343	1.7100e-01	13.7370	19.132707	0.000090	0.896189	0.303637	0.007282
 344	1.7150e-01	13.7627	19.569610	0.001075	10.754262	3.643643	0.087381
 345	1.7200e-01	13.8237	19.715244	0.000358	3.584754	1.214548	0.029127
 346	1.7250e-01	13.8509	19.423976	-0.000717	-7.169508	-2.429095	-0.058254
 347	1.7300e-01	13.8830	19.860879	0.001075	10.754262	3.643643	0.087381
 348	1.7350e-01	13.9263	20.079330	0.000538	5.377131	1.821821	0.043690
 349	1.7400e-01	13.9584	20.079330	0.000000	0.000000	0.000000	0.000000
 350	1.7450e-01	13.9985	20.042922	-0.000090	-0.896189	-0.303637	-0.007282
 351	1.7500e-01	14.0643	20.443416	0.000986	9.858074	3.340006	0.080099
 352	1.7550e-01	14.0948	20.115739	-0.000807	-8.065697	-2.732732	-0.065535
 353	1.7600e-01	14.1429	20.807502	0.001703	17.027582	5.769101	0.138353
 354	1.7650e-01	14.1574	20.807502	0.000000	0.000000	0.000000	0.000000
 355	1.7700e-01	14.2007	20.807502	0.000000	0.000000	0.000000	0.000000
 356	1.7750e-01	14.2151	21.244405	0.001075	10.754262	3.643643	0.087381
 357	1.7800e-01	14.2777	20.843910	-0.000986	-9.858074	-3.340006	-0.080099
 358	1.7850e-01	14.3242	21.280813	0.001075	10.754262	3.643643	0.087381
 359	1.7900e-01	14.3627	21.353630	0.000179	1.792377	0.607274	0.014563
 360	1.7950e-01	14.3996	21.317222	-0.000090	-0.896189	-0.303637	-0.007282
 361	1.8000e-01	14.4221	21.681308	0.000896	8.961885	3.036369	0.072817
 362	1.8050e-01	14.4654	21.426448	-0.000627	-6.273320	-2.125458	-0.050972
 363	1.8100e-01	14.5247	22.008985	0.001434	14.339017	4.858190	0.116507
 364	1.8150e-01	14.5745	21.826942	-0.000448	-4.480943	-1.518184	-0.036409
 365	1.8200e-01	14.5873	22.373071	0.001344	13.442828	4.554553	0.109226
 366	1.8250e-01	14.6097	22.118211	-0.000627	-6.273320	-2.125458	-0.050972
 367	1.8300e-01	14.6739	22.627931	0.001255	12.546639	4.250917	0.101944
 368	1.8350e-01	14.7236	22.445888	-0.000448	-4.480943	-1.518184	-0.036409
 369	1.8400e-01	14.7461	22.555113	0.000269	2.688566	0.910911	0.021845
 370	1.8450e-01	14.7942	22.518705	-0.000090	-0.896189	-0.303637	-0.007282
 371	1.8500e-01	14.8488	23.319694	0.001972	19.716148	6.680012	0.160198
 372	1.8550e-01	14.8712	22.664339	-0.001613	-16.131394	-5.465464	-0.131071
 373	1.8600e-01	14.9162	23.210468	0.001344	13.442828	4.554553	0.109226
 374	1.8650e-01	14.9755	23.319694	0.000269	2.688566	0.910911	0.021845
 375	1.8700e-01	15.0188	23.283285	-0.000090	-0.896189	-0.303637	-0.007282
 376	1.8750e-01	15.0477	23.283285	0.000000	0.000000	0.000000	0.000000
 377	1.8800e-01	15.0862	23.465328	0.000448	4.480943	1.518184	0.036409
 378	1.8850e-01	15.0974	23.793005	0.000807	8.065697	2.732732	0.065535
 379	1.8900e-01	15.1504	24.047865	0.000627	6.273320	2.125458	0.050972
 380	1.8950e-01	15.2097	24.084274	0.000090	0.896189	0.303637	0.007282
 381	1.9000e-01	15.2450	24.193499	0.000269	2.688566	0.910911	0.021845
 382	1.9050e-01	15.2819	24.120682	-0.000179	-1.792377	-0.607274	-0.014563
 383	1.9100e-01	15.3092	24.193499	0.000179	1.792377	0.607274	0.014563
 384	1.9150e-01	15.3525	24.557585	0.000896	8.961885	3.036369	0.072817
 385	1.9200e-01	15.4071	24.557585	0.000000	0.000000	0.000000	0.000000
 386	1.9250e-01	15.4423	24.885262	0.000807	8.065697	2.732732	0.065535
 387	1.9300e-01	15.4664	24.593994	-0.000717	-7.169508	-2.429095	-0.058254
 388	1.9350e-01	15.4953	24.848854	0.000627	6.273320	2.125458	0.050972
 389	1.9400e-01	15.5675	25.103714	0.000627	6.273320	2.125458	0.050972
 390	1.9450e-01	15.6092	25.722660	0.001524	15.235205	5.161827	0.123789
 391	1.9500e-01	15.6092	25.322165	0.000986	9.858074	3.340006	-0.080099
 392	1.9550e-01	15.6541	25.795477	0.001165	11.650451	3.947280	0.094662
 393	1.9600e-01	15.7215	25.540617	-0.000627	-6.273320	-2.125458	-0.050972
 394	1.9650e-01	15.7824	26.414423	0.002151	21.508525	7.287285	0.174761
 395	1.9700e-01	15.8322	25.831885	-0.001434	-14.339017	-4.858190	-0.116507
 396	1.9750e-01	15.8386	25.941111	0.000269	2.688566	0.910911	0.021845
 397	1.9800e-01	15.8883	26.450831	0.001255	12.546639	4.250917	0.101944
 398	1.9850e-01	15.9364	26.305197	-0.000358	-3.584754	-1.214548	-0.029127
 399	1.9900e-01	15.9573	26.268788	-0.000090	-0.896189	-0.303637	-0.007282
 400	1.9950e-01	15.9782	26.305197	0.000090	0.896189	0.303637	0.007282
 401	2.0000e-01	16.0359	26.523648	0.000538	5.377131	1.821821	0.043690
 402	2.0050e-01	16.0696	26.924143	0.000986	9.858074	3.340006	0.080099
 403	2.0100e-01	16.1434	26.778508	-0.000358	-3.584754	-1.214548	-0.029127
 404	2.0150e-01	16.1354	26.924143	-0.000358	-3.584754	-1.214548	0.029127
 405	2.0200e-01	16.1931	27.179003	0.000627	6.273320	2.125458	0.050972
 406	2.0250e-01	16.2669	26.996960	-0.000448	-4.480943	-1.518184	-0.036409
 407	2.0300e-01	16.2814	27.324637	0.000807	8.065697	2.732732	0.065535
 408	2.0350e-01	16.3295	27.506680	0.000448	4.480943	1.518184	0.036409
 409	2.0400e-01	16.3519	27.543088	0.000090	0.896189	0.303637	0.007282
 410	2.0450e-01	16.4001	27.579497	0.000090	0.896189	0.303637	0.007282
 411	2.0500e-01	16.4338	27.652314	0.000179	1.792377	0.607274	0.014563
 412	2.0550e-01	16.4851	28.234851	0.001434	14.339017	4.858190	0.116507
 413	2.0600e-01	16.5268	27.979991	-0.000627	-6.273320	-2.125458	-0.050972
 414	2.0650e-01	16.5188	28.198443	-0.000538	-5.377131	-1.821821	0.043690
 415	2.0700e-01	16.5990	28.198443	0.000000	0.000000	0.000000	0.000000
 416	2.0750e-01	16.6439	28.562529	0.000896	8.961885	3.036369	0.072817
 417	2.0800e-01	16.6856	28.853797	0.000717	7.169508	2.429095	0.058254
 418	2.0850e-01	16.7097	28.780980	-0.000179	-1.792377	-0.607274	-0.014563
 419	2.0900e-01	16.7386	28.890206	0.000269	2.688566	0.910911	0.021845
 420	2.0950e-01	16.8220	29.035840	0.000358	3.584754	1.214548	0.029127
 421	2.1000e-01	16.8284	29.181474	0.000358	3.584754	1.214548	0.029127
 422	2.1050e-01	16.8942	29.290700	0.000269	2.688566	0.910911	0.021845
 423	2.1100e-01	16.9038	29.290700	0.000000	0.000000	0.000000	0.000000
 424	2.1150e-01	16.9808	29.436334	0.000358	3.584754	1.214548	0.029127
 425	2.1200e-01	17.0017	29.509152	0.000179	1.792377	0.607274	0.014563
 426	2.1250e-01	17.0626	29.399926	-0.000269	-2.688566	-0.910911	-0.021845
 427	2.1300e-01	17.0899	29.873237	0.001165	11.650451	3.947280	0.094662
 428	2.1350e-01	17.1059	29.691195	-0.000448	-4.480943	-1.518184	-0.036409
 429	2.1400e-01	17.1765	29.982463	0.000717	7.169508	2.429095	0.058254
 430	2.1450e-01	17.1942	30.200915	0.000538	5.377131	1.821821	0.043690
 431	2.1500e-01	17.2311	30.382957	0.000448	4.480943	1.518184	0.036409
 432	2.1550e-01	17.2728	30.382957	0.000000	0.000000	0.000000	0.000000
 433	2.1600e-01	17.3418	30.819860	0.001075	10.754262	3.643643	0.087381
 434	2.1650e-01	17.3642	30.783452	-0.000090	-0.896189	-0.303637	-0.007282
 435	2.1700e-01	17.3899	30.965495	0.000448	4.480943	1.518184	0.036409
 436	2.1750e-01	17.4492	30.747043	-0.000538	-5.377131	-1.821821	-0.043690
 437	2.1800e-01	17.4733	30.856269	0.000269	2.688566	0.910911	0.021845
 438	2.1850e-01	17.5198	31.475215	0.001524	15.235205	5.161827	0.123789
 439	2.1900e-01	17.5680	31.220355	-0.000627	-6.273320	-2.125458	-0.050972
 440	2.1950e-01	17.6016	31.256763	0.000090	0.896189	0.303637	0.007282
 441	2.2000e-01	17.6193	31.475215	0.000538	5.377131	1.821821	0.043690
 442	2.2050e-01	17.6802	31.475215	0.000000	0.000000	0.000000	0.000000
 443	2.2100e-01	17.7059	31.548032	0.000179	1.792377	0.607274	0.014563
 444	2.2150e-01	17.7492	31.766483	0.000538	5.377131	1.821821	0.043690
 445	2.2200e-01	17.7958	32.021343	0.000627	6.273320	2.125458	0.050972
 446	2.2250e-01	17.8503	32.130569	0.000269	2.688566	0.910911	0.021845
 447	2.2300e-01	17.8888	32.239795	0.000269	2.688566	0.910911	0.021845
 448	2.2350e-01	17.9081	32.494655	0.000627	6.273320	2.125458	0.050972
 449	2.2400e-01	17.9466	32.749515	0.000627	6.273320	2.125458	0.050972
 450	2.2450e-01	18.0171	32.494655	-0.000627	-6.273320	-2.125458	-0.050972
 451	2.2500e-01	18.0460	32.421838	-0.000179	-1.792377	-0.607274	-0.014563
 452	2.2550e-01	18.1038	33.150009	0.001792	17.923771	6.072738	0.145634
 453	2.2600e-01	18.1375	33.040784	-0.000269	-2.688566	-0.910911	-0.021845
 454	2.2650e-01	18.1663	33.113601	0.000179	1.792377	0.607274	0.014563
 455	2.2700e-01	18.2080	33.623321	0.001255	12.546639	4.250917	0.101944
 456	2.2750e-01	18.2209	33.441278	-0.000448	-4.480943	-1.518184	-0.036409
 457	2.2800e-01	18.2834	33.841772	0.000986	9.858074	3.340006	0.080099
 458	2.2850e-01	18.3252	33.841772	0.000000	0.000000	0.000000	0.000000
 459	2.2900e-01	18.3572	33.550504	-0.000717	-7.169508	-2.429095	-0.058254
 460	2.2950e-01	18.3861	33.732547	0.000448	4.480943	1.518184	0.036409
 461	2.3000e-01	18.4262	33.987407	0.000627	6.273320	2.125458	0.050972
 462	2.3050e-01	18.4808	34.060224	0.000179	1.792377	0.607274	0.014563
 463	2.3100e-01	18.5337	34.387901	0.000807	8.065697	2.732732	0.065535
 464	2.3150e-01	18.5513	34.315084	-0.000179	-1.792377	-0.607274	-0.014563
 465	2.3200e-01	18.5882	34.606352	0.000717	7.169508	2.429095	0.058254
 466	2.3250e-01	18.6412	34.642761	0.000090	0.896189	0.303637	0.007282
 467	2.3300e-01	18.6813	34.679170	0.000090	0.896189	0.303637	0.007282
 468	2.3350e-01	18.7038	34.897621	0.000538	5.377131	1.821821	0.043690
 469	2.3400e-01	18.7567	35.261707	0.000896	8.961885	3.036369	0.072817
 470	2.3450e-01	18.7968	34.970438	-0.000717	-7.169508	-2.429095	-0.058254
 471	2.3500e-01	18.8545	35.589384	0.001524	15.235205	5.161827	0.123789
 472	2.3550e-01	18.8947	35.225298	-0.000896	-8.961885	-3.036369	-0.072817
 473	2.3600e-01	18.9107	35.589384	0.000896	8.961885	3.036369	0.072817
 474	2.3650e-01	18.9428	35.698610	0.000269	2.688566	0.910911	0.021845
 475	2.3700e-01	19.0134	35.807835	0.000269	2.688566	0.910911	0.021845
 476	2.3750e-01	19.0358	35.880653	0.000179	1.792377	0.607274	0.014563
 477	2.3800e-01	19.0775	36.281147	0.000986	9.858074	3.340006	0.080099
 478	2.3850e-01	19.1289	36.281147	0.000000	0.000000	0.000000	0.000000
 479	2.3900e-01	19.1465	36.208330	-0.000179	-1.792377	-0.607274	-0.014563
 480	2.3950e-01	19.2091	36.645233	0.001075	10.754262	3.643643	0.087381
 481	2.4000e-01	19.2315	36.718050	0.000179	1.792377	0.607274	0.014563
 482	2.4050e-01	19.2588	36.572416	-0.000358	-3.584754	-1.214548	-0.029127
 483	2.4100e-01	19.3310	36.754458	0.000448	4.480943	1.518184	0.036409
 484	2.4150e-01	19.3406	37.009318	0.000627	6.273320	2.125458	0.050972
 485	2.4200e-01	19.4000	37.191361	0.000448	4.480943	1.518184	0.036409
 486	2.4250e-01	19.4337	37.336996	0.000358	3.584754	1.214548	0.029127
 487	2.4300e-01	19.4850	37.409813	0.000179	1.792377	0.607274	0.014563
 488	2.4350e-01	19.5219	37.264179	-0.000358	-3.584754	-1.214548	-0.029127
 489	2.4400e-01	19.5684	37.664673	0.000986	9.858074	3.340006	0.080099
 490	2.4450e-01	19.6246	38.065167	0.000986	9.858074	3.340006	0.080099
 491	2.4500e-01	19.6390	37.992350	-0.000179	-1.792377	-0.607274	-0.014563
 492	2.4550e-01	19.6743	37.883124	-0.000269	-2.688566	-0.910911	-0.021845
 493	2.4600e-01	19.7240	38.137984	0.000627	6.273320	2.125458	0.050972
 494	2.4650e-01	19.7417	38.210802	0.000179	1.792377	0.607274	0.014563
 495	2.4700e-01	19.7914	38.611296	0.000986	9.858074	3.340006	0.080099
 496	2.4750e-01	19.8492	38.356436	-0.000627	-6.273320	-2.125458	-0.050972
 497	2.4800e-01	19.8797	38.866156	0.001255	12.546639	4.250917	0.101944
 498	2.4850e-01	19.9422	38.793339	-0.000179	-1.792377	-0.607274	-0.014563
 499	2.4900e-01	19.9518	38.793339	0.000000	0.000000	0.000000	0.000000
 500	2.4950e-01	20.0128	39.121016	0.000807	8.065697	2.732732	0.065535
 501	2.5000e-01	20.0272	38.975382	-0.000358	-3.584754	-1.214548	-0.029127
 502	2.5050e-01	19.9486	39.412285	-0.001075	-10.754262	-3.643643	0.087381
 503	2.5100e-01	19.9518	39.193833	-0.000538	-5.377131	-1.821821	-0.043690
 504	2.5150e-01	19.8813	39.339467	-0.000358	-3.584754	-1.214548	0.029127
 505	2.5200e-01	19.8363	39.230242	0.000269	2.688566	0.910911	-0.021845
 506	2.5250e-01	19.8251	39.339467	-0.000269	-2.688566	-0.910911	0.021845
 507	2.5300e-01	19.7786	39.266650	0.000179	1.792377	0.607274	-0.014563
 508	2.5350e-01	19.7401	39.157425	0.000269	2.688566	0.910911	-0.021845
 509	2.5400e-01	19.6887	39.011790	0.000358	3.584754	1.214548	-0.029127
 510	2.5450e-01	19.6759	38.829747	0.000448	4.480943	1.518184	-0.036409
 511	2.5500e-01	19.6117	38.902564	-0.000179	-1.792377	-0.607274	0.014563
 512	2.5550e-01	19.5893	38.793339	0.000269	2.688566	0.910911	-0.021845
 513	2.5600e-01	19.5444	38.538479	0.000627	6.273320	2.125458	-0.050972
 514	2.5650e-01	19.4930	38.465662	0.000179	1.792377	0.607274	-0.014563
 515	2.5700e-01	19.4626	38.611296	-0.000358	-3.584754	-1.214548	0.029127
 516	2.5750e-01	19.4257	39.048199	-0.001075	-10.754262	-3.643643	0.087381
 517	2.5800e-01	19.3952	38.320027	0.001792	17.923771	6.072738	-0.145634
 518	2.5850e-01	19.3214	38.684113	-0.000896	-8.961885	-3.036369	0.072817
 519	2.5900e-01	19.3021	38.320027	0.000896	8.961885	3.036369	-0.072817
 520	2.5950e-01	19.2588	38.574887	-0.000627	-6.273320	-2.125458	0.050972
 521	2.6000e-01	19.2380	38.065167	0.001255	12.546639	4.250917	-0.101944
 522	2.6050e-01	19.1946	38.137984	-0.000179	-1.792377	-0.607274	0.014563
 523	2.6100e-01	19.1192	38.174393	-0.000090	-0.896189	-0.303637	0.007282
 524	2.6150e-01	19.0936	37.992350	0.000448	4.480943	1.518184	-0.036409
 525	2.6200e-01	19.0647	37.773899	0.000538	5.377131	1.821821	-0.043690
 526	2.6250e-01	19.0278	37.701081	0.000179	1.792377	0.607274	-0.014563
 527	2.6300e-01	18.9829	37.701081	-0.000000	-0.000000	-0.000000	0.000000
 528	2.6350e-01	18.9412	37.373404	0.000807	8.065697	2.732732	-0.065535
 529	2.6400e-01	18.8770	37.591856	-0.000538	-5.377131	-1.821821	0.043690
 530	2.6450e-01	18.8626	37.300587	0.000717	7.169508	2.429095	-0.058254
 531	2.6500e-01	18.8064	37.373404	-0.000179	-1.792377	-0.607274	0.014563
 532	2.6550e-01	18.7936	37.664673	-0.000717	-7.169508	-2.429095	0.058254
 533	2.6600e-01	18.7246	37.300587	0.000896	8.961885	3.036369	-0.072817
 534	2.6650e-01	18.6989	37.519039	-0.000538	-5.377131	-1.821821	0.043690
 535	2.6700e-01	18.6652	37.118544	0.000986	9.858074	3.340006	-0.080099
 536	2.6750e-01	18.6059	37.009318	0.000269	2.688566	0.910911	-0.021845
 537	2.6800e-01	18.5626	36.900093	0.000269	2.688566	0.910911	-0.021845
 538	2.6850e-01	18.5305	36.754458	0.000358	3.584754	1.214548	-0.029127
 539	2.6900e-01	18.4968	36.681641	0.000179	1.792377	0.607274	-0.014563
 540	2.6950e-01	18.4439	36.536007	0.000358	3.584754	1.214548	-0.029127
 541	2.7000e-01	18.4118	36.718050	-0.000448	-4.480943	-1.518184	0.036409
 542	2.7050e-01	18.3765	36.572416	0.000358	3.584754	1.214548	-0.029127
 543	2.7100e-01	18.3717	36.244738	0.000807	8.065697	2.732732	-0.065535
 544	2.7150e-01	18.2963	36.645233	-0.000986	-9.858074	-3.340006	0.080099
 545	2.7200e-01	18.2498	36.244738	0.000986	9.858074	3.340006	-0.080099
 546	2.7250e-01	18.2064	36.208330	0.000090	0.896189	0.303637	-0.007282
 547	2.7300e-01	18.1808	35.735018	0.001165	11.650451	3.947280	-0.094662
 548	2.7350e-01	18.1599	36.062695	-0.000807	-8.065697	-2.732732	0.065535
 549	2.7400e-01	18.1022	35.771427	0.000717	7.169508	2.429095	-0.058254
 550	2.7450e-01	18.0508	35.807835	-0.000090	-0.896189	-0.303637	0.007282
 551	2.7500e-01	18.0043	35.407341	0.000986	9.858074	3.340006	-0.080099
 552	2.7550e-01	17.9674	35.589384	-0.000448	-4.480943	-1.518184	0.036409
 553	2.7600e-01	17.9337	35.407341	0.000448	4.480943	1.518184	-0.036409
 554	2.7650e-01	17.9161	35.079664	0.000807	8.065697	2.732732	-0.065535
 555	2.7700e-01	17.8310	35.589384	-0.001255	-12.546639	-4.250917	0.101944
 556	2.7750e-01	17.8310	34.897621	0.001703	17.027582	5.769101	-0.138353
 557	2.7800e-01	17.7749	35.043255	-0.000358	-3.584754	-1.214548	0.029127
 558	2.7850e-01	17.7284	34.897621	0.000358	3.584754	1.214548	-0.029127
 559	2.7900e-01	17.7091	34.970438	-0.000179	-1.792377	-0.607274	0.014563
 560	2.7950e-01	17.6931	34.970438	-0.000000	-0.000000	-0.000000	0.000000
 561	2.8000e-01	17.6049	34.861212	0.000269	2.688566	0.910911	-0.021845
 562	2.8050e-01	17.5599	34.424310	0.001075	10.754262	3.643643	-0.087381
 563	2.8100e-01	17.5182	34.533535	-0.000269	-2.688566	-0.910911	0.021845
 564	2.8150e-01	17.4877	34.424310	0.000269	2.688566	0.910911	-0.021845
 565	2.8200e-01	17.4589	34.351492	0.000179	1.792377	0.607274	-0.014563
 566	2.8250e-01	17.4139	34.169449	0.000448	4.480943	1.518184	-0.036409
 567	2.8300e-01	17.4011	33.841772	0.000807	8.065697	2.732732	-0.065535
 568	2.8350e-01	17.3081	33.805364	0.000090	0.896189	0.303637	-0.007282
 569	2.8400e-01	17.2920	33.841772	-0.000090	-0.896189	-0.303637	0.007282
 570	2.8450e-01	17.2631	33.950998	-0.000269	-2.688566	-0.910911	0.021845
 571	2.8500e-01	17.2102	33.732547	0.000538	5.377131	1.821821	-0.043690
 572	2.8550e-01	17.1878	33.477687	0.000627	6.273320	2.125458	-0.050972
 573	2.8600e-01	17.1460	33.659729	-0.000448	-4.480943	-1.518184	0.036409
 574	2.8650e-01	17.1043	33.732547	-0.000179	-1.792377	-0.607274	0.014563
 575	2.8700e-01	17.0674	33.222826	0.001255	12.546639	4.250917	-0.101944
 576	2.8750e-01	17.0466	33.368461	-0.000358	-3.584754	-1.214548	0.029127
 577	2.8800e-01	16.9776	33.040784	0.000807	8.065697	2.732732	-0.065535
 578	2.8850e-01	16.9279	32.603881	0.001075	10.754262	3.643643	-0.087381
 579	2.8900e-01	16.9054	33.222826	-0.001524	-15.235205	-5.161827	0.123789
 580	2.8950e-01	16.8797	32.895149	0.000807	8.065697	2.732732	-0.065535
 581	2.9000e-01	16.8092	32.531064	0.000896	8.961885	3.036369	-0.072817
 582	2.9050e-01	16.7498	32.603881	-0.000179	-1.792377	-0.607274	0.014563
 583	2.9100e-01	16.7386	32.349021	0.000627	6.273320	2.125458	-0.050972
 584	2.9150e-01	16.7113	32.276203	0.000179	1.792377	0.607274	-0.014563
 585	2.9200e-01	16.6311	32.166978	0.000269	2.688566	0.910911	-0.021845
 586	2.9250e-01	16.6182	31.984935	0.000448	4.480943	1.518184	-0.036409
 587	2.9300e-01	16.5846	32.239795	-0.000627	-6.273320	-2.125458	0.050972
 588	2.9350e-01	16.5220	32.021343	0.000538	5.377131	1.821821	-0.043690
 589	2.9400e-01	16.5027	31.839301	0.000448	4.480943	1.518184	-0.036409
 590	2.9450e-01	16.4498	31.948526	-0.000269	-2.688566	-0.910911	0.021845
 591	2.9500e-01	16.4338	31.548032	0.000986	9.858074	3.340006	-0.080099
 592	2.9550e-01	16.3584	31.438806	0.000269	2.688566	0.910911	-0.021845
 593	2.9600e-01	16.3391	31.365989	0.000179	1.792377	0.607274	-0.014563
 594	2.9650e-01	16.2974	31.256763	0.000269	2.688566	0.910911	-0.021845
 595	2.9700e-01	16.2364	31.074720	0.000448	4.480943	1.518184	-0.036409
 596	2.9750e-01	16.2028	31.329580	-0.000627	-6.273320	-2.125458	0.050972
 597	2.9800e-01	16.1835	30.929086	0.000986	9.858074	3.340006	-0.080099
 598	2.9850e-01	16.1450	31.001903	-0.000179	-1.792377	-0.607274	0.014563
 599	2.9900e-01	16.0840	31.147538	-0.000358	-3.584754	-1.214548	0.029127
 600	2.9950e-01	16.0600	30.674226	0.001165	11.650451	3.947280	-0.094662
 601	3.0000e-01	16.0407	30.528592	0.000358	3.584754	1.214548	-0.029127
 602	3.0050e-01	15.9493	30.674226	-0.000358	-3.584754	-1.214548	0.029127
 603	3.0100e-01	15.9284	30.419366	0.000627	6.273320	2.125458	-0.050972
 604	3.0150e-01	15.8947	30.237323	0.000448	4.480943	1.518184	-0.036409
 605	3.0200e-01	15.8546	30.200915	0.000090	0.896189	0.303637	-0.007282
 606	3.0250e-01	15.8145	29.800420	0.000986	9.858074	3.340006	-0.080099
 607	3.0300e-01	15.7616	29.727603	0.000179	1.792377	0.607274	-0.014563
 608	3.0350e-01	15.7471	29.909646	-0.000448	-4.480943	-1.518184	0.036409
 609	3.0400e-01	15.7006	29.727603	0.000448	4.480943	1.518184	-0.036409
 610	3.0450e-01	15.6701	29.764012	-0.000090	-0.896189	-0.303637	0.007282
 611	3.0500e-01	15.6268	29.581969	0.000448	4.480943	1.518184	-0.036409
 612	3.0550e-01	15.6108	29.436334	0.000358	3.584754	1.214548	-0.029127
 613	3.0600e-01	15.5498	29.327109	0.000269	2.688566	0.910911	-0.021845
 614	3.0650e-01	15.4905	28.926614	0.000986	9.858074	3.340006	-0.080099
 615	3.0700e-01	15.4568	28.999432	-0.000179	-1.792377	-0.607274	0.014563
 616	3.0750e-01	15.4215	28.999432	-0.000000	-0.000000	-0.000000	0.000000
 617	3.0800e-01	15.4087	28.817389	0.000448	4.480943	1.518184	-0.036409
 618	3.0850e-01	15.3381	28.999432	-0.000448	-4.480943	-1.518184	0.036409
 619	3.0900e-01	15.3012	28.526120	0.001165	11.650451	3.947280	-0.094662
 620	3.0950e-01	15.2611	28.671754	-0.000358	-3.584754	-1.214548	0.029127
 621	3.1000e-01	15.2290	28.562529	0.000269	2.688566	0.910911	-0.021845
 622	3.1050e-01	15.1809	28.307669	0.000627	6.273320	2.125458	-0.050972
 623	3.1100e-01	15.1263	28.380486	-0.000179	-1.792377	-0.607274	0.014563
 624	3.1150e-01	15.1006	27.907174	0.001165	11.650451	3.947280	-0.094662
 625	3.1200e-01	15.0525	28.162034	-0.000627	-6.273320	-2.125458	0.050972
 626	3.1250e-01	15.0172	27.688723	0.001165	11.650451	3.947280	-0.094662
 627	3.1300e-01	14.9547	27.979991	-0.000717	-7.169508	-2.429095	0.058254
 628	3.1350e-01	14.9370	27.433863	0.001344	13.442828	4.554553	-0.109226
 629	3.1400e-01	14.8728	27.397454	0.000090	0.896189	0.303637	-0.007282
 630	3.1450e-01	14.8712	27.361046	0.000090	0.896189	0.303637	-0.007282
 631	3.1500e-01	14.8279	27.506680	-0.000358	-3.584754	-1.214548	0.029127
 632	3.1550e-01	14.7942	27.215411	0.000717	7.169508	2.429095	-0.058254
 633	3.1600e-01	14.7253	27.179003	0.000090	0.896189	0.303637	-0.007282
 634	3.1650e-01	14.7012	26.924143	0.000627	6.273320	2.125458	-0.050972
 635	3.1700e-01	14.6482	26.924143	-0.000000	-0.000000	-0.000000	0.000000
 636	3.1750e-01	14.6146	26.851326	0.000179	1.792377	0.607274	-0.014563
 637	3.1800e-01	14.5584	26.487240	0.000896	8.961885	3.036369	-0.072817
 638	3.1850e-01	14.5327	26.523648	-0.000090	-0.896189	-0.303637	0.007282
 639	3.1900e-01	14.5087	26.487240	0.000090	0.896189	0.303637	-0.007282
 640	3.1950e-01	14.4557	26.195971	0.000717	7.169508	2.429095	-0.058254
 641	3.2000e-01	14.4140	26.159563	0.000090	0.896189	0.303637	-0.007282
 642	3.2050e-01	14.3691	26.123154	0.000090	0.896189	0.303637	-0.007282
 643	3.2100e-01	14.3547	25.868294	0.000627	6.273320	2.125458	-0.050972
 644	3.2150e-01	14.2873	25.795477	0.000179	1.792377	0.607274	-0.014563
 645	3.2200e-01	14.2600	25.868294	-0.000179	-1.792377	-0.607274	0.014563
 646	3.2250e-01	14.2199	25.540617	0.000807	8.065697	2.732732	-0.065535
 647	3.2300e-01	14.1525	25.613434	-0.000179	-1.792377	-0.607274	0.014563
 648	3.2350e-01	14.1365	25.322165	0.000717	7.169508	2.429095	-0.058254
 649	3.2400e-01	14.0964	25.467800	-0.000358	-3.584754	-1.214548	0.029127
 650	3.2450e-01	14.0386	25.285757	0.000448	4.480943	1.518184	-0.036409
 651	3.2500e-01	13.9905	24.885262	0.000986	9.858074	3.340006	-0.080099
 652	3.2550e-01	13.9729	24.703219	0.000448	4.480943	1.518184	-0.036409
 653	3.2600e-01	13.9392	24.921671	-0.000538	-5.377131	-1.821821	0.043690
 654	3.2650e-01	13.8702	24.630402	0.000717	7.169508	2.429095	-0.058254
 655	3.2700e-01	13.8943	24.776037	0.000358	3.584754	1.214548	0.029127
 656	3.2750e-01	13.8157	24.448359	0.000807	8.065697	2.732732	-0.065535
 657	3.2800e-01	13.7948	24.302725	0.000358	3.584754	1.214548	-0.029127
 658	3.2850e-01	13.7579	24.266317	0.000090	0.896189	0.303637	-0.007282
 659	3.2900e-01	13.7018	24.448359	-0.000448	-4.480943	-1.518184	0.036409
 660	3.2950e-01	13.6745	23.720188	0.001792	17.923771	6.072738	-0.145634
 661	3.3000e-01	13.5943	24.047865	-0.000807	-8.065697	-2.732732	0.065535
 662	3.3050e-01	13.5830	23.938639	0.000269	2.688566	0.910911	-0.021845
 663	3.3100e-01	13.5654	23.865822	0.000179	1.792377	0.607274	-0.014563
 664	3.3150e-01	13.4964	23.720188	0.000358	3.584754	1.214548	-0.029127
 665	3.3200e-01	13.4483	23.428919	0.000717	7.169508	2.429095	-0.058254
 666	3.3250e-01	13.4242	23.465328	-0.000090	-0.896189	-0.303637	0.007282
 667	3.3300e-01	13.3937	23.246876	0.000538	5.377131	1.821821	-0.043690
 668	3.3350e-01	13.3729	22.992016	0.000627	6.273320	2.125458	-0.050972
 669	3.3400e-01	13.3248	23.137651	-0.000358	-3.584754	-1.214548	0.029127
 670	3.3450e-01	13.2622	22.627931	0.001255	12.546639	4.250917	-0.101944
 671	3.3500e-01	13.2125	22.846382	-0.000538	-5.377131	-1.821821	0.043690
 672	3.3550e-01	13.1611	22.627931	0.000538	5.377131	1.821821	-0.043690
 673	3.3600e-01	13.1371	22.555113	0.000179	1.792377	0.607274	-0.014563
 674	3.3650e-01	13.1034	22.045393	0.001255	12.546639	4.250917	-0.101944
 675	3.3700e-01	13.0617	22.591522	-0.001344	-13.442828	-4.554553	0.109226
 676	3.3750e-01	13.0135	22.081802	0.001255	12.546639	4.250917	-0.101944
 677	3.3800e-01	12.9702	22.118211	-0.000090	-0.896189	-0.303637	0.007282
 678	3.3850e-01	12.9462	22.191028	-0.000179	-1.792377	-0.607274	0.014563
 679	3.3900e-01	12.9173	21.790533	0.000986	9.858074	3.340006	-0.080099
 680	3.3950e-01	12.8708	21.644899	0.000358	3.584754	1.214548	-0.029127
 681	3.4000e-01	12.8162	21.535673	0.000269	2.688566	0.910911	-0.021845
 682	3.4050e-01	12.7697	21.790533	-0.000627	-6.273320	-2.125458	0.050972
 683	3.4100e-01	12.7456	21.535673	0.000627	6.273320	2.125458	-0.050972
 684	3.4150e-01	12.6911	21.171588	0.000896	8.961885	3.036369	-0.072817
 685	3.4200e-01	12.6590	21.025953	0.000358	3.584754	1.214548	-0.029127
 686	3.4250e-01	12.6109	20.953136	0.000179	1.792377	0.607274	-0.014563
 687	3.4300e-01	12.5916	21.098770	-0.000358	-3.584754	-1.214548	0.029127
 688	3.4350e-01	12.5563	20.625459	0.001165	11.650451	3.947280	-0.094662
 689	3.4400e-01	12.4777	20.516233	0.000269	2.688566	0.910911	-0.021845
 690	3.4450e-01	12.4408	20.698276	-0.000448	-4.480943	-1.518184	0.036409
 691	3.4500e-01	12.3943	20.006513	0.001703	17.027582	5.769101	-0.138353
 692	3.4550e-01	12.3831	20.224965	-0.000538	-5.377131	-1.821821	0.043690
 693	3.4600e-01	12.3301	20.115739	0.000269	2.688566	0.910911	-0.021845
 694	3.4650e-01	12.3029	20.006513	0.000269	2.688566	0.910911	-0.021845
 695	3.4700e-01	12.2579	19.678836	0.000807	8.065697	2.732732	-0.065535
 696	3.4750e-01	12.2339	19.860879	-0.000448	-4.480943	-1.518184	0.036409
 697	3.4800e-01	12.1729	19.715244	0.000358	3.584754	1.214548	-0.029127
 698	3.4850e-01	12.1537	19.860879	-0.000358	-3.584754	-1.214548	0.029127
 699	3.4900e-01	12.1280	19.096299	0.001882	18.819959	6.376375	-0.152916
 700	3.4950e-01	12.0590	19.096299	-0.000000	-0.000000	-0.000000	0.000000
 701	3.5000e-01	12.0205	18.914256	0.000448	4.480943	1.518184	-0.036409
 702	3.5050e-01	11.9708	18.987073	-0.000179	-1.792377	-0.607274	0.014563
 703	3.5100e-01	11.9114	18.841439	0.000358	3.584754	1.214548	-0.029127
 704	3.5150e-01	11.8986	18.914256	-0.000179	-1.792377	-0.607274	0.014563
 705	3.5200e-01	11.8521	18.331719	0.001434	14.339017	4.858190	-0.116507
 706	3.5250e-01	11.8136	18.622987	-0.000717	-7.169508	-2.429095	0.058254
 707	3.5300e-01	11.8023	18.513761	0.000269	2.688566	0.910911	-0.021845
 708	3.5350e-01	11.7350	18.040450	0.001165	11.650451	3.947280	-0.094662
 709	3.5400e-01	11.7093	18.222493	-0.000448	-4.480943	-1.518184	0.036409
 710	3.5450e-01	11.6580	18.076858	0.000358	3.584754	1.214548	-0.029127
 711	3.5500e-01	11.6146	17.712773	0.000896	8.961885	3.036369	-0.072817
 712	3.5550e-01	11.5858	17.530730	0.000448	4.480943	1.518184	-0.036409
 713	3.5600e-01	11.5344	17.567138	-0.000090	-0.896189	-0.303637	0.007282
 714	3.5650e-01	11.5104	17.858407	-0.000717	-7.169508	-2.429095	0.058254
 715	3.5700e-01	11.4735	17.494321	0.000896	8.961885	3.036369	-0.072817
 716	3.5750e-01	11.4093	17.494321	-0.000000	-0.000000	-0.000000	0.000000
 717	3.5800e-01	11.4029	17.093827	0.000986	9.858074	3.340006	-0.080099
 718	3.5850e-01	11.3291	16.875375	0.000538	5.377131	1.821821	-0.043690
 719	3.5900e-01	11.2970	16.838967	0.000090	0.896189	0.303637	-0.007282
 720	3.5950e-01	11.2393	16.584107	0.000627	6.273320	2.125458	-0.050972
 721	3.6000e-01	11.2088	16.474881	0.000269	2.688566	0.910911	-0.021845
 722	3.6050e-01	11.1478	16.292838	0.000448	4.480943	1.518184	-0.036409
 723	3.6100e-01	11.1510	16.365655	0.000179	1.792377	0.607274	0.014563
 724	3.6150e-01	11.1061	16.110795	0.000627	6.273320	2.125458	-0.050972
 725	3.6200e-01	11.0676	16.183612	-0.000179	-1.792377	-0.607274	0.014563
 726	3.6250e-01	10.9986	15.892344	0.000717	7.169508	2.429095	-0.058254
 727	3.6300e-01	10.9858	15.855935	0.000090	0.896189	0.303637	-0.007282
 728	3.6350e-01	10.9489	15.637484	0.000538	5.377131	1.821821	-0.043690
 729	3.6400e-01	10.8735	15.710301	-0.000179	-1.792377	-0.607274	0.014563
 730	3.6450e-01	10.8719	15.346215	0.000896	8.961885	3.036369	-0.072817
 731	3.6500e-01	10.8093	15.164172	0.000448	4.480943	1.518184	-0.036409
 732	3.6550e-01	10.7933	15.236989	-0.000179	-1.792377	-0.607274	0.014563
 733	3.6600e-01	10.7532	15.309807	-0.000179	-1.792377	-0.607274	0.014563
 734	3.6650e-01	10.7083	14.909312	0.000986	9.858074	3.340006	-0.080099
 735	3.6700e-01	10.6521	14.909312	-0.000000	-0.000000	-0.000000	0.000000
 736	3.6750e-01	10.6313	14.727269	0.000448	4.480943	1.518184	-0.036409
 737	3.6800e-01	10.5895	14.472409	0.000627	6.273320	2.125458	-0.050972
 738	3.6850e-01	10.5559	14.508818	-0.000090	-0.896189	-0.303637	0.007282
 739	3.6900e-01	10.5350	14.181141	0.000807	8.065697	2.732732	-0.065535
 740	3.6950e-01	10.4500	14.144732	0.000090	0.896189	0.303637	-0.007282
 741	3.7000e-01	10.4211	14.035506	0.000269	2.688566	0.910911	-0.021845
 742	3.7050e-01	10.3858	13.780646	0.000627	6.273320	2.125458	-0.050972
 743	3.7100e-01	10.3425	13.780646	-0.000000	-0.000000	-0.000000	0.000000
 744	3.7150e-01	10.2928	13.671421	0.000269	2.688566	0.910911	-0.021845
 745	3.7200e-01	10.2462	13.562195	0.000269	2.688566	0.910911	-0.021845
 746	3.7250e-01	10.2190	13.270926	0.000717	7.169508	2.429095	-0.058254
 747	3.7300e-01	10.1997	13.270926	-0.000000	-0.000000	-0.000000	0.000000
 748	3.7350e-01	10.1580	12.761206	0.001255	12.546639	4.250917	-0.101944
 749	3.7400e-01	10.0986	12.651980	0.000269	2.688566	0.910911	-0.021845
 750	3.7450e-01	10.0505	12.870432	-0.000538	-5.377131	-1.821821	0.043690
 751	3.7500e-01	10.0249	12.651980	0.000538	5.377131	1.821821	-0.043690
 752	3.7550e-01	10.0136	12.506346	0.000358	3.584754	1.214548	-0.029127
 753	3.7600e-01	9.9398	12.688389	-0.000448	-4.480943	-1.518184	0.036409
 754	3.7650e-01	9.8949	12.287895	0.000986	9.858074	3.340006	-0.080099
 755	3.7700e-01	9.8628	12.215078	0.000179	1.792377	0.607274	-0.014563
 756	3.7750e-01	9.8099	11.996626	0.000538	5.377131	1.821821	-0.043690
 757	3.7800e-01	9.8019	11.559723	0.001075	10.754262	3.643643	-0.087381
 758	3.7850e-01	9.7441	11.741766	-0.000448	-4.480943	-1.518184	0.036409
 759	3.7900e-01	9.7249	11.195637	0.001344	13.442828	4.554553	-0.109226
 760	3.7950e-01	9.6543	11.268455	-0.000179	-1.792377	-0.607274	0.014563
 761	3.8000e-01	9.6094	11.414089	-0.000358	-3.584754	-1.214548	0.029127
 762	3.8050e-01	9.5869	10.977186	0.001075	10.754262	3.643643	-0.087381
 763	3.8100e-01	9.5468	11.122820	-0.000358	-3.584754	-1.214548	0.029127
 764	3.8150e-01	9.5051	10.867960	0.000627	6.273320	2.125458	-0.050972
 765	3.8200e-01	9.4874	10.576692	0.000717	7.169508	2.429095	-0.058254
 766	3.8250e-01	9.4281	10.576692	-0.000000	-0.000000	-0.000000	0.000000
 767	3.8300e-01	9.3703	10.249014	0.000807	8.065697	2.732732	-0.065535
 768	3.8350e-01	9.3254	10.394649	-0.000358	-3.584754	-1.214548	0.029127
 769	3.8400e-01	9.2869	10.212606	0.000448	4.480943	1.518184	-0.036409
 770	3.8450e-01	9.2564	10.212606	-0.000000	-0.000000	-0.000000	0.000000
 771	3.8500e-01	9.2243	9.994154	0.000538	5.377131	1.821821	-0.043690
 772	3.8550e-01	9.1778	10.066972	-0.000179	-1.792377	-0.607274	0.014563
 773	3.8600e-01	9.1361	9.593660	0.001165	11.650451	3.947280	-0.094662
 774	3.8650e-01	9.0816	9.375209	0.000538	5.377131	1.821821	-0.043690
 775	3.8700e-01	9.0511	9.411617	-0.000090	-0.896189	-0.303637	0.007282
 776	3.8750e-01	9.0270	9.448026	-0.000090	-0.896189	-0.303637	0.007282
 777	3.8800e-01	8.9741	9.120349	0.000807	8.065697	2.732732	-0.065535
 778	3.8850e-01	8.9163	9.083940	0.000090	0.896189	0.303637	-0.007282
 779	3.8900e-01	8.8907	8.938306	0.000358	3.584754	1.214548	-0.029127
 780	3.8950e-01	8.8506	8.683446	0.000627	6.273320	2.125458	-0.050972
 781	3.9000e-01	8.8377	8.683446	-0.000000	-0.000000	-0.000000	0.000000
 782	3.9050e-01	8.7575	8.537811	0.000358	3.584754	1.214548	-0.029127
 783	3.9100e-01	8.7543	8.319360	0.000538	5.377131	1.821821	-0.043690
 784	3.9150e-01	8.6933	8.137317	0.000448	4.480943	1.518184	-0.036409
 785	3.9200e-01	8.6645	7.918865	0.000538	5.377131	1.821821	-0.043690
 786	3.9250e-01	8.6324	7.991683	-0.000179	-1.792377	-0.607274	0.014563
 787	3.9300e-01	8.5778	7.882457	0.000269	2.688566	0.910911	-0.021845
 788	3.9350e-01	8.5361	7.518371	0.000896	8.961885	3.036369	-0.072817
 789	3.9400e-01	8.5056	7.773231	-0.000627	-6.273320	-2.125458	0.050972
 790	3.9450e-01	8.4527	7.045060	0.001792	17.923771	6.072738	-0.145634
 791	3.9500e-01	8.4383	7.336328	-0.000717	-7.169508	-2.429095	0.058254
 792	3.9550e-01	8.3741	7.227103	0.000269	2.688566	0.910911	-0.021845
 793	3.9600e-01	8.3516	7.081468	0.000358	3.584754	1.214548	-0.029127
 794	3.9650e-01	8.3179	6.790200	0.000717	7.169508	2.429095	-0.058254
 795	3.9700e-01	8.2602	6.717382	0.000179	1.792377	0.607274	-0.014563
 796	3.9750e-01	8.2281	6.353297	0.000896	8.961885	3.036369	-0.072817
 797	3.9800e-01	8.1816	6.535340	-0.000448	-4.480943	-1.518184	0.036409
 798	3.9850e-01	8.1286	6.025619	0.001255	12.546639	4.250917	-0.101944
 799	3.9900e-01	8.0853	6.098437	-0.000179	-1.792377	-0.607274	0.014563
 800	3.9950e-01	8.0565	6.025619	0.000179	1.792377	0.607274	-0.014563
 801	4.0000e-01	8.0565	5.879985	0.000358	3.584754	1.214548	-0.029127
 802	4.0050e-01	7.9634	5.770759	0.000269	2.688566	0.910911	-0.021845
 803	4.0100e-01	7.9506	5.443082	0.000807	8.065697	2.732732	-0.065535
 804	4.0150e-01	7.8896	5.224631	0.000538	5.377131	1.821821	-0.043690
 805	4.0200e-01	7.8832	4.969771	0.000627	6.273320	2.125458	-0.050972
 806	4.0250e-01	7.8463	5.042588	-0.000179	-1.792377	-0.607274	0.014563
 807	4.0300e-01	7.7837	5.115405	-0.000179	-1.792377	-0.607274	0.014563
 808	4.0350e-01	7.7549	4.824136	0.000717	7.169508	2.429095	-0.058254
 809	4.0400e-01	7.6955	4.751319	0.000179	1.792377	0.607274	-0.014563
 810	4.0450e-01	7.6570	4.460051	0.000717	7.169508	2.429095	-0.058254
 811	4.0500e-01	7.6137	4.642094	-0.000448	-4.480943	-1.518184	0.036409
 812	4.0550e-01	7.5944	4.132373	0.001255	12.546639	4.250917	-0.101944
 813	4.0600e-01	7.5640	3.804696	0.000807	8.065697	2.732732	-0.065535
 814	4.0650e-01	7.4918	3.950331	-0.000358	-3.584754	-1.214548	0.029127
 815	4.0700e-01	7.4597	3.695471	0.000627	6.273320	2.125458	-0.050972
 816	4.0750e-01	7.4164	3.549836	0.000358	3.584754	1.214548	-0.029127
 817	4.0800e-01	7.3666	3.549836	-0.000000	-0.000000	-0.000000	0.000000
 818	4.0850e-01	7.3281	3.222159	0.000807	8.065697	2.732732	-0.065535
 819	4.0900e-01	7.2816	3.112933	0.000269	2.688566	0.910911	-0.021845
 820	4.0950e-01	7.2800	2.639622	0.001165	11.650451	3.947280	-0.094662
 821	4.1000e-01	7.2174	2.930890	-0.000717	-7.169508	-2.429095	0.058254
 822	4.1050e-01	7.1709	2.676030	0.000627	6.273320	2.125458	-0.050972
 823	4.1100e-01	7.1677	2.530396	0.000358	3.584754	1.214548	-0.029127
 824	4.1150e-01	7.0971	2.493988	0.000090	0.896189	0.303637	-0.007282
 825	4.1200e-01	7.0410	2.020676	0.001165	11.650451	3.947280	-0.094662
 826	4.1250e-01	7.0121	1.911450	0.000269	2.688566	0.910911	-0.021845
 827	4.1300e-01	6.9961	2.020676	-0.000269	-2.688566	-0.910911	0.021845
 828	4.1350e-01	6.9576	2.129902	-0.000269	-2.688566	-0.910911	0.021845
 829	4.1400e-01	6.8982	1.547365	0.001434	14.339017	4.858190	-0.116507
 830	4.1450e-01	6.8372	1.656590	-0.000269	-2.688566	-0.910911	0.021845
 831	4.1500e-01	6.8260	1.328913	0.000807	8.065697	2.732732	-0.065535
 832	4.1550e-01	6.7939	1.001236	0.000807	8.065697	2.732732	-0.065535
 833	4.1600e-01	6.7362	0.928419	0.000179	1.792377	0.607274	-0.014563
 834	4.1650e-01	6.7025	1.037644	-0.000269	-2.688566	-0.910911	0.021845
 835	4.1700e-01	6.6608	0.600742	0.001075	10.754262	3.643643	-0.087381
 836	4.1750e-01	6.6303	0.564333	0.000090	0.896189	0.303637	-0.007282
 837	4.1800e-01	6.5725	0.418699	0.000358	3.584754	1.214548	-0.029127
 838	4.1850e-01	6.5709	0.236656	0.000448	4.480943	1.518184	-0.036409
 839	4.1900e-01	6.5116	0.345881	-0.000269	-2.688566	-0.910911	0.021845
 840	4.1950e-01	6.4923	-0.527924	0.002151	21.508525	7.287285	-0.174761
 841	4.2000e-01	6.4410	-0.200247	-0.000807	-8.065697	-2.732732	0.065535
 842	4.2050e-01	6.3865	-0.054613	-0.000358	-3.584754	-1.214548	0.029127
 843	4.2100e-01	6.3463	-0.455107	0.000986	9.858074	3.340006	-0.080099
 844	4.2150e-01	6.2870	-0.637150	0.000448	4.480943	1.518184	-0.036409
 845	4.2200e-01	6.2437	-0.782784	0.000358	3.584754	1.214548	-0.029127
 846	4.2250e-01	6.1859	-0.782784	-0.000000	-0.000000	-0.000000	0.000000
 847	4.2300e-01	6.1843	-1.037644	0.000627	6.273320	2.125458	-0.050972
 848	4.2350e-01	6.1586	-1.438139	0.000986	9.858074	3.340006	-0.080099
 849	4.2400e-01	6.0881	-1.547365	0.000269	2.688566	0.910911	-0.021845
 850	4.2450e-01	6.0271	-1.474547	-0.000179	-1.792377	-0.607274	0.014563
 851	4.2500e-01	5.9886	-1.510956	0.000090	0.896189	0.303637	-0.007282
 852	4.2550e-01	5.9886	-1.802225	0.000717	7.169508	2.429095	-0.058254
 853	4.2600e-01	5.9228	-2.057085	0.000627	6.273320	2.125458	-0.050972
 854	4.2650e-01	5.8859	-2.166310	0.000269	2.688566	0.910911	-0.021845
 855	4.2700e-01	5.8603	-2.348353	0.000448	4.480943	1.518184	-0.036409
 856	4.2750e-01	5.8169	-2.093493	-0.000627	-6.273320	-2.125458	0.050972
 857	4.2800e-01	5.7576	-2.894482	0.001972	19.716148	6.680012	-0.160198
 858	4.2850e-01	5.7383	-2.639622	-0.000627	-6.273320	-2.125458	0.050972
 859	4.2900e-01	5.7143	-3.149342	0.001255	12.546639	4.250917	-0.101944
 860	4.2950e-01	5.6565	-2.894482	-0.000627	-6.273320	-2.125458	0.050972
 861	4.3000e-01	5.6341	-3.076525	0.000448	4.480943	1.518184	-0.036409
 862	4.3050e-01	5.5747	-3.404202	0.000807	8.065697	2.732732	-0.065535
 863	4.3100e-01	5.5154	-3.768288	0.000896	8.961885	3.036369	-0.072817
 864	4.3150e-01	5.4881	-3.622653	-0.000358	-3.584754	-1.214548	0.029127
 865	4.3200e-01	5.4688	-3.913922	0.000717	7.169508	2.429095	-0.058254
 866	4.3250e-01	5.4303	-3.913922	-0.000000	-0.000000	-0.000000	0.000000
 867	4.3300e-01	5.3806	-4.241599	0.000807	8.065697	2.732732	-0.065535
 868	4.3350e-01	5.3485	-4.423642	0.000448	4.480943	1.518184	-0.036409
 869	4.3400e-01	5.2908	-4.642094	0.000538	5.377131	1.821821	-0.043690
 870	4.3450e-01	5.2827	-4.605685	-0.000090	-0.896189	-0.303637	0.007282
 871	4.3500e-01	5.2635	-5.078996	0.001165	11.650451	3.947280	-0.094662
 872	4.3550e-01	5.1688	-4.751319	-0.000807	-8.065697	-2.732732	0.065535
 873	4.3600e-01	5.1656	-5.224631	0.001165	11.650451	3.947280	-0.094662
 874	4.3650e-01	5.1191	-5.042588	-0.000448	-4.480943	-1.518184	0.036409
 875	4.3700e-01	5.0694	-5.588717	0.001344	13.442828	4.554553	-0.109226
 876	4.3750e-01	5.0245	-5.588717	-0.000000	-0.000000	-0.000000	0.000000
 877	4.3800e-01	4.9683	-5.734351	0.000358	3.584754	1.214548	-0.029127
 878	4.3850e-01	4.9523	-5.916394	0.000448	4.480943	1.518184	-0.036409
 879	4.3900e-01	4.8977	-6.134845	0.000538	5.377131	1.821821	-0.043690
 880	4.3950e-01	4.8753	-6.498931	0.000896	8.961885	3.036369	-0.072817
 881	4.4000e-01	4.8255	-6.389705	-0.000269	-2.688566	-0.910911	0.021845
 882	4.4050e-01	4.7854	-6.498931	0.000269	2.688566	0.910911	-0.021845
 883	4.4100e-01	4.7421	-6.863017	0.000896	8.961885	3.036369	-0.072817
 884	4.4150e-01	4.6860	-6.826608	-0.000090	-0.896189	-0.303637	0.007282
 885	4.4200e-01	4.6683	-7.190694	0.000896	8.961885	3.036369	-0.072817
 886	4.4250e-01	4.6443	-7.299920	0.000269	2.688566	0.910911	-0.021845
 887	4.4300e-01	4.5865	-7.081468	-0.000538	-5.377131	-1.821821	0.043690
 888	4.4350e-01	4.5432	-7.627597	0.001344	13.442828	4.554553	-0.109226
 889	4.4400e-01	4.5191	-7.736823	0.000269	2.688566	0.910911	-0.021845
 890	4.4450e-01	4.4501	-7.991683	0.000627	6.273320	2.125458	-0.050972
 891	4.4500e-01	4.4293	-8.392177	0.000986	9.858074	3.340006	-0.080099
 892	4.4550e-01	4.3796	-8.282951	-0.000269	-2.688566	-0.910911	0.021845
 893	4.4600e-01	4.3555	-8.428586	0.000358	3.584754	1.214548	-0.029127
 894	4.4650e-01	4.2929	-8.719854	0.000717	7.169508	2.429095	-0.058254
 895	4.4700e-01	4.2416	-8.829080	0.000269	2.688566	0.910911	-0.021845
 896	4.4750e-01	4.2159	-8.756263	-0.000179	-1.792377	-0.607274	0.014563
 897	4.4800e-01	4.2191	-9.265983	-0.001255	-12.546639	-4.250917	-0.101944
 898	4.4850e-01	4.1485	-9.193166	-0.000179	-1.792377	-0.607274	0.014563
 899	4.4900e-01	4.0780	-9.630069	0.001075	10.754262	3.643643	-0.087381
 900	4.4950e-01	4.0667	-9.702886	0.000179	1.792377	0.607274	-0.014563
 901	4.5000e-01	4.0379	-9.630069	-0.000179	-1.792377	-0.607274	0.014563
 902	4.5050e-01	3.9721	-9.884929	0.000627	6.273320	2.125458	-0.050972
 903	4.5100e-01	3.9191	-10.030563	0.000358	3.584754	1.214548	-0.029127
 904	4.5150e-01	3.8935	-10.249014	0.000538	5.377131	1.821821	-0.043690
 905	4.5200e-01	3.8598	-10.394649	0.000358	3.584754	1.214548	-0.029127
 906	4.5250e-01	3.8261	-10.758734	0.000896	8.961885	3.036369	-0.072817
 907	4.5300e-01	3.7828	-10.831552	0.000179	1.792377	0.607274	-0.014563
 908	4.5350e-01	3.7347	-10.758734	-0.000179	-1.792377	-0.607274	0.014563
 909	4.5400e-01	3.7074	-11.195637	0.001075	10.754262	3.643643	-0.087381
 910	4.5450e-01	3.6593	-11.341272	0.000358	3.584754	1.214548	-0.029127
 911	4.5500e-01	3.6256	-11.596132	0.000627	6.273320	2.125458	-0.050972
 912	4.5550e-01	3.5614	-11.887400	0.000717	7.169508	2.429095	-0.058254
 913	4.5600e-01	3.5309	-11.814583	-0.000179	-1.792377	-0.607274	0.014563
 914	4.5650e-01	3.4956	-12.215078	0.000986	9.858074	3.340006	-0.080099
 915	4.5700e-01	3.4443	-12.251486	0.000090	0.896189	0.303637	-0.007282
 916	4.5750e-01	3.4026	-12.324303	0.000179	1.792377	0.607274	-0.014563
 917	4.5800e-01	3.3721	-12.506346	0.000448	4.480943	1.518184	-0.036409
 918	4.5850e-01	3.3224	-12.651980	0.000358	3.584754	1.214548	-0.029127
 919	4.5900e-01	3.2871	-12.979658	0.000807	8.065697	2.732732	-0.065535
 920	4.5950e-01	3.2823	-13.088883	0.000269	2.688566	0.910911	-0.021845
 921	4.6000e-01	3.2277	-14.144732	0.002599	25.989467	8.805470	-0.211170
 922	4.6050e-01	3.2197	-13.671421	-0.001165	-11.650451	-3.947280	0.094662
 923	4.6100e-01	3.1266	-13.598603	-0.000179	-1.792377	-0.607274	0.014563
 924	4.6150e-01	3.0994	-13.780646	0.000448	4.480943	1.518184	-0.036409
 925	4.6200e-01	3.0689	-14.071915	0.000717	7.169508	2.429095	-0.058254
 926	4.6250e-01	2.9967	-14.217549	0.000358	3.584754	1.214548	-0.029127
 927	4.6300e-01	2.9726	-14.217549	-0.000000	-0.000000	-0.000000	0.000000
 928	4.6350e-01	2.9518	-14.508818	0.000717	7.169508	2.429095	-0.058254
 929	4.6400e-01	2.9037	-14.727269	0.000538	5.377131	1.821821	-0.043690
 930	4.6450e-01	2.8764	-15.091355	0.000896	8.961885	3.036369	-0.072817
 931	4.6500e-01	2.8074	-14.945721	-0.000358	-3.584754	-1.214548	0.029127
 932	4.6550e-01	2.7513	-15.419032	0.001165	11.650451	3.947280	-0.094662
 933	4.6600e-01	2.7609	-15.528258	-0.000269	-2.688566	-0.910911	-0.021845
 934	4.6650e-01	2.7063	-15.819527	0.000717	7.169508	2.429095	-0.058254
 935	4.6700e-01	2.6646	-16.256430	0.001075	10.754262	3.643643	-0.087381
 936	4.6750e-01	2.6325	-16.074387	-0.000448	-4.480943	-1.518184	0.036409
 937	4.6800e-01	2.5940	-16.001570	-0.000179	-1.792377	-0.607274	0.014563
 938	4.6850e-01	2.5090	-16.183612	0.000448	4.480943	1.518184	-0.036409
 939	4.6900e-01	2.5154	-16.656924	-0.001165	-11.650451	-3.947280	-0.094662
 940	4.6950e-01	2.4625	-16.948193	0.000717	7.169508	2.429095	-0.058254
 941	4.7000e-01	2.4368	-17.530730	0.001434	14.339017	4.858190	-0.116507
 942	4.7050e-01	2.3646	-17.130235	-0.000986	-9.858074	-3.340006	0.080099
 943	4.7100e-01	2.3358	-17.457913	0.000807	8.065697	2.732732	-0.065535
 944	4.7150e-01	2.2957	-17.858407	0.000986	9.858074	3.340006	-0.080099
 945	4.7200e-01	2.2860	-18.040450	0.000448	4.480943	1.518184	-0.036409
 946	4.7250e-01	2.2058	-18.004041	-0.000090	-0.896189	-0.303637	0.007282
 947	4.7300e-01	2.1978	-18.186084	0.000448	4.480943	1.518184	-0.036409
 948	4.7350e-01	2.1240	-18.477353	0.000717	7.169508	2.429095	-0.058254
 949	4.7400e-01	2.0887	-18.622987	0.000358	3.584754	1.214548	-0.029127
 950	4.7450e-01	2.0646	-18.841439	0.000538	5.377131	1.821821	-0.043690
 951	4.7500e-01	2.0149	-18.914256	0.000179	1.792377	0.607274	-0.014563
 952	4.7550e-01	1.9700	-19.278342	0.000896	8.961885	3.036369	-0.072817
 953	4.7600e-01	1.9636	-19.278342	-0.000000	-0.000000	-0.000000	0.000000
 954	4.7650e-01	1.8978	-19.496793	0.000538	5.377131	1.821821	-0.043690
 955	4.7700e-01	1.8657	-19.970104	0.001165	11.650451	3.947280	-0.094662
 956	4.7750e-01	1.8080	-19.788062	-0.000448	-4.480943	-1.518184	0.036409
 957	4.7800e-01	1.7823	-20.625459	0.002061	20.612336	6.983649	-0.167479
 958	4.7850e-01	1.7358	-20.261373	-0.000896	-8.961885	-3.036369	0.072817
 959	4.7900e-01	1.7005	-20.698276	0.001075	10.754262	3.643643	-0.087381
 960	4.7950e-01	1.6347	-20.880319	0.000448	4.480943	1.518184	-0.036409
 961	4.8000e-01	1.6235	-21.353630	0.001165	11.650451	3.947280	-0.094662
 962	4.8050e-01	1.5818	-21.098770	-0.000627	-6.273320	-2.125458	0.050972
 963	4.8100e-01	1.5353	-21.572082	0.001165	11.650451	3.947280	-0.094662
 964	4.8150e-01	1.4807	-21.499265	-0.000179	-1.792377	-0.607274	0.014563
 965	4.8200e-01	1.4230	-21.535673	0.000090	0.896189	0.303637	-0.007282
 966	4.8250e-01	1.4262	-22.263845	-0.001792	-17.923771	-6.072738	-0.145634
 967	4.8300e-01	1.3989	-22.336662	0.000179	1.792377	0.607274	-0.014563
 968	4.8350e-01	1.3556	-22.263845	-0.000179	-1.792377	-0.607274	0.014563
 969	4.8400e-01	1.3187	-22.627931	0.000896	8.961885	3.036369	-0.072817
 970	4.8450e-01	1.2706	-22.809973	0.000448	4.480943	1.518184	-0.036409
 971	4.8500e-01	1.2096	-23.064834	0.000627	6.273320	2.125458	-0.050972
 972	4.8550e-01	1.2048	-23.356102	0.000717	7.169508	2.429095	-0.058254
 973	4.8600e-01	1.1358	-23.865822	0.001255	12.546639	4.250917	-0.101944
 974	4.8650e-01	1.1149	-23.538145	-0.000807	-8.065697	-2.732732	0.065535
 975	4.8700e-01	1.0604	-24.084274	0.001344	13.442828	4.554553	-0.109226
 976	4.8750e-01	1.0299	-24.411951	0.000807	8.065697	2.732732	-0.065535
 977	4.8800e-01	0.9722	-24.557585	0.000358	3.584754	1.214548	-0.029127
 978	4.8850e-01	0.9289	-24.921671	0.000896	8.961885	3.036369	-0.072817
 979	4.8900e-01	0.9128	-24.921671	-0.000000	-0.000000	-0.000000	0.000000
 980	4.8950e-01	0.8647	-24.885262	-0.000090	-0.896189	-0.303637	0.007282
 981	4.9000e-01	0.8342	-25.358574	0.001165	11.650451	3.947280	-0.094662
 982	4.9050e-01	0.7492	-25.322165	-0.000090	-0.896189	-0.303637	0.007282
 983	4.9100e-01	0.7347	-25.795477	0.001165	11.650451	3.947280	-0.094662
 984	4.9150e-01	0.7155	-25.868294	0.000179	1.792377	0.607274	-0.014563
 985	4.9200e-01	0.6609	-26.487240	0.001524	15.235205	5.161827	-0.123789
 986	4.9250e-01	0.6337	-26.378014	-0.000269	-2.688566	-0.910911	0.021845
 987	4.9300e-01	0.5791	-26.705691	0.000807	8.065697	2.732732	-0.065535
 988	4.9350e-01	0.5326	-26.960551	0.000627	6.273320	2.125458	-0.050972
 989	4.9400e-01	0.4716	-27.106186	0.000358	3.584754	1.214548	-0.029127
 990	4.9450e-01	0.4749	-27.652314	-0.001344	-13.442828	-4.554553	-0.109226
 991	4.9500e-01	0.3995	-27.615906	-0.000090	-0.896189	-0.303637	0.007282
 992	4.9550e-01	0.3882	-28.125626	0.001255	12.546639	4.250917	-0.101944
 993	4.9600e-01	0.3577	-28.198443	0.000179	1.792377	0.607274	-0.014563
 994	4.9650e-01	0.3000	-28.380486	0.000448	4.480943	1.518184	-0.036409
 995	4.9700e-01	0.2567	-28.489711	0.000269	2.688566	0.910911	-0.021845
 996	4.9750e-01	0.2358	-28.598937	0.000269	2.688566	0.910911	-0.021845
 997	4.9800e-01	0.1813	-29.327109	0.001792	17.923771	6.072738	-0.145634
 998	4.9850e-01	0.1492	-29.217883	-0.000269	-2.688566	-0.910911	0.021845
 999	4.9900e-01	0.1091	-30.055280	0.002061	20.612336	6.983649	-0.167479
1000	4.9950e-01	0.0642	-29.691195	-0.000896	-8.961885	-3.036369	0.072817
1001	5.0000e-01	0.0610	-30.237323	-0.000896	-8.961885	-3.036369	-0.109226

PMax (uC/cm2):	7.83e+01
Pr (uC/cm2):	9.07e+00
-Pr (uC/cm2):	0.00e+00
PLoss (uC/cm2):	0.00e+00
C (Max-Eff) (nF):	3.91e-01
K (Eff):	1.32e+03
Vert. (+/-Pr) Shift (uC/cm2):	4.53e+00
Offset (uC/cm2):	3.93e+01

A (Loop Area - uC/cm2·Volts):	-6.56e-01



Hysteresis Version: 5.48.1 - Radiant Technologies, Inc., 1999 - 9/12/24

