»»»»»»»»»»»»»»»»»»»»»»»»»»»»»»»»»»»» Hysteresis ««««««««««««««««««««««««««««««««««««
»»»  Executed Version:	5.48.1
»»»  Vision Version:	5.48.4 (R)
»»»  Vision Compiled:	9/18/24
»»»  Driver Version:	5.47.0
»»»  Windows Version:	Windows 8 or 8.1
»»»  Processor Information:	x86 (AMD or Intel) - 32 Processors
»»»  Tester Name:	PMF21124-494 (100V)
»»»  Tester S/N:	PMF21124-494
»»»  Internal Amp Type:	100V RevK 270k
»»»  Internal Amp S/N:	iAB2-596/K     
»»»  Execution Count:	1
»»»»»»»»»»»»»»»»»»»»»»»»»»»»»»»»»»»»»»»»»»««««««««««««««««««««««««««««««««««««««««««

Stored:	10/2/2025 - 18:40:12
Configured:	10/02/25 12:40:15 PM
Executed:	10/02/25 06:39:47 PM

»»»»»»»»»»»»»»»»»»»»»»»»»»»»»»»»»»» Sample Info ««««««««««««««««««««««««««««««««««««
Sample Name:	Int. Ref. Ferroelectric
Lot Name:	N/A
Wafer Name:	N/A
Die Row/Column:	0/0
Capacitor Number:	0
Sample Area (cm2):	1.00e-04
Sample Thickness (microns):	3.00e-01

Amplifier:	Internal

»»»»»»»»»»»»»»»»»»»»»»»»»»»»»»»»»»» Tester Info «««««««««««««««««««««««««««««««««««
Tester Name:	PMF21124-494 (100V)
Tester Serial Number:	PMF21124-494
Return Signal Amp. Level:	0.02 [Index: 2]

»»»»»»»»»»»»»»»»»»»»»»»»»»»»»»»» Hysteresis Info ««««««««««««««««««««««««««««««««««
Task Name:	Hyst-1
Volts:	20.00
Field:	666.67 (kV/cm)
DCBias:	0.00
DCField:	0.00 (kV/cm)
Hysteresis Period (ms):	5.00e-01
Preset:	Enabled
Preset Delay (ms):	1.00e+03
Profile:	Standard Monopolar

»»»»»»»»»»»»»»»»»»»»»»»»»»»»»»»»»»»»»» Data «««««««««««««««««««««««««««««««««««««««
Points:	1001

Valid Data

Point	Time (ms)	Drive Voltage	Measured Polarization (uC/cm2)	Capacitance (uF)	Normalized Capacitance (uF/cm2)	Dielectric Constant	Instantaneous Current (mA)
   1	0.0000e+00	0.0626	-25.959315	0.000182	1.816570	0.615471	-0.014563
   2	5.0000e-04	0.0369	-26.032133	0.000182	1.816570	0.615471	-0.014563
   3	1.0000e-03	0.1171	-25.704455	0.000817	8.174566	2.769618	0.065535
   4	1.5000e-03	0.1700	-25.449595	0.000636	6.357996	2.154147	0.050972
   5	2.0000e-03	0.2086	-25.158327	0.000727	7.266281	2.461883	0.058254
   6	2.5000e-03	0.2278	-25.012692	0.000363	3.633140	1.230941	0.029127
   7	3.0000e-03	0.2807	-25.449595	-0.001090	-10.899421	-3.692824	-0.087381
   8	3.5000e-03	0.3385	-24.430155	0.002543	25.431983	8.616589	0.203888
   9	4.0000e-03	0.3497	-24.903467	-0.001181	-11.807707	-4.000559	-0.094662
  10	4.5000e-03	0.3946	-24.539381	0.000908	9.082851	3.077353	0.072817
  11	5.0000e-03	0.4091	-24.393747	0.000363	3.633140	1.230941	0.029127
  12	5.5000e-03	0.4588	-24.138887	0.000636	6.357996	2.154147	0.050972
  13	6.0000e-03	0.5326	-24.430155	-0.000727	-7.266281	-2.461883	-0.058254
  14	6.5000e-03	0.5486	-23.884026	0.001362	13.624277	4.616030	0.109226
  15	7.0000e-03	0.5871	-23.847618	0.000091	0.908285	0.307735	0.007282
  16	7.5000e-03	0.6465	-23.483532	0.000908	9.082851	3.077353	0.072817
  17	8.0000e-03	0.6962	-23.337898	0.000363	3.633140	1.230941	0.029127
  18	8.5000e-03	0.7139	-23.556349	-0.000545	-5.449711	-1.846412	-0.043690
  19	9.0000e-03	0.7379	-23.046629	0.001272	12.715992	4.308295	0.101944
  20	9.5000e-03	0.7925	-22.937403	0.000272	2.724855	0.923206	0.021845
  21	1.0000e-02	0.8294	-23.010221	-0.000182	-1.816570	-0.615471	-0.014563
  22	1.0500e-02	0.8903	-22.755361	0.000636	6.357996	2.154147	0.050972
  23	1.1000e-02	0.9000	-22.937403	-0.000454	-4.541426	-1.538677	-0.036409
  24	1.1500e-02	0.9401	-22.464092	0.001181	11.807707	4.000559	0.094662
  25	1.2000e-02	1.0347	-22.500501	-0.000091	-0.908285	-0.307735	-0.007282
  26	1.2500e-02	1.0476	-22.027189	0.001181	11.807707	4.000559	0.094662
  27	1.3000e-02	1.0556	-22.391275	-0.000908	-9.082851	-3.077353	-0.072817
  28	1.3500e-02	1.1149	-21.772329	0.001544	15.440847	5.231501	0.123789
  29	1.4000e-02	1.1631	-21.845146	-0.000182	-1.816570	-0.615471	-0.014563
  30	1.4500e-02	1.2224	-21.699512	0.000363	3.633140	1.230941	0.029127
  31	1.5000e-02	1.2577	-21.335426	0.000908	9.082851	3.077353	0.072817
  32	1.5500e-02	1.2706	-21.299018	0.000091	0.908285	0.307735	0.007282
  33	1.6000e-02	1.3235	-20.971340	0.000817	8.174566	2.769618	0.065535
  34	1.6500e-02	1.3588	-21.080566	-0.000272	-2.724855	-0.923206	-0.021845
  35	1.7000e-02	1.4246	-20.934932	0.000363	3.633140	1.230941	0.029127
  36	1.7500e-02	1.4358	-20.971340	-0.000091	-0.908285	-0.307735	-0.007282
  37	1.8000e-02	1.4935	-20.825706	0.000363	3.633140	1.230941	0.029127
  38	1.8500e-02	1.5240	-20.315986	0.001272	12.715992	4.308295	0.101944
  39	1.9000e-02	1.5513	-19.988309	0.000817	8.174566	2.769618	0.065535
  40	1.9500e-02	1.5978	-19.951900	0.000091	0.908285	0.307735	0.007282
  41	2.0000e-02	1.6636	-19.697040	0.000636	6.357996	2.154147	0.050972
  42	2.0500e-02	1.6877	-19.660632	0.000091	0.908285	0.307735	0.007282
  43	2.1000e-02	1.7342	-19.806266	-0.000363	-3.633140	-1.230941	-0.029127
  44	2.1500e-02	1.7486	-19.697040	0.000272	2.724855	0.923206	0.021845
  45	2.2000e-02	1.7775	-19.369363	0.000817	8.174566	2.769618	0.065535
  46	2.2500e-02	1.8336	-19.150911	0.000545	5.449711	1.846412	0.043690
  47	2.3000e-02	1.8898	-18.896051	0.000636	6.357996	2.154147	0.050972
  48	2.3500e-02	1.9122	-18.859643	0.000091	0.908285	0.307735	0.007282
  49	2.4000e-02	1.9540	-18.750417	0.000272	2.724855	0.923206	0.021845
  50	2.4500e-02	2.0085	-18.750417	0.000000	0.000000	0.000000	0.000000
  51	2.5000e-02	2.0422	-18.714009	0.000091	0.908285	0.307735	0.007282
  52	2.5500e-02	2.0823	-18.531966	0.000454	4.541426	1.538677	0.036409
  53	2.6000e-02	2.1096	-18.459149	0.000182	1.816570	0.615471	0.014563
  54	2.6500e-02	2.1818	-18.204288	0.000636	6.357996	2.154147	0.050972
  55	2.7000e-02	2.1962	-18.022246	0.000454	4.541426	1.538677	0.036409
  56	2.7500e-02	2.2572	-18.095063	-0.000182	-1.816570	-0.615471	-0.014563
  57	2.8000e-02	2.2812	-17.585343	0.001272	12.715992	4.308295	0.101944
  58	2.8500e-02	2.3422	-17.294074	0.000727	7.266281	2.461883	0.058254
  59	2.9000e-02	2.3598	-17.476117	-0.000454	-4.541426	-1.538677	-0.036409
  60	2.9500e-02	2.4128	-17.221257	0.000636	6.357996	2.154147	0.050972
  61	3.0000e-02	2.4609	-17.403300	-0.000454	-4.541426	-1.538677	-0.036409
  62	3.0500e-02	2.4850	-17.221257	0.000454	4.541426	1.538677	0.036409
  63	3.1000e-02	2.5299	-16.820763	0.000999	9.991136	3.385089	0.080099
  64	3.1500e-02	2.5748	-16.893580	-0.000182	-1.816570	-0.615471	-0.014563
  65	3.2000e-02	2.5940	-16.784354	0.000272	2.724855	0.923206	0.021845
  66	3.2500e-02	2.6197	-16.274634	0.001272	12.715992	4.308295	0.101944
  67	3.3000e-02	2.6871	-16.420268	-0.000363	-3.633140	-1.230941	-0.029127
  68	3.3500e-02	2.7192	-16.383860	0.000091	0.908285	0.307735	0.007282
  69	3.4000e-02	2.7625	-15.874140	0.001272	12.715992	4.308295	0.101944
  70	3.4500e-02	2.8058	-15.874140	0.000000	0.000000	0.000000	0.000000
  71	3.5000e-02	2.8331	-15.837731	0.000091	0.908285	0.307735	0.007282
  72	3.5500e-02	2.8876	-15.983365	-0.000363	-3.633140	-1.230941	-0.029127
  73	3.6000e-02	2.9213	-15.437237	0.001362	13.624277	4.616030	0.109226
  74	3.6500e-02	2.9630	-15.473645	-0.000091	-0.908285	-0.307735	-0.007282
  75	3.7000e-02	2.9903	-15.510054	-0.000091	-0.908285	-0.307735	-0.007282
  76	3.7500e-02	3.0448	-15.036742	0.001181	11.807707	4.000559	0.094662
  77	3.8000e-02	3.1010	-15.182377	-0.000363	-3.633140	-1.230941	-0.029127
  78	3.8500e-02	3.1299	-15.182377	0.000000	0.000000	0.000000	0.000000
  79	3.9000e-02	3.1555	-14.599839	0.001453	14.532562	4.923765	0.116507
  80	3.9500e-02	3.2069	-14.417796	0.000454	4.541426	1.538677	0.036409
  81	4.0000e-02	3.2325	-14.709065	-0.000727	-7.266281	-2.461883	-0.058254
  82	4.0500e-02	3.2614	-14.090119	0.001544	15.440847	5.231501	0.123789
  83	4.1000e-02	3.3031	-14.235754	-0.000363	-3.633140	-1.230941	-0.029127
  84	4.1500e-02	3.3737	-13.762442	0.001181	11.807707	4.000559	0.094662
  85	4.2000e-02	3.4042	-13.762442	0.000000	0.000000	0.000000	0.000000
  86	4.2500e-02	3.4315	-13.871668	-0.000272	-2.724855	-0.923206	-0.021845
  87	4.3000e-02	3.4860	-13.908076	-0.000091	-0.908285	-0.307735	-0.007282
  88	4.3500e-02	3.5149	-13.507582	0.000999	9.991136	3.385089	0.080099
  89	4.4000e-02	3.5774	-13.325539	0.000454	4.541426	1.538677	0.036409
  90	4.4500e-02	3.5919	-13.289131	0.000091	0.908285	0.307735	0.007282
  91	4.5000e-02	3.6384	-13.289131	0.000000	0.000000	0.000000	0.000000
  92	4.5500e-02	3.6721	-13.034271	0.000636	6.357996	2.154147	0.050972
  93	4.6000e-02	3.7314	-12.997862	0.000091	0.908285	0.307735	0.007282
  94	4.6500e-02	3.7507	-13.034271	-0.000091	-0.908285	-0.307735	-0.007282
  95	4.7000e-02	3.8133	-12.815819	0.000545	5.449711	1.846412	0.043690
  96	4.7500e-02	3.8437	-12.124056	0.001726	17.257417	5.846971	0.138353
  97	4.8000e-02	3.8999	-12.524550	-0.000999	-9.991136	-3.385089	-0.080099
  98	4.8500e-02	3.9191	-12.597368	-0.000182	-1.816570	-0.615471	-0.014563
  99	4.9000e-02	3.9657	-12.306099	0.000727	7.266281	2.461883	0.058254
 100	4.9500e-02	4.0186	-11.942013	0.000908	9.082851	3.077353	0.072817
 101	5.0000e-02	4.0427	-12.124056	-0.000454	-4.541426	-1.538677	-0.036409
 102	5.0500e-02	4.0523	-11.905605	0.000545	5.449711	1.846412	0.043690
 103	5.1000e-02	4.1116	-11.832788	0.000182	1.816570	0.615471	0.014563
 104	5.1500e-02	4.1485	-11.468702	0.000908	9.082851	3.077353	0.072817
 105	5.2000e-02	4.2031	-11.068207	0.000999	9.991136	3.385089	0.080099
 106	5.2500e-02	4.2560	-11.359476	-0.000727	-7.266281	-2.461883	-0.058254
 107	5.3000e-02	4.2769	-11.541519	-0.000454	-4.541426	-1.538677	-0.036409
 108	5.3500e-02	4.3154	-11.031799	0.001272	12.715992	4.308295	0.101944
 109	5.4000e-02	4.3667	-11.031799	0.000000	0.000000	0.000000	0.000000
 110	5.4500e-02	4.4004	-10.995390	0.000091	0.908285	0.307735	0.007282
 111	5.5000e-02	4.4469	-10.558487	0.001090	10.899421	3.692824	0.087381
 112	5.5500e-02	4.4822	-10.485670	0.000182	1.816570	0.615471	0.014563
 113	5.6000e-02	4.5143	-10.558487	-0.000182	-1.816570	-0.615471	-0.014563
 114	5.6500e-02	4.5673	-10.376444	0.000454	4.541426	1.538677	0.036409
 115	5.7000e-02	4.6090	-10.340036	0.000091	0.908285	0.307735	0.007282
 116	5.7500e-02	4.6218	-10.121584	0.000545	5.449711	1.846412	0.043690
 117	5.8000e-02	4.6651	-9.903133	0.000545	5.449711	1.846412	0.043690
 118	5.8500e-02	4.7116	-9.975950	-0.000182	-1.816570	-0.615471	-0.014563
 119	5.9000e-02	4.7790	-9.684681	0.000727	7.266281	2.461883	0.058254
 120	5.9500e-02	4.8191	-9.866724	-0.000454	-4.541426	-1.538677	-0.036409
 121	6.0000e-02	4.8319	-9.539047	0.000817	8.174566	2.769618	0.065535
 122	6.0500e-02	4.8608	-9.393413	0.000363	3.633140	1.230941	0.029127
 123	6.1000e-02	4.9170	-9.247779	0.000363	3.633140	1.230941	0.029127
 124	6.1500e-02	4.9747	-8.956510	0.000727	7.266281	2.461883	0.058254
 125	6.2000e-02	4.9908	-8.774467	0.000454	4.541426	1.538677	0.036409
 126	6.2500e-02	5.0309	-8.992919	-0.000545	-5.449711	-1.846412	-0.043690
 127	6.3000e-02	5.0999	-8.810876	0.000454	4.541426	1.538677	0.036409
 128	6.3500e-02	5.1239	-8.920101	-0.000272	-2.724855	-0.923206	-0.021845
 129	6.4000e-02	5.1480	-8.628833	0.000727	7.266281	2.461883	0.058254
 130	6.4500e-02	5.1753	-8.446790	0.000454	4.541426	1.538677	0.036409
 131	6.5000e-02	5.2314	-8.301156	0.000363	3.633140	1.230941	0.029127
 132	6.5500e-02	5.2827	-7.827844	0.001181	11.807707	4.000559	0.094662
 133	6.6000e-02	5.3020	-8.009887	-0.000454	-4.541426	-1.538677	-0.036409
 134	6.6500e-02	5.3742	-8.046296	-0.000091	-0.908285	-0.307735	-0.007282
 135	6.7000e-02	5.4111	-7.827844	0.000545	5.449711	1.846412	0.043690
 136	6.7500e-02	5.4560	-7.864253	-0.000091	-0.908285	-0.307735	-0.007282
 137	6.8000e-02	5.4817	-7.827844	0.000091	0.908285	0.307735	0.007282
 138	6.8500e-02	5.5250	-7.682210	0.000363	3.633140	1.230941	0.029127
 139	6.9000e-02	5.5490	-7.318124	0.000908	9.082851	3.077353	0.072817
 140	6.9500e-02	5.5859	-7.136081	0.000454	4.541426	1.538677	0.036409
 141	7.0000e-02	5.6549	-7.427350	-0.000727	-7.266281	-2.461883	-0.058254
 142	7.0500e-02	5.6934	-7.026855	0.000999	9.991136	3.385089	0.080099
 143	7.1000e-02	5.6966	-7.172490	-0.000363	-3.633140	-1.230941	-0.029127
 144	7.1500e-02	5.7399	-7.099673	0.000182	1.816570	0.615471	0.014563
 145	7.2000e-02	5.8009	-6.589952	0.001272	12.715992	4.308295	0.101944
 146	7.2500e-02	5.8522	-6.735587	-0.000363	-3.633140	-1.230941	-0.029127
 147	7.3000e-02	5.8811	-6.444318	0.000727	7.266281	2.461883	0.058254
 148	7.3500e-02	5.9196	-6.444318	0.000000	0.000000	0.000000	0.000000
 149	7.4000e-02	5.9613	-6.407910	0.000091	0.908285	0.307735	0.007282
 150	7.4500e-02	6.0095	-6.298684	0.000272	2.724855	0.923206	0.021845
 151	7.5000e-02	6.0496	-6.043824	0.000636	6.357996	2.154147	0.050972
 152	7.5500e-02	6.0865	-6.262275	-0.000545	-5.449711	-1.846412	-0.043690
 153	7.6000e-02	6.1298	-5.643329	0.001544	15.440847	5.231501	0.123789
 154	7.6500e-02	6.1635	-5.643329	0.000000	0.000000	0.000000	0.000000
 155	7.7000e-02	6.2020	-5.315652	0.000817	8.174566	2.769618	0.065535
 156	7.7500e-02	6.2389	-5.788964	-0.001181	-11.807707	-4.000559	-0.094662
 157	7.8000e-02	6.2806	-5.461287	0.000817	8.174566	2.769618	0.065535
 158	7.8500e-02	6.3030	-5.352061	0.000272	2.724855	0.923206	0.021845
 159	7.9000e-02	6.3608	-5.461287	-0.000272	-2.724855	-0.923206	-0.021845
 160	7.9500e-02	6.4089	-5.170018	0.000727	7.266281	2.461883	0.058254
 161	8.0000e-02	6.4474	-4.987975	0.000454	4.541426	1.538677	0.036409
 162	8.0500e-02	6.4971	-5.133609	-0.000363	-3.633140	-1.230941	-0.029127
 163	8.1000e-02	6.4955	-4.587481	-0.001362	-13.624277	-4.616030	0.109226
 164	8.1500e-02	6.5469	-4.332621	0.000636	6.357996	2.154147	0.050972
 165	8.2000e-02	6.5838	-4.478255	-0.000363	-3.633140	-1.230941	-0.029127
 166	8.2500e-02	6.6271	-4.332621	0.000363	3.633140	1.230941	0.029127
 167	8.3000e-02	6.7073	-4.332621	0.000000	0.000000	0.000000	0.000000
 168	8.3500e-02	6.7298	-4.660298	-0.000817	-8.174566	-2.769618	-0.065535
 169	8.4000e-02	6.7490	-3.932126	0.001817	18.165702	6.154707	0.145634
 170	8.4500e-02	6.7971	-3.932126	0.000000	0.000000	0.000000	0.000000
 171	8.5000e-02	6.8790	-3.822901	0.000272	2.724855	0.923206	0.021845
 172	8.5500e-02	6.8773	-3.750083	-0.000182	-1.816570	-0.615471	0.014563
 173	8.6000e-02	6.9255	-4.041352	-0.000727	-7.266281	-2.461883	-0.058254
 174	8.6500e-02	6.9576	-3.895718	0.000363	3.633140	1.230941	0.029127
 175	8.7000e-02	6.9720	-3.385998	0.001272	12.715992	4.308295	0.101944
 176	8.7500e-02	7.0314	-3.131138	0.000636	6.357996	2.154147	0.050972
 177	8.8000e-02	7.0795	-3.349589	-0.000545	-5.449711	-1.846412	-0.043690
 178	8.8500e-02	7.1244	-3.313181	0.000091	0.908285	0.307735	0.007282
 179	8.9000e-02	7.1661	-3.203955	0.000272	2.724855	0.923206	0.021845
 180	8.9500e-02	7.1982	-3.058320	0.000363	3.633140	1.230941	0.029127
 181	9.0000e-02	7.2287	-2.657826	0.000999	9.991136	3.385089	0.080099
 182	9.0500e-02	7.2640	-2.876278	-0.000545	-5.449711	-1.846412	-0.043690
 183	9.1000e-02	7.3233	-2.402966	0.001181	11.807707	4.000559	0.094662
 184	9.1500e-02	7.3618	-2.293740	0.000272	2.724855	0.923206	0.021845
 185	9.2000e-02	7.3971	-2.220923	0.000182	1.816570	0.615471	0.014563
 186	9.2500e-02	7.4597	-2.293740	-0.000182	-1.816570	-0.615471	-0.014563
 187	9.3000e-02	7.4677	-2.366558	-0.000182	-1.816570	-0.615471	-0.014563
 188	9.3500e-02	7.4950	-1.893246	0.001181	11.807707	4.000559	0.094662
 189	9.4000e-02	7.5431	-1.601977	0.000727	7.266281	2.461883	0.058254
 190	9.4500e-02	7.5880	-1.966063	-0.000908	-9.082851	-3.077353	-0.072817
 191	9.5000e-02	7.6746	-1.856837	0.000272	2.724855	0.923206	0.021845
 192	9.5500e-02	7.6811	-1.893246	-0.000091	-0.908285	-0.307735	-0.007282
 193	9.6000e-02	7.7132	-1.201483	0.001726	17.257417	5.846971	0.138353
 194	9.6500e-02	7.7565	-1.019440	0.000454	4.541426	1.538677	0.036409
 195	9.7000e-02	7.8046	-1.237892	-0.000545	-5.449711	-1.846412	-0.043690
 196	9.7500e-02	7.8511	-1.274300	-0.000091	-0.908285	-0.307735	-0.007282
 197	9.8000e-02	7.8800	-1.383526	-0.000272	-2.724855	-0.923206	-0.021845
 198	9.8500e-02	7.9137	-0.837397	0.001362	13.624277	4.616030	0.109226
 199	9.9000e-02	7.9602	-0.983032	-0.000363	-3.633140	-1.230941	-0.029127
 200	9.9500e-02	8.0131	-0.837397	0.000363	3.633140	1.230941	0.029127
 201	1.0000e-01	8.0404	-0.436903	0.000999	9.991136	3.385089	0.080099
 202	1.0050e-01	8.0709	-0.910214	-0.001181	-11.807707	-4.000559	-0.094662
 203	1.0100e-01	8.1415	-0.691763	0.000545	5.449711	1.846412	0.043690
 204	1.0150e-01	8.1736	-0.655354	0.000091	0.908285	0.307735	0.007282
 205	1.0200e-01	8.2024	-0.400494	0.000636	6.357996	2.154147	0.050972
 206	1.0250e-01	8.2409	-0.254860	0.000363	3.633140	1.230941	0.029127
 207	1.0300e-01	8.2810	0.145634	0.000999	9.991136	3.385089	0.080099
 208	1.0350e-01	8.3083	-0.109226	-0.000636	-6.357996	-2.154147	-0.050972
 209	1.0400e-01	8.3484	0.291269	0.000999	9.991136	3.385089	0.080099
 210	1.0450e-01	8.3837	0.327677	0.000091	0.908285	0.307735	0.007282
 211	1.0500e-01	8.4415	0.473312	0.000363	3.633140	1.230941	0.029127
 212	1.0550e-01	8.4880	0.400494	-0.000182	-1.816570	-0.615471	-0.014563
 213	1.0600e-01	8.5217	0.254860	-0.000363	-3.633140	-1.230941	-0.029127
 214	1.0650e-01	8.5778	0.582537	0.000817	8.174566	2.769618	0.065535
 215	1.0700e-01	8.5955	0.764580	0.000454	4.541426	1.538677	0.036409
 216	1.0750e-01	8.6420	0.837397	0.000182	1.816570	0.615471	0.014563
 217	1.0800e-01	8.6885	0.983032	0.000363	3.633140	1.230941	0.029127
 218	1.0850e-01	8.7286	1.019440	0.000091	0.908285	0.307735	0.007282
 219	1.0900e-01	8.7447	0.728172	-0.000727	-7.266281	-2.461883	-0.058254
 220	1.0950e-01	8.7960	1.419935	0.001726	17.257417	5.846971	0.138353
 221	1.1000e-01	8.8489	1.638386	0.000545	5.449711	1.846412	0.043690
 222	1.1050e-01	8.8810	1.601977	-0.000091	-0.908285	-0.307735	-0.007282
 223	1.1100e-01	8.9051	1.747612	0.000363	3.633140	1.230941	0.029127
 224	1.1150e-01	8.9612	1.529160	-0.000545	-5.449711	-1.846412	-0.043690
 225	1.1200e-01	9.0110	1.784020	0.000636	6.357996	2.154147	0.050972
 226	1.1250e-01	9.0447	1.784020	0.000000	0.000000	0.000000	0.000000
 227	1.1300e-01	9.0784	2.111697	0.000817	8.174566	2.769618	0.065535
 228	1.1350e-01	9.1185	2.075289	-0.000091	-0.908285	-0.307735	-0.007282
 229	1.1400e-01	9.1810	2.184515	0.000272	2.724855	0.923206	0.021845
 230	1.1450e-01	9.2163	2.402966	0.000545	5.449711	1.846412	0.043690
 231	1.1500e-01	9.2564	2.220923	-0.000454	-4.541426	-1.538677	-0.036409
 232	1.1550e-01	9.2885	2.512192	0.000727	7.266281	2.461883	0.058254
 233	1.1600e-01	9.3270	2.767052	0.000636	6.357996	2.154147	0.050972
 234	1.1650e-01	9.3366	2.475783	-0.000727	-7.266281	-2.461883	-0.058254
 235	1.1700e-01	9.3880	2.949095	0.001181	11.807707	4.000559	0.094662
 236	1.1750e-01	9.4505	3.021912	0.000182	1.816570	0.615471	0.014563
 237	1.1800e-01	9.4762	2.876278	-0.000363	-3.633140	-1.230941	-0.029127
 238	1.1850e-01	9.5195	3.131138	0.000636	6.357996	2.154147	0.050972
 239	1.1900e-01	9.5676	3.058320	-0.000182	-1.816570	-0.615471	-0.014563
 240	1.1950e-01	9.5901	3.531632	0.001181	11.807707	4.000559	0.094662
 241	1.2000e-01	9.6222	3.750083	0.000545	5.449711	1.846412	0.043690
 242	1.2050e-01	9.6799	3.495223	-0.000636	-6.357996	-2.154147	-0.050972
 243	1.2100e-01	9.7249	3.568041	0.000182	1.816570	0.615471	0.014563
 244	1.2150e-01	9.7361	3.822901	0.000636	6.357996	2.154147	0.050972
 245	1.2200e-01	9.8019	3.932126	0.000272	2.724855	0.923206	0.021845
 246	1.2250e-01	9.8500	3.895718	-0.000091	-0.908285	-0.307735	-0.007282
 247	1.2300e-01	9.8548	4.259804	0.000908	9.082851	3.077353	0.072817
 248	1.2350e-01	9.8901	3.932126	-0.000817	-8.174566	-2.769618	-0.065535
 249	1.2400e-01	9.9559	4.369029	0.001090	10.899421	3.692824	0.087381
 250	1.2450e-01	9.9992	4.296212	-0.000182	-1.816570	-0.615471	-0.014563
 251	1.2500e-01	10.0521	4.478255	0.000454	4.541426	1.538677	0.036409
 252	1.2550e-01	10.0890	4.587481	0.000272	2.724855	0.923206	0.021845
 253	1.2600e-01	10.1259	4.805932	0.000545	5.449711	1.846412	0.043690
 254	1.2650e-01	10.1532	4.660298	-0.000363	-3.633140	-1.230941	-0.029127
 255	1.2700e-01	10.2061	4.587481	-0.000182	-1.816570	-0.615471	-0.014563
 256	1.2750e-01	10.2254	4.987975	0.000999	9.991136	3.385089	0.080099
 257	1.2800e-01	10.2847	5.643329	0.001635	16.349132	5.539236	0.131071
 258	1.2850e-01	10.3168	5.024384	-0.001544	-15.440847	-5.231501	-0.123789
 259	1.2900e-01	10.3521	5.279244	0.000636	6.357996	2.154147	0.050972
 260	1.2950e-01	10.3922	5.534104	0.000636	6.357996	2.154147	0.050972
 261	1.3000e-01	10.4259	5.825372	0.000727	7.266281	2.461883	0.058254
 262	1.3050e-01	10.4532	5.388469	-0.001090	-10.899421	-3.692824	-0.087381
 263	1.3100e-01	10.5157	5.606921	0.000545	5.449711	1.846412	0.043690
 264	1.3150e-01	10.5607	5.461287	-0.000363	-3.633140	-1.230941	-0.029127
 265	1.3200e-01	10.6008	5.825372	0.000908	9.082851	3.077353	0.072817
 266	1.3250e-01	10.6425	5.825372	0.000000	0.000000	0.000000	0.000000
 267	1.3300e-01	10.6970	5.934598	0.000272	2.724855	0.923206	0.021845
 268	1.3350e-01	10.7532	6.298684	0.000908	9.082851	3.077353	0.072817
 269	1.3400e-01	10.7596	5.861781	-0.001090	-10.899421	-3.692824	-0.087381
 270	1.3450e-01	10.7949	6.371501	0.001272	12.715992	4.308295	0.101944
 271	1.3500e-01	10.8414	6.371501	0.000000	0.000000	0.000000	0.000000
 272	1.3550e-01	10.8992	6.480727	0.000272	2.724855	0.923206	0.021845
 273	1.3600e-01	10.9312	6.589952	0.000272	2.724855	0.923206	0.021845
 274	1.3650e-01	10.9553	6.735587	0.000363	3.633140	1.230941	0.029127
 275	1.3700e-01	10.9954	7.026855	0.000727	7.266281	2.461883	0.058254
 276	1.3750e-01	11.0596	6.626361	-0.000999	-9.991136	-3.385089	-0.080099
 277	1.3800e-01	11.0901	6.553544	-0.000182	-1.816570	-0.615471	-0.014563
 278	1.3850e-01	11.1205	7.063264	0.001272	12.715992	4.308295	0.101944
 279	1.3900e-01	11.1751	6.917630	-0.000363	-3.633140	-1.230941	-0.029127
 280	1.3950e-01	11.1911	7.281715	0.000908	9.082851	3.077353	0.072817
 281	1.4000e-01	11.2280	7.572984	0.000727	7.266281	2.461883	0.058254
 282	1.4050e-01	11.2697	7.026855	-0.001362	-13.624277	-4.616030	-0.109226
 283	1.4100e-01	11.3066	8.228338	0.002997	29.973409	10.155266	0.240297
 284	1.4150e-01	11.3451	7.827844	-0.000999	-9.991136	-3.385089	-0.080099
 285	1.4200e-01	11.3901	7.390941	-0.001090	-10.899421	-3.692824	-0.087381
 286	1.4250e-01	11.4590	7.791435	0.000999	9.991136	3.385089	0.080099
 287	1.4300e-01	11.4799	7.864253	0.000182	1.816570	0.615471	0.014563
 288	1.4350e-01	11.5232	8.082704	0.000545	5.449711	1.846412	0.043690
 289	1.4400e-01	11.5617	7.827844	-0.000636	-6.357996	-2.154147	-0.050972
 290	1.4450e-01	11.5954	8.410381	0.001453	14.532562	4.923765	0.116507
 291	1.4500e-01	11.6307	8.519607	0.000272	2.724855	0.923206	0.021845
 292	1.4550e-01	11.6724	8.628833	0.000272	2.724855	0.923206	0.021845
 293	1.4600e-01	11.7334	8.373973	-0.000636	-6.357996	-2.154147	-0.050972
 294	1.4650e-01	11.7687	8.774467	0.000999	9.991136	3.385089	0.080099
 295	1.4700e-01	11.8023	8.774467	0.000000	0.000000	0.000000	0.000000
 296	1.4750e-01	11.8441	8.337564	-0.001090	-10.899421	-3.692824	-0.087381
 297	1.4800e-01	11.8633	8.883693	0.001362	13.624277	4.616030	0.109226
 298	1.4850e-01	11.9130	9.320596	0.001090	10.899421	3.692824	0.087381
 299	1.4900e-01	11.9531	9.211370	-0.000272	-2.724855	-0.923206	-0.021845
 300	1.4950e-01	11.9868	9.211370	0.000000	0.000000	0.000000	0.000000
 301	1.5000e-01	12.0317	9.320596	0.000272	2.724855	0.923206	0.021845
 302	1.5050e-01	12.0767	8.992919	-0.000817	-8.174566	-2.769618	-0.065535
 303	1.5100e-01	12.1055	9.320596	0.000817	8.174566	2.769618	0.065535
 304	1.5150e-01	12.1424	9.320596	0.000000	0.000000	0.000000	0.000000
 305	1.5200e-01	12.2098	9.903133	0.001453	14.532562	4.923765	0.116507
 306	1.5250e-01	12.2435	9.757499	-0.000363	-3.633140	-1.230941	-0.029127
 307	1.5300e-01	12.2772	10.340036	0.001453	14.532562	4.923765	0.116507
 308	1.5350e-01	12.3285	9.975950	-0.000908	-9.082851	-3.077353	-0.072817
 309	1.5400e-01	12.3558	9.539047	-0.001090	-10.899421	-3.692824	-0.087381
 310	1.5450e-01	12.4071	10.012359	0.001181	11.807707	4.000559	0.094662
 311	1.5500e-01	12.4408	10.012359	0.000000	0.000000	0.000000	0.000000
 312	1.5550e-01	12.4793	9.939542	-0.000182	-1.816570	-0.615471	-0.014563
 313	1.5600e-01	12.5082	10.340036	0.000999	9.991136	3.385089	0.080099
 314	1.5650e-01	12.5595	10.667713	0.000817	8.174566	2.769618	0.065535
 315	1.5700e-01	12.5964	10.340036	-0.000817	-8.174566	-2.769618	-0.065535
 316	1.5750e-01	12.6237	11.031799	0.001726	17.257417	5.846971	0.138353
 317	1.5800e-01	12.6879	10.485670	-0.001362	-13.624277	-4.616030	-0.109226
 318	1.5850e-01	12.7312	10.886165	0.000999	9.991136	3.385089	0.080099
 319	1.5900e-01	12.7504	10.995390	0.000272	2.724855	0.923206	0.021845
 320	1.5950e-01	12.7922	10.958982	-0.000091	-0.908285	-0.307735	-0.007282
 321	1.6000e-01	12.8258	10.886165	-0.000182	-1.816570	-0.615471	-0.014563
 322	1.6050e-01	12.8868	11.031799	0.000363	3.633140	1.230941	0.029127
 323	1.6100e-01	12.8916	11.577927	0.001362	13.624277	4.616030	0.109226
 324	1.6150e-01	12.9237	11.796379	0.000545	5.449711	1.846412	0.043690
 325	1.6200e-01	12.9654	11.541519	-0.000636	-6.357996	-2.154147	-0.050972
 326	1.6250e-01	13.0456	11.905605	0.000908	9.082851	3.077353	0.072817
 327	1.6300e-01	13.0649	11.359476	-0.001362	-13.624277	-4.616030	-0.109226
 328	1.6350e-01	13.1066	11.759970	0.000999	9.991136	3.385089	0.080099
 329	1.6400e-01	13.1371	11.723562	-0.000091	-0.908285	-0.307735	-0.007282
 330	1.6450e-01	13.1884	11.905605	0.000454	4.541426	1.538677	0.036409
 331	1.6500e-01	13.2333	11.832788	-0.000182	-1.816570	-0.615471	-0.014563
 332	1.6550e-01	13.2847	11.942013	0.000272	2.724855	0.923206	0.021845
 333	1.6600e-01	13.3215	12.124056	0.000454	4.541426	1.538677	0.036409
 334	1.6650e-01	13.3617	12.306099	0.000454	4.541426	1.538677	0.036409
 335	1.6700e-01	13.3873	12.124056	-0.000454	-4.541426	-1.538677	-0.036409
 336	1.6750e-01	13.4387	12.306099	0.000454	4.541426	1.538677	0.036409
 337	1.6800e-01	13.4756	12.743002	0.001090	10.899421	3.692824	0.087381
 338	1.6850e-01	13.5397	12.524550	-0.000545	-5.449711	-1.846412	-0.043690
 339	1.6900e-01	13.5477	12.560959	0.000091	0.908285	0.307735	0.007282
 340	1.6950e-01	13.6039	12.852228	0.000727	7.266281	2.461883	0.058254
 341	1.7000e-01	13.6408	13.143496	0.000727	7.266281	2.461883	0.058254
 342	1.7050e-01	13.6584	12.815819	-0.000817	-8.174566	-2.769618	-0.065535
 343	1.7100e-01	13.7130	13.143496	0.000817	8.174566	2.769618	0.065535
 344	1.7150e-01	13.7643	12.997862	-0.000363	-3.633140	-1.230941	-0.029127
 345	1.7200e-01	13.8124	13.143496	0.000363	3.633140	1.230941	0.029127
 346	1.7250e-01	13.8285	13.398356	0.000636	6.357996	2.154147	0.050972
 347	1.7300e-01	13.8718	13.543991	0.000363	3.633140	1.230941	0.029127
 348	1.7350e-01	13.9151	13.289131	-0.000636	-6.357996	-2.154147	-0.050972
 349	1.7400e-01	13.9408	13.616808	0.000817	8.174566	2.769618	0.065535
 350	1.7450e-01	13.9841	13.798851	0.000454	4.541426	1.538677	0.036409
 351	1.7500e-01	14.0483	14.017302	0.000545	5.449711	1.846412	0.043690
 352	1.7550e-01	14.0787	13.179905	-0.002089	-20.890558	-7.077913	-0.167479
 353	1.7600e-01	14.1381	14.017302	0.002089	20.890558	7.077913	0.167479
 354	1.7650e-01	14.1782	13.798851	-0.000545	-5.449711	-1.846412	-0.043690
 355	1.7700e-01	14.1910	14.090119	0.000727	7.266281	2.461883	0.058254
 356	1.7750e-01	14.2472	14.162936	0.000182	1.816570	0.615471	0.014563
 357	1.7800e-01	14.2809	14.454205	0.000727	7.266281	2.461883	0.058254
 358	1.7850e-01	14.3017	14.344979	-0.000272	-2.724855	-0.923206	-0.021845
 359	1.7900e-01	14.3723	14.199345	-0.000363	-3.633140	-1.230941	-0.029127
 360	1.7950e-01	14.4044	14.599839	0.000999	9.991136	3.385089	0.080099
 361	1.8000e-01	14.4285	14.599839	0.000000	0.000000	0.000000	0.000000
 362	1.8050e-01	14.4734	14.636248	0.000091	0.908285	0.307735	0.007282
 363	1.8100e-01	14.5247	14.599839	-0.000091	-0.908285	-0.307735	-0.007282
 364	1.8150e-01	14.5552	14.927517	0.000817	8.174566	2.769618	0.065535
 365	1.8200e-01	14.5664	15.473645	0.001362	13.624277	4.616030	0.109226
 366	1.8250e-01	14.6482	14.891108	-0.001453	-14.532562	-4.923765	-0.116507
 367	1.8300e-01	14.6707	14.563431	-0.000817	-8.174566	-2.769618	-0.065535
 368	1.8350e-01	14.7188	15.182377	0.001544	15.440847	5.231501	0.123789
 369	1.8400e-01	14.7461	14.709065	-0.001181	-11.807707	-4.000559	-0.094662
 370	1.8450e-01	14.7798	15.400828	0.001726	17.257417	5.846971	0.138353
 371	1.8500e-01	14.8231	15.437237	0.000091	0.908285	0.307735	0.007282
 372	1.8550e-01	14.8536	15.801322	0.000908	9.082851	3.077353	0.072817
 373	1.8600e-01	14.9097	15.764914	-0.000091	-0.908285	-0.307735	-0.007282
 374	1.8650e-01	14.9514	15.546462	-0.000545	-5.449711	-1.846412	-0.043690
 375	1.8700e-01	14.9980	15.619280	0.000182	1.816570	0.615471	0.014563
 376	1.8750e-01	15.0429	16.092591	0.001181	11.807707	4.000559	0.094662
 377	1.8800e-01	15.0605	15.910548	-0.000454	-4.541426	-1.538677	-0.036409
 378	1.8850e-01	15.1071	15.837731	-0.000182	-1.816570	-0.615471	-0.014563
 379	1.8900e-01	15.1600	16.129000	0.000727	7.266281	2.461883	0.058254
 380	1.8950e-01	15.2017	15.946957	-0.000454	-4.541426	-1.538677	-0.036409
 381	1.9000e-01	15.2258	16.529494	0.001453	14.532562	4.923765	0.116507
 382	1.9050e-01	15.2691	16.201817	-0.000817	-8.174566	-2.769618	-0.065535
 383	1.9100e-01	15.3156	16.493085	0.000727	7.266281	2.461883	0.058254
 384	1.9150e-01	15.3621	16.565903	0.000182	1.816570	0.615471	0.014563
 385	1.9200e-01	15.3974	16.493085	-0.000182	-1.816570	-0.615471	-0.014563
 386	1.9250e-01	15.4359	16.820763	0.000817	8.174566	2.769618	0.065535
 387	1.9300e-01	15.4632	16.820763	0.000000	0.000000	0.000000	0.000000
 388	1.9350e-01	15.5193	16.929988	0.000272	2.724855	0.923206	0.021845
 389	1.9400e-01	15.5466	17.148440	0.000545	5.449711	1.846412	0.043690
 390	1.9450e-01	15.5931	17.075623	-0.000182	-1.816570	-0.615471	-0.014563
 391	1.9500e-01	15.6172	17.294074	0.000545	5.449711	1.846412	0.043690
 392	1.9550e-01	15.6750	17.039214	-0.000636	-6.357996	-2.154147	-0.050972
 393	1.9600e-01	15.7199	17.294074	0.000636	6.357996	2.154147	0.050972
 394	1.9650e-01	15.7552	17.257665	-0.000091	-0.908285	-0.307735	-0.007282
 395	1.9700e-01	15.7985	17.694568	0.001090	10.899421	3.692824	0.087381
 396	1.9750e-01	15.8627	17.621751	-0.000182	-1.816570	-0.615471	-0.014563
 397	1.9800e-01	15.8835	17.548934	-0.000182	-1.816570	-0.615471	-0.014563
 398	1.9850e-01	15.9332	17.257665	-0.000727	-7.266281	-2.461883	-0.058254
 399	1.9900e-01	15.9621	17.767386	0.001272	12.715992	4.308295	0.101944
 400	1.9950e-01	16.0118	17.949428	0.000454	4.541426	1.538677	0.036409
 401	2.0000e-01	16.0151	17.913020	-0.000091	-0.908285	-0.307735	-0.007282
 402	2.0050e-01	16.0728	17.767386	-0.000363	-3.633140	-1.230941	-0.029127
 403	2.0100e-01	16.1113	18.131471	0.000908	9.082851	3.077353	0.072817
 404	2.0150e-01	16.1562	18.386331	0.000636	6.357996	2.154147	0.050972
 405	2.0200e-01	16.1931	17.876611	-0.001272	-12.715992	-4.308295	-0.101944
 406	2.0250e-01	16.2348	18.313514	0.001090	10.899421	3.692824	0.087381
 407	2.0300e-01	16.2717	18.495557	0.000454	4.541426	1.538677	0.036409
 408	2.0350e-01	16.3038	18.459149	-0.000091	-0.908285	-0.307735	-0.007282
 409	2.0400e-01	16.3552	19.005277	0.001362	13.624277	4.616030	0.109226
 410	2.0450e-01	16.4001	18.641191	-0.000908	-9.082851	-3.077353	-0.072817
 411	2.0500e-01	16.4209	18.859643	0.000545	5.449711	1.846412	0.043690
 412	2.0550e-01	16.4787	18.932460	0.000182	1.816570	0.615471	0.014563
 413	2.0600e-01	16.5124	19.078094	0.000363	3.633140	1.230941	0.029127
 414	2.0650e-01	16.5605	19.041686	-0.000091	-0.908285	-0.307735	-0.007282
 415	2.0700e-01	16.5878	19.260137	0.000545	5.449711	1.846412	0.043690
 416	2.0750e-01	16.6182	19.260137	0.000000	0.000000	0.000000	0.000000
 417	2.0800e-01	16.6535	19.150911	-0.000272	-2.724855	-0.923206	-0.021845
 418	2.0850e-01	16.7033	19.332954	0.000454	4.541426	1.538677	0.036409
 419	2.0900e-01	16.7594	19.405772	0.000182	1.816570	0.615471	0.014563
 420	2.0950e-01	16.7883	19.369363	-0.000091	-0.908285	-0.307735	-0.007282
 421	2.1000e-01	16.8252	19.660632	0.000727	7.266281	2.461883	0.058254
 422	2.1050e-01	16.8589	19.478589	-0.000454	-4.541426	-1.538677	-0.036409
 423	2.1100e-01	16.9166	19.951900	0.001181	11.807707	4.000559	0.094662
 424	2.1150e-01	16.9535	19.660632	-0.000727	-7.266281	-2.461883	-0.058254
 425	2.1200e-01	16.9856	19.697040	0.000091	0.908285	0.307735	0.007282
 426	2.1250e-01	17.0305	19.879083	0.000454	4.541426	1.538677	0.036409
 427	2.1300e-01	17.0706	20.315986	0.001090	10.899421	3.692824	0.087381
 428	2.1350e-01	17.1075	20.133943	-0.000454	-4.541426	-1.538677	-0.036409
 429	2.1400e-01	17.1525	20.097534	-0.000091	-0.908285	-0.307735	-0.007282
 430	2.1450e-01	17.1765	20.133943	0.000091	0.908285	0.307735	0.007282
 431	2.1500e-01	17.2279	20.461620	0.000817	8.174566	2.769618	0.065535
 432	2.1550e-01	17.2904	20.898523	0.001090	10.899421	3.692824	0.087381
 433	2.1600e-01	17.3241	20.825706	-0.000182	-1.816570	-0.615471	-0.014563
 434	2.1650e-01	17.3626	20.534437	-0.000727	-7.266281	-2.461883	-0.058254
 435	2.1700e-01	17.3851	20.680072	0.000363	3.633140	1.230941	0.029127
 436	2.1750e-01	17.4139	20.680072	0.000000	0.000000	0.000000	0.000000
 437	2.1800e-01	17.4669	21.080566	0.000999	9.991136	3.385089	0.080099
 438	2.1850e-01	17.5230	20.934932	-0.000363	-3.633140	-1.230941	-0.029127
 439	2.1900e-01	17.5503	21.153383	0.000545	5.449711	1.846412	0.043690
 440	2.1950e-01	17.6097	21.299018	0.000363	3.633140	1.230941	0.029127
 441	2.2000e-01	17.6241	20.971340	-0.000817	-8.174566	-2.769618	-0.065535
 442	2.2050e-01	17.6738	21.116975	0.000363	3.633140	1.230941	0.029127
 443	2.2100e-01	17.7220	21.481060	0.000908	9.082851	3.077353	0.072817
 444	2.2150e-01	17.7540	21.481060	0.000000	0.000000	0.000000	0.000000
 445	2.2200e-01	17.7958	21.699512	0.000545	5.449711	1.846412	0.043690
 446	2.2250e-01	17.8455	21.371835	-0.000817	-8.174566	-2.769618	-0.065535
 447	2.2300e-01	17.8808	21.735920	0.000908	9.082851	3.077353	0.072817
 448	2.2350e-01	17.9385	21.772329	0.000091	0.908285	0.307735	0.007282
 449	2.2400e-01	17.9562	22.245641	0.001181	11.807707	4.000559	0.094662
 450	2.2450e-01	18.0027	21.735920	-0.001272	-12.715992	-4.308295	-0.101944
 451	2.2500e-01	18.0364	21.881555	0.000363	3.633140	1.230941	0.029127
 452	2.2550e-01	18.0749	21.917963	0.000091	0.908285	0.307735	0.007282
 453	2.2600e-01	18.1535	22.209232	0.000727	7.266281	2.461883	0.058254
 454	2.2650e-01	18.1679	22.427683	0.000545	5.449711	1.846412	0.043690
 455	2.2700e-01	18.1936	22.573318	0.000363	3.633140	1.230941	0.029127
 456	2.2750e-01	18.2465	22.609726	0.000091	0.908285	0.307735	0.007282
 457	2.2800e-01	18.2834	22.500501	-0.000272	-2.724855	-0.923206	-0.021845
 458	2.2850e-01	18.3059	22.718952	0.000545	5.449711	1.846412	0.043690
 459	2.2900e-01	18.3685	22.828178	0.000272	2.724855	0.923206	0.021845
 460	2.2950e-01	18.4022	22.682543	-0.000363	-3.633140	-1.230941	-0.029127
 461	2.3000e-01	18.4407	23.046629	0.000908	9.082851	3.077353	0.072817
 462	2.3050e-01	18.4727	22.828178	-0.000545	-5.449711	-1.846412	-0.043690
 463	2.3100e-01	18.4952	22.828178	0.000000	0.000000	0.000000	0.000000
 464	2.3150e-01	18.5594	23.301489	0.001181	11.807707	4.000559	0.094662
 465	2.3200e-01	18.6043	22.828178	-0.001181	-11.807707	-4.000559	-0.094662
 466	2.3250e-01	18.6396	23.738392	0.002271	22.707128	7.693383	0.182043
 467	2.3300e-01	18.6701	23.447124	-0.000727	-7.266281	-2.461883	-0.058254
 468	2.3350e-01	18.7118	23.701984	0.000636	6.357996	2.154147	0.050972
 469	2.3400e-01	18.7519	23.738392	0.000091	0.908285	0.307735	0.007282
 470	2.3450e-01	18.7968	23.847618	0.000272	2.724855	0.923206	0.021845
 471	2.3500e-01	18.8337	23.847618	0.000000	0.000000	0.000000	0.000000
 472	2.3550e-01	18.8866	23.592758	-0.000636	-6.357996	-2.154147	-0.050972
 473	2.3600e-01	18.9139	24.029661	0.001090	10.899421	3.692824	0.087381
 474	2.3650e-01	18.9540	23.956844	-0.000182	-1.816570	-0.615471	-0.014563
 475	2.3700e-01	18.9845	24.138887	0.000454	4.541426	1.538677	0.036409
 476	2.3750e-01	19.0166	24.284521	0.000363	3.633140	1.230941	0.029127
 477	2.3800e-01	19.0567	24.320929	0.000091	0.908285	0.307735	0.007282
 478	2.3850e-01	19.1241	24.102478	-0.000545	-5.449711	-1.846412	-0.043690
 479	2.3900e-01	19.1577	24.357338	0.000636	6.357996	2.154147	0.050972
 480	2.3950e-01	19.1995	24.175295	-0.000454	-4.541426	-1.538677	-0.036409
 481	2.4000e-01	19.2364	24.721424	0.001362	13.624277	4.616030	0.109226
 482	2.4050e-01	19.2620	24.393747	-0.000817	-8.174566	-2.769618	-0.065535
 483	2.4100e-01	19.3102	24.721424	0.000817	8.174566	2.769618	0.065535
 484	2.4150e-01	19.3647	24.757832	0.000091	0.908285	0.307735	0.007282
 485	2.4200e-01	19.3920	25.121918	0.000908	9.082851	3.077353	0.072817
 486	2.4250e-01	19.4192	24.939875	-0.000454	-4.541426	-1.538677	-0.036409
 487	2.4300e-01	19.4674	25.085510	0.000363	3.633140	1.230941	0.029127
 488	2.4350e-01	19.5139	25.012692	-0.000182	-1.816570	-0.615471	-0.014563
 489	2.4400e-01	19.5492	25.303961	0.000727	7.266281	2.461883	0.058254
 490	2.4450e-01	19.5845	25.558821	0.000636	6.357996	2.154147	0.050972
 491	2.4500e-01	19.6230	25.449595	-0.000272	-2.724855	-0.923206	-0.021845
 492	2.4550e-01	19.6535	25.121918	-0.000817	-8.174566	-2.769618	-0.065535
 493	2.4600e-01	19.7144	25.303961	0.000454	4.541426	1.538677	0.036409
 494	2.4650e-01	19.7577	25.886498	0.001453	14.532562	4.923765	0.116507
 495	2.4700e-01	19.8091	25.668047	-0.000545	-5.449711	-1.846412	-0.043690
 496	2.4750e-01	19.8347	25.631638	-0.000091	-0.908285	-0.307735	-0.007282
 497	2.4800e-01	19.8668	25.704455	0.000182	1.816570	0.615471	0.014563
 498	2.4850e-01	19.9310	25.922907	0.000545	5.449711	1.846412	0.043690
 499	2.4900e-01	19.9647	25.995724	0.000182	1.816570	0.615471	0.014563
 500	2.4950e-01	19.9807	25.740864	-0.000636	-6.357996	-2.154147	-0.050972
 501	2.5000e-01	20.0353	26.032133	0.000727	7.266281	2.461883	0.058254
 502	2.5050e-01	19.9903	25.631638	0.000999	9.991136	3.385089	-0.080099
 503	2.5100e-01	19.9647	25.740864	-0.000272	-2.724855	-0.923206	0.021845
 504	2.5150e-01	19.9053	25.813681	-0.000182	-1.816570	-0.615471	0.014563
 505	2.5200e-01	19.8652	25.631638	0.000454	4.541426	1.538677	-0.036409
 506	2.5250e-01	19.8299	25.558821	0.000182	1.816570	0.615471	-0.014563
 507	2.5300e-01	19.7802	25.922907	-0.000908	-9.082851	-3.077353	0.072817
 508	2.5350e-01	19.7609	25.449595	0.001181	11.807707	4.000559	-0.094662
 509	2.5400e-01	19.7112	25.376778	0.000182	1.816570	0.615471	-0.014563
 510	2.5450e-01	19.6583	25.303961	0.000182	1.816570	0.615471	-0.014563
 511	2.5500e-01	19.6390	25.376778	-0.000182	-1.816570	-0.615471	0.014563
 512	2.5550e-01	19.5829	25.121918	0.000636	6.357996	2.154147	-0.050972
 513	2.5600e-01	19.5363	25.085510	0.000091	0.908285	0.307735	-0.007282
 514	2.5650e-01	19.5043	25.158327	-0.000182	-1.816570	-0.615471	0.014563
 515	2.5700e-01	19.4754	25.121918	0.000091	0.908285	0.307735	-0.007282
 516	2.5750e-01	19.4176	25.413187	-0.000727	-7.266281	-2.461883	0.058254
 517	2.5800e-01	19.4000	25.049101	0.000908	9.082851	3.077353	-0.072817
 518	2.5850e-01	19.3390	24.466564	0.001453	14.532562	4.923765	-0.116507
 519	2.5900e-01	19.3069	25.121918	-0.001635	-16.349132	-5.539236	0.131071
 520	2.5950e-01	19.2636	24.939875	0.000454	4.541426	1.538677	-0.036409
 521	2.6000e-01	19.2380	24.685015	0.000636	6.357996	2.154147	-0.050972
 522	2.6050e-01	19.1914	24.612198	0.000182	1.816570	0.615471	-0.014563
 523	2.6100e-01	19.1401	24.575789	0.000091	0.908285	0.307735	-0.007282
 524	2.6150e-01	19.1080	24.794241	-0.000545	-5.449711	-1.846412	0.043690
 525	2.6200e-01	19.0615	24.466564	0.000817	8.174566	2.769618	-0.065535
 526	2.6250e-01	19.0182	24.466564	-0.000000	-0.000000	-0.000000	0.000000
 527	2.6300e-01	18.9749	24.175295	0.000727	7.266281	2.461883	-0.058254
 528	2.6350e-01	18.9380	24.102478	0.000182	1.816570	0.615471	-0.014563
 529	2.6400e-01	18.9011	24.066069	0.000091	0.908285	0.307735	-0.007282
 530	2.6450e-01	18.8481	23.920435	0.000363	3.633140	1.230941	-0.029127
 531	2.6500e-01	18.8401	24.029661	-0.000272	-2.724855	-0.923206	0.021845
 532	2.6550e-01	18.7711	23.847618	0.000454	4.541426	1.538677	-0.036409
 533	2.6600e-01	18.7455	24.357338	-0.001272	-12.715992	-4.308295	0.101944
 534	2.6650e-01	18.6989	23.665575	0.001726	17.257417	5.846971	-0.138353
 535	2.6700e-01	18.6620	24.066069	-0.000999	-9.991136	-3.385089	0.080099
 536	2.6750e-01	18.6219	23.629166	0.001090	10.899421	3.692824	-0.087381
 537	2.6800e-01	18.5850	23.337898	0.000727	7.266281	2.461883	-0.058254
 538	2.6850e-01	18.5706	23.192264	0.000363	3.633140	1.230941	-0.029127
 539	2.6900e-01	18.5080	23.410715	-0.000545	-5.449711	-1.846412	0.043690
 540	2.6950e-01	18.4535	23.155855	0.000636	6.357996	2.154147	-0.050972
 541	2.7000e-01	18.4150	23.374306	-0.000545	-5.449711	-1.846412	0.043690
 542	2.7050e-01	18.3765	23.337898	0.000091	0.908285	0.307735	-0.007282
 543	2.7100e-01	18.3508	23.083038	0.000636	6.357996	2.154147	-0.050972
 544	2.7150e-01	18.3123	23.301489	-0.000545	-5.449711	-1.846412	0.043690
 545	2.7200e-01	18.2706	23.519941	-0.000545	-5.449711	-1.846412	0.043690
 546	2.7250e-01	18.2289	22.791769	0.001817	18.165702	6.154707	-0.145634
 547	2.7300e-01	18.1888	23.265081	-0.001181	-11.807707	-4.000559	0.094662
 548	2.7350e-01	18.1487	22.718952	0.001362	13.624277	4.616030	-0.109226
 549	2.7400e-01	18.1006	22.464092	0.000636	6.357996	2.154147	-0.050972
 550	2.7450e-01	18.0572	22.536909	-0.000182	-1.816570	-0.615471	0.014563
 551	2.7500e-01	18.0236	22.391275	0.000363	3.633140	1.230941	-0.029127
 552	2.7550e-01	17.9834	22.536909	-0.000363	-3.633140	-1.230941	0.029127
 553	2.7600e-01	17.9337	22.354866	0.000454	4.541426	1.538677	-0.036409
 554	2.7650e-01	17.9193	22.682543	-0.000817	-8.174566	-2.769618	0.065535
 555	2.7700e-01	17.8535	22.464092	0.000545	5.449711	1.846412	-0.043690
 556	2.7750e-01	17.8310	22.318458	0.000363	3.633140	1.230941	-0.029127
 557	2.7800e-01	17.7637	22.209232	0.000272	2.724855	0.923206	-0.021845
 558	2.7850e-01	17.7669	22.136415	-0.000182	-1.816570	-0.615471	-0.014563
 559	2.7900e-01	17.7123	22.172823	-0.000091	-0.908285	-0.307735	0.007282
 560	2.7950e-01	17.6594	21.917963	0.000636	6.357996	2.154147	-0.050972
 561	2.8000e-01	17.6401	21.735920	0.000454	4.541426	1.538677	-0.036409
 562	2.8050e-01	17.5872	22.100006	-0.000908	-9.082851	-3.077353	0.072817
 563	2.8100e-01	17.5583	21.845146	0.000636	6.357996	2.154147	-0.050972
 564	2.8150e-01	17.4974	21.845146	-0.000000	-0.000000	-0.000000	0.000000
 565	2.8200e-01	17.4621	21.626695	0.000545	5.449711	1.846412	-0.043690
 566	2.8250e-01	17.4284	21.553878	0.000182	1.816570	0.615471	-0.014563
 567	2.8300e-01	17.3883	21.517469	0.000091	0.908285	0.307735	-0.007282
 568	2.8350e-01	17.3482	21.371835	0.000363	3.633140	1.230941	-0.029127
 569	2.8400e-01	17.3081	20.971340	0.000999	9.991136	3.385089	-0.080099
 570	2.8450e-01	17.2599	21.371835	-0.000999	-9.991136	-3.385089	0.080099
 571	2.8500e-01	17.2263	21.153383	0.000545	5.449711	1.846412	-0.043690
 572	2.8550e-01	17.1942	21.080566	0.000182	1.816570	0.615471	-0.014563
 573	2.8600e-01	17.1204	21.226200	-0.000363	-3.633140	-1.230941	0.029127
 574	2.8650e-01	17.1075	21.153383	0.000182	1.816570	0.615471	-0.014563
 575	2.8700e-01	17.0498	21.044157	0.000272	2.724855	0.923206	-0.021845
 576	2.8750e-01	17.0370	21.044157	-0.000000	-0.000000	-0.000000	0.000000
 577	2.8800e-01	16.9872	20.352395	0.001726	17.257417	5.846971	-0.138353
 578	2.8850e-01	16.9535	20.752889	-0.000999	-9.991136	-3.385089	0.080099
 579	2.8900e-01	16.9006	20.752889	-0.000000	-0.000000	-0.000000	0.000000
 580	2.8950e-01	16.8717	20.388803	0.000908	9.082851	3.077353	-0.072817
 581	2.9000e-01	16.8220	20.607255	-0.000545	-5.449711	-1.846412	0.043690
 582	2.9050e-01	16.7851	20.170352	0.001090	10.899421	3.692824	-0.087381
 583	2.9100e-01	16.7402	20.279577	-0.000272	-2.724855	-0.923206	0.021845
 584	2.9150e-01	16.6985	20.206760	0.000182	1.816570	0.615471	-0.014563
 585	2.9200e-01	16.6519	20.352395	-0.000363	-3.633140	-1.230941	0.029127
 586	2.9250e-01	16.6054	20.097534	0.000636	6.357996	2.154147	-0.050972
 587	2.9300e-01	16.5830	19.915492	0.000454	4.541426	1.538677	-0.036409
 588	2.9350e-01	16.5364	19.733449	0.000454	4.541426	1.538677	-0.036409
 589	2.9400e-01	16.5060	19.842674	-0.000272	-2.724855	-0.923206	0.021845
 590	2.9450e-01	16.4594	19.369363	0.001181	11.807707	4.000559	-0.094662
 591	2.9500e-01	16.4306	19.697040	-0.000817	-8.174566	-2.769618	0.065535
 592	2.9550e-01	16.3792	19.514997	0.000454	4.541426	1.538677	-0.036409
 593	2.9600e-01	16.3471	19.150911	0.000908	9.082851	3.077353	-0.072817
 594	2.9650e-01	16.2990	19.697040	-0.001362	-13.624277	-4.616030	0.109226
 595	2.9700e-01	16.2557	19.332954	0.000908	9.082851	3.077353	-0.072817
 596	2.9750e-01	16.2124	19.260137	0.000182	1.816570	0.615471	-0.014563
 597	2.9800e-01	16.1642	19.114503	0.000363	3.633140	1.230941	-0.029127
 598	2.9850e-01	16.1386	19.514997	-0.000999	-9.991136	-3.385089	0.080099
 599	2.9900e-01	16.1225	18.896051	0.001544	15.440847	5.231501	-0.123789
 600	2.9950e-01	16.0905	18.932460	-0.000091	-0.908285	-0.307735	0.007282
 601	3.0000e-01	16.0199	18.968869	-0.000091	-0.908285	-0.307735	0.007282
 602	3.0050e-01	15.9621	18.823234	0.000363	3.633140	1.230941	-0.029127
 603	3.0100e-01	15.9381	18.932460	-0.000272	-2.724855	-0.923206	0.021845
 604	3.0150e-01	15.9172	18.859643	0.000182	1.816570	0.615471	-0.014563
 605	3.0200e-01	15.8594	18.750417	0.000272	2.724855	0.923206	-0.021845
 606	3.0250e-01	15.8145	18.531966	0.000545	5.449711	1.846412	-0.043690
 607	3.0300e-01	15.7776	18.531966	-0.000000	-0.000000	-0.000000	0.000000
 608	3.0350e-01	15.7568	18.058654	0.001181	11.807707	4.000559	-0.094662
 609	3.0400e-01	15.7327	18.058654	-0.000000	-0.000000	-0.000000	0.000000
 610	3.0450e-01	15.6669	18.204288	-0.000363	-3.633140	-1.230941	0.029127
 611	3.0500e-01	15.6381	17.985837	0.000545	5.449711	1.846412	-0.043690
 612	3.0550e-01	15.6028	18.349923	-0.000908	-9.082851	-3.077353	0.072817
 613	3.0600e-01	15.5450	17.730977	0.001544	15.440847	5.231501	-0.123789
 614	3.0650e-01	15.4985	18.058654	-0.000817	-8.174566	-2.769618	0.065535
 615	3.0700e-01	15.4632	18.349923	-0.000727	-7.266281	-2.461883	0.058254
 616	3.0750e-01	15.4263	17.658160	0.001726	17.257417	5.846971	-0.138353
 617	3.0800e-01	15.3718	18.095063	-0.001090	-10.899421	-3.692824	0.087381
 618	3.0850e-01	15.3477	17.694568	0.000999	9.991136	3.385089	-0.080099
 619	3.0900e-01	15.3204	17.694568	-0.000000	-0.000000	-0.000000	0.000000
 620	3.0950e-01	15.2691	17.294074	0.000999	9.991136	3.385089	-0.080099
 621	3.1000e-01	15.2161	17.330483	-0.000091	-0.908285	-0.307735	0.007282
 622	3.1050e-01	15.1760	17.840203	-0.001272	-12.715992	-4.308295	0.101944
 623	3.1100e-01	15.1440	16.565903	0.003179	31.789979	10.770737	-0.254860
 624	3.1150e-01	15.1199	17.257665	-0.001726	-17.257417	-5.846971	0.138353
 625	3.1200e-01	15.0734	16.747945	0.001272	12.715992	4.308295	-0.101944
 626	3.1250e-01	15.0060	17.039214	-0.000727	-7.266281	-2.461883	0.058254
 627	3.1300e-01	14.9964	17.112031	-0.000182	-1.816570	-0.615471	0.014563
 628	3.1350e-01	14.9595	17.148440	-0.000091	-0.908285	-0.307735	0.007282
 629	3.1400e-01	14.8937	16.420268	0.001817	18.165702	6.154707	-0.145634
 630	3.1450e-01	14.8632	16.602311	-0.000454	-4.541426	-1.538677	0.036409
 631	3.1500e-01	14.8231	16.565903	0.000091	0.908285	0.307735	-0.007282
 632	3.1550e-01	14.7750	16.747945	-0.000454	-4.541426	-1.538677	0.036409
 633	3.1600e-01	14.7397	16.493085	0.000636	6.357996	2.154147	-0.050972
 634	3.1650e-01	14.7044	16.347451	0.000363	3.633140	1.230941	-0.029127
 635	3.1700e-01	14.6771	16.129000	0.000545	5.449711	1.846412	-0.043690
 636	3.1750e-01	14.6338	15.983365	0.000363	3.633140	1.230941	-0.029127
 637	3.1800e-01	14.5809	16.274634	-0.000727	-7.266281	-2.461883	0.058254
 638	3.1850e-01	14.5616	15.582871	0.001726	17.257417	5.846971	-0.138353
 639	3.1900e-01	14.5039	15.910548	-0.000817	-8.174566	-2.769618	0.065535
 640	3.1950e-01	14.4557	15.910548	-0.000000	-0.000000	-0.000000	0.000000
 641	3.2000e-01	14.4317	15.692097	0.000545	5.449711	1.846412	-0.043690
 642	3.2050e-01	14.3787	15.728505	-0.000091	-0.908285	-0.307735	0.007282
 643	3.2100e-01	14.3370	15.437237	0.000727	7.266281	2.461883	-0.058254
 644	3.2150e-01	14.3194	15.328011	0.000272	2.724855	0.923206	-0.021845
 645	3.2200e-01	14.2745	15.400828	-0.000182	-1.816570	-0.615471	0.014563
 646	3.2250e-01	14.2215	15.510054	-0.000272	-2.724855	-0.923206	0.021845
 647	3.2300e-01	14.1750	15.546462	-0.000091	-0.908285	-0.307735	0.007282
 648	3.2350e-01	14.1349	14.818291	0.001817	18.165702	6.154707	-0.145634
 649	3.2400e-01	14.1237	14.963925	-0.000363	-3.633140	-1.230941	0.029127
 650	3.2450e-01	14.0820	15.218785	-0.000636	-6.357996	-2.154147	0.050972
 651	3.2500e-01	14.0194	14.891108	0.000817	8.174566	2.769618	-0.065535
 652	3.2550e-01	13.9713	14.781882	0.000272	2.724855	0.923206	-0.021845
 653	3.2600e-01	13.9392	14.454205	0.000817	8.174566	2.769618	-0.065535
 654	3.2650e-01	13.8991	14.417796	0.000091	0.908285	0.307735	-0.007282
 655	3.2700e-01	13.8606	14.162936	0.000636	6.357996	2.154147	-0.050972
 656	3.2750e-01	13.8317	14.672657	-0.001272	-12.715992	-4.308295	0.101944
 657	3.2800e-01	13.7836	13.944485	0.001817	18.165702	6.154707	-0.145634
 658	3.2850e-01	13.7531	14.417796	-0.001181	-11.807707	-4.000559	0.094662
 659	3.2900e-01	13.7130	14.017302	0.000999	9.991136	3.385089	-0.080099
 660	3.2950e-01	13.6729	14.199345	-0.000454	-4.541426	-1.538677	0.036409
 661	3.3000e-01	13.6264	14.053711	0.000363	3.633140	1.230941	-0.029127
 662	3.3050e-01	13.5895	14.162936	-0.000272	-2.724855	-0.923206	0.021845
 663	3.3100e-01	13.5654	13.871668	0.000727	7.266281	2.461883	-0.058254
 664	3.3150e-01	13.5092	13.653216	0.000545	5.449711	1.846412	-0.043690
 665	3.3200e-01	13.4579	13.835259	-0.000454	-4.541426	-1.538677	0.036409
 666	3.3250e-01	13.4130	13.434765	0.000999	9.991136	3.385089	-0.080099
 667	3.3300e-01	13.3601	13.871668	-0.001090	-10.899421	-3.692824	0.087381
 668	3.3350e-01	13.3424	13.398356	0.001181	11.807707	4.000559	-0.094662
 669	3.3400e-01	13.2814	13.289131	0.000272	2.724855	0.923206	-0.021845
 670	3.3450e-01	13.2622	13.361948	-0.000182	-1.816570	-0.615471	0.014563
 671	3.3500e-01	13.2125	13.434765	-0.000182	-1.816570	-0.615471	0.014563
 672	3.3550e-01	13.1932	13.216313	0.000545	5.449711	1.846412	-0.043690
 673	3.3600e-01	13.1435	12.925045	0.000727	7.266281	2.461883	-0.058254
 674	3.3650e-01	13.1226	12.961453	-0.000091	-0.908285	-0.307735	0.007282
 675	3.3700e-01	13.0569	12.560959	0.000999	9.991136	3.385089	-0.080099
 676	3.3750e-01	13.0200	12.815819	-0.000636	-6.357996	-2.154147	0.050972
 677	3.3800e-01	12.9831	12.670185	0.000363	3.633140	1.230941	-0.029127
 678	3.3850e-01	12.9317	12.560959	0.000272	2.724855	0.923206	-0.021845
 679	3.3900e-01	12.9638	12.488142	-0.000182	-1.816570	-0.615471	-0.014563
 680	3.3950e-01	12.8740	12.306099	0.000454	4.541426	1.538677	-0.036409
 681	3.4000e-01	12.8467	12.415325	-0.000272	-2.724855	-0.923206	0.021845
 682	3.4050e-01	12.8002	12.269690	0.000363	3.633140	1.230941	-0.029127
 683	3.4100e-01	12.7520	12.196873	0.000182	1.816570	0.615471	-0.014563
 684	3.4150e-01	12.7023	12.306099	-0.000272	-2.724855	-0.923206	0.021845
 685	3.4200e-01	12.6783	11.832788	0.001181	11.807707	4.000559	-0.094662
 686	3.4250e-01	12.6269	11.614336	0.000545	5.449711	1.846412	-0.043690
 687	3.4300e-01	12.5868	11.832788	-0.000545	-5.449711	-1.846412	0.043690
 688	3.4350e-01	12.5627	11.978422	-0.000363	-3.633140	-1.230941	0.029127
 689	3.4400e-01	12.5146	11.869196	0.000272	2.724855	0.923206	-0.021845
 690	3.4450e-01	12.4809	11.395885	0.001181	11.807707	4.000559	-0.094662
 691	3.4500e-01	12.4328	11.687153	-0.000727	-7.266281	-2.461883	0.058254
 692	3.4550e-01	12.3975	11.541519	0.000363	3.633140	1.230941	-0.029127
 693	3.4600e-01	12.3558	11.359476	0.000454	4.541426	1.538677	-0.036409
 694	3.4650e-01	12.2980	11.031799	0.000817	8.174566	2.769618	-0.065535
 695	3.4700e-01	12.2595	11.250250	-0.000545	-5.449711	-1.846412	0.043690
 696	3.4750e-01	12.2178	11.141025	0.000272	2.724855	0.923206	-0.021845
 697	3.4800e-01	12.1922	11.505110	-0.000908	-9.082851	-3.077353	0.072817
 698	3.4850e-01	12.1424	10.776939	0.001817	18.165702	6.154707	-0.145634
 699	3.4900e-01	12.1071	10.886165	-0.000272	-2.724855	-0.923206	0.021845
 700	3.4950e-01	12.0670	10.776939	0.000272	2.724855	0.923206	-0.021845
 701	3.5000e-01	12.0446	10.522079	0.000636	6.357996	2.154147	-0.050972
 702	3.5050e-01	11.9900	10.412853	0.000272	2.724855	0.923206	-0.021845
 703	3.5100e-01	11.9467	10.485670	-0.000182	-1.816570	-0.615471	0.014563
 704	3.5150e-01	11.8970	10.267219	0.000545	5.449711	1.846412	-0.043690
 705	3.5200e-01	11.8665	10.267219	-0.000000	-0.000000	-0.000000	0.000000
 706	3.5250e-01	11.8457	10.267219	-0.000000	-0.000000	-0.000000	0.000000
 707	3.5300e-01	11.8023	10.121584	0.000363	3.633140	1.230941	-0.029127
 708	3.5350e-01	11.7350	9.721090	0.000999	9.991136	3.385089	-0.080099
 709	3.5400e-01	11.7173	10.012359	-0.000727	-7.266281	-2.461883	0.058254
 710	3.5450e-01	11.6515	9.830316	0.000454	4.541426	1.538677	-0.036409
 711	3.5500e-01	11.6243	9.648273	0.000454	4.541426	1.538677	-0.036409
 712	3.5550e-01	11.5890	9.721090	-0.000182	-1.816570	-0.615471	0.014563
 713	3.5600e-01	11.5409	9.502639	0.000545	5.449711	1.846412	-0.043690
 714	3.5650e-01	11.4879	9.357004	0.000363	3.633140	1.230941	-0.029127
 715	3.5700e-01	11.4783	9.284187	0.000182	1.816570	0.615471	-0.014563
 716	3.5750e-01	11.4398	9.357004	-0.000182	-1.816570	-0.615471	0.014563
 717	3.5800e-01	11.4029	9.684681	-0.000817	-8.174566	-2.769618	0.065535
 718	3.5850e-01	11.3355	9.466230	0.000545	5.449711	1.846412	-0.043690
 719	3.5900e-01	11.3098	8.992919	0.001181	11.807707	4.000559	-0.094662
 720	3.5950e-01	11.2745	8.992919	-0.000000	-0.000000	-0.000000	0.000000
 721	3.6000e-01	11.2232	8.956510	0.000091	0.908285	0.307735	-0.007282
 722	3.6050e-01	11.1863	8.410381	0.001362	13.624277	4.616030	-0.109226
 723	3.6100e-01	11.1446	8.883693	-0.001181	-11.807707	-4.000559	0.094662
 724	3.6150e-01	11.1189	8.847284	0.000091	0.908285	0.307735	-0.007282
 725	3.6200e-01	11.0772	8.373973	0.001181	11.807707	4.000559	-0.094662
 726	3.6250e-01	11.0323	8.738058	-0.000908	-9.082851	-3.077353	0.072817
 727	3.6300e-01	10.9794	8.191930	0.001362	13.624277	4.616030	-0.109226
 728	3.6350e-01	10.9553	8.301156	-0.000272	-2.724855	-0.923206	0.021845
 729	3.6400e-01	10.9168	8.373973	-0.000182	-1.816570	-0.615471	0.014563
 730	3.6450e-01	10.8526	8.119113	0.000636	6.357996	2.154147	-0.050972
 731	3.6500e-01	10.8141	7.937070	0.000454	4.541426	1.538677	-0.036409
 732	3.6550e-01	10.7596	7.755027	0.000454	4.541426	1.538677	-0.036409
 733	3.6600e-01	10.7435	7.755027	-0.000000	-0.000000	-0.000000	0.000000
 734	3.6650e-01	10.6938	7.864253	-0.000272	-2.724855	-0.923206	0.021845
 735	3.6700e-01	10.6409	7.900661	-0.000091	-0.908285	-0.307735	0.007282
 736	3.6750e-01	10.6056	7.536575	0.000908	9.082851	3.077353	-0.072817
 737	3.6800e-01	10.5879	7.427350	0.000272	2.724855	0.923206	-0.021845
 738	3.6850e-01	10.5575	7.281715	0.000363	3.633140	1.230941	-0.029127
 739	3.6900e-01	10.5125	7.536575	-0.000636	-6.357996	-2.154147	0.050972
 740	3.6950e-01	10.4644	6.954038	0.001453	14.532562	4.923765	-0.116507
 741	3.7000e-01	10.4323	6.954038	-0.000000	-0.000000	-0.000000	0.000000
 742	3.7050e-01	10.4002	7.245307	-0.000727	-7.266281	-2.461883	0.058254
 743	3.7100e-01	10.3537	6.735587	0.001272	12.715992	4.308295	-0.101944
 744	3.7150e-01	10.3200	6.517135	0.000545	5.449711	1.846412	-0.043690
 745	3.7200e-01	10.2831	6.699178	-0.000454	-4.541426	-1.538677	0.036409
 746	3.7250e-01	10.2414	6.444318	0.000636	6.357996	2.154147	-0.050972
 747	3.7300e-01	10.1821	6.444318	-0.000000	-0.000000	-0.000000	0.000000
 748	3.7350e-01	10.1548	6.262275	0.000454	4.541426	1.538677	-0.036409
 749	3.7400e-01	10.1115	6.262275	-0.000000	-0.000000	-0.000000	0.000000
 750	3.7450e-01	10.0585	6.153050	0.000272	2.724855	0.923206	-0.021845
 751	3.7500e-01	10.0361	6.043824	0.000272	2.724855	0.923206	-0.021845
 752	3.7550e-01	10.0152	6.007415	0.000091	0.908285	0.307735	-0.007282
 753	3.7600e-01	9.9735	5.861781	0.000363	3.633140	1.230941	-0.029127
 754	3.7650e-01	9.9286	5.861781	-0.000000	-0.000000	-0.000000	0.000000
 755	3.7700e-01	9.8692	5.679738	0.000454	4.541426	1.538677	-0.036409
 756	3.7750e-01	9.8275	5.752555	-0.000182	-1.816570	-0.615471	0.014563
 757	3.7800e-01	9.7874	5.315652	0.001090	10.899421	3.692824	-0.087381
 758	3.7850e-01	9.7553	5.606921	-0.000727	-7.266281	-2.461883	0.058254
 759	3.7900e-01	9.7200	5.133609	0.001181	11.807707	4.000559	-0.094662
 760	3.7950e-01	9.6896	5.315652	-0.000454	-4.541426	-1.538677	0.036409
 761	3.8000e-01	9.6190	5.461287	-0.000363	-3.633140	-1.230941	0.029127
 762	3.8050e-01	9.5837	4.878749	0.001453	14.532562	4.923765	-0.116507
 763	3.8100e-01	9.5612	4.805932	0.000182	1.816570	0.615471	-0.014563
 764	3.8150e-01	9.4971	4.987975	-0.000454	-4.541426	-1.538677	0.036409
 765	3.8200e-01	9.4537	4.623889	0.000908	9.082851	3.077353	-0.072817
 766	3.8250e-01	9.4281	4.733115	-0.000272	-2.724855	-0.923206	0.021845
 767	3.8300e-01	9.4072	4.551072	0.000454	4.541426	1.538677	-0.036409
 768	3.8350e-01	9.3607	4.441846	0.000272	2.724855	0.923206	-0.021845
 769	3.8400e-01	9.3078	3.932126	0.001272	12.715992	4.308295	-0.101944
 770	3.8450e-01	9.2548	4.369029	-0.001090	-10.899421	-3.692824	0.087381
 771	3.8500e-01	9.2372	4.332621	0.000091	0.908285	0.307735	-0.007282
 772	3.8550e-01	9.1826	4.150578	0.000454	4.541426	1.538677	-0.036409
 773	3.8600e-01	9.1393	4.478255	-0.000817	-8.174566	-2.769618	0.065535
 774	3.8650e-01	9.0944	4.077761	0.000999	9.991136	3.385089	-0.080099
 775	3.8700e-01	9.0671	3.822901	0.000636	6.357996	2.154147	-0.050972
 776	3.8750e-01	9.0222	3.859309	-0.000091	-0.908285	-0.307735	0.007282
 777	3.8800e-01	8.9853	3.640858	0.000545	5.449711	1.846412	-0.043690
 778	3.8850e-01	8.9452	3.531632	0.000272	2.724855	0.923206	-0.021845
 779	3.8900e-01	8.9003	3.677266	-0.000363	-3.633140	-1.230941	0.029127
 780	3.8950e-01	8.8714	3.531632	0.000363	3.633140	1.230941	-0.029127
 781	3.9000e-01	8.8217	3.203955	0.000817	8.174566	2.769618	-0.065535
 782	3.9050e-01	8.8008	2.876278	0.000817	8.174566	2.769618	-0.065535
 783	3.9100e-01	8.7495	3.276772	-0.000999	-9.991136	-3.385089	0.080099
 784	3.9150e-01	8.7367	2.949095	0.000817	8.174566	2.769618	-0.065535
 785	3.9200e-01	8.6805	2.985503	-0.000091	-0.908285	-0.307735	0.007282
 786	3.9250e-01	8.6340	2.657826	0.000817	8.174566	2.769618	-0.065535
 787	3.9300e-01	8.5939	2.621418	0.000091	0.908285	0.307735	-0.007282
 788	3.9350e-01	8.5554	2.439375	0.000454	4.541426	1.538677	-0.036409
 789	3.9400e-01	8.5313	2.184515	0.000636	6.357996	2.154147	-0.050972
 790	3.9450e-01	8.4720	2.148106	0.000091	0.908285	0.307735	-0.007282
 791	3.9500e-01	8.4190	2.111697	0.000091	0.908285	0.307735	-0.007282
 792	3.9550e-01	8.3966	2.148106	-0.000091	-0.908285	-0.307735	0.007282
 793	3.9600e-01	8.3613	1.747612	0.000999	9.991136	3.385089	-0.080099
 794	3.9650e-01	8.2971	1.856837	-0.000272	-2.724855	-0.923206	0.021845
 795	3.9700e-01	8.2554	1.674795	0.000454	4.541426	1.538677	-0.036409
 796	3.9750e-01	8.2345	1.893246	-0.000545	-5.449711	-1.846412	0.043690
 797	3.9800e-01	8.2040	1.419935	0.001181	11.807707	4.000559	-0.094662
 798	3.9850e-01	8.1351	1.601977	-0.000454	-4.541426	-1.538677	0.036409
 799	3.9900e-01	8.0837	1.347117	0.000636	6.357996	2.154147	-0.050972
 800	3.9950e-01	8.0661	1.856837	-0.001272	-12.715992	-4.308295	0.101944
 801	4.0000e-01	8.0164	1.092257	0.001907	19.073988	6.462442	-0.152916
 802	4.0050e-01	7.9698	1.347117	-0.000636	-6.357996	-2.154147	0.050972
 803	4.0100e-01	7.9377	1.165074	0.000454	4.541426	1.538677	-0.036409
 804	4.0150e-01	7.8976	1.019440	0.000363	3.633140	1.230941	-0.029127
 805	4.0200e-01	7.8559	1.092257	-0.000182	-1.816570	-0.615471	0.014563
 806	4.0250e-01	7.8126	1.092257	-0.000000	-0.000000	-0.000000	0.000000
 807	4.0300e-01	7.7902	0.764580	0.000817	8.174566	2.769618	-0.065535
 808	4.0350e-01	7.7356	0.655354	0.000272	2.724855	0.923206	-0.021845
 809	4.0400e-01	7.6827	0.182043	0.001181	11.807707	4.000559	-0.094662
 810	4.0450e-01	7.6714	0.364086	-0.000454	-4.541426	-1.538677	0.036409
 811	4.0500e-01	7.6265	0.218451	0.000363	3.633140	1.230941	-0.029127
 812	4.0550e-01	7.5880	0.218451	-0.000000	-0.000000	-0.000000	0.000000
 813	4.0600e-01	7.5495	0.364086	-0.000363	-3.633140	-1.230941	0.029127
 814	4.0650e-01	7.4966	-0.254860	0.001544	15.440847	5.231501	-0.123789
 815	4.0700e-01	7.4533	-0.036409	-0.000545	-5.449711	-1.846412	0.043690
 816	4.0750e-01	7.4372	0.109226	-0.000363	-3.633140	-1.230941	0.029127
 817	4.0800e-01	7.3971	-0.873806	0.002452	24.523698	8.308854	-0.196606
 818	4.0850e-01	7.3682	-0.655354	-0.000545	-5.449711	-1.846412	0.043690
 819	4.0900e-01	7.3089	-0.436903	-0.000545	-5.449711	-1.846412	0.043690
 820	4.0950e-01	7.2704	-0.946623	0.001272	12.715992	4.308295	-0.101944
 821	4.1000e-01	7.2447	-0.873806	-0.000182	-1.816570	-0.615471	0.014563
 822	4.1050e-01	7.1886	-0.691763	-0.000454	-4.541426	-1.538677	0.036409
 823	4.1100e-01	7.1404	-0.655354	-0.000091	-0.908285	-0.307735	0.007282
 824	4.1150e-01	7.1164	-1.347117	0.001726	17.257417	5.846971	-0.138353
 825	4.1200e-01	7.0923	-1.383526	0.000091	0.908285	0.307735	-0.007282
 826	4.1250e-01	7.0506	-1.347117	-0.000091	-0.908285	-0.307735	0.007282
 827	4.1300e-01	6.9848	-1.638386	0.000727	7.266281	2.461883	-0.058254
 828	4.1350e-01	6.9431	-1.310709	-0.000817	-8.174566	-2.769618	0.065535
 829	4.1400e-01	6.8934	-1.929655	0.001544	15.440847	5.231501	-0.123789
 830	4.1450e-01	6.8886	-1.856837	-0.000182	-1.816570	-0.615471	0.014563
 831	4.1500e-01	6.8292	-1.966063	0.000272	2.724855	0.923206	-0.021845
 832	4.1550e-01	6.7811	-1.820429	-0.000363	-3.633140	-1.230941	0.029127
 833	4.1600e-01	6.7586	-1.674795	-0.000363	-3.633140	-1.230941	0.029127
 834	4.1650e-01	6.7153	-2.257332	0.001453	14.532562	4.923765	-0.116507
 835	4.1700e-01	6.6752	-2.148106	-0.000272	-2.724855	-0.923206	0.021845
 836	4.1750e-01	6.6319	-2.111697	-0.000091	-0.908285	-0.307735	0.007282
 837	4.1800e-01	6.6014	-2.293740	0.000454	4.541426	1.538677	-0.036409
 838	4.1850e-01	6.5324	-2.366558	0.000182	1.816570	0.615471	-0.014563
 839	4.1900e-01	6.4955	-2.475783	0.000272	2.724855	0.923206	-0.021845
 840	4.1950e-01	6.4971	-2.839869	-0.000908	-9.082851	-3.077353	-0.072817
 841	4.2000e-01	6.4266	-2.839869	-0.000000	-0.000000	-0.000000	0.000000
 842	4.2050e-01	6.4089	-3.167546	0.000817	8.174566	2.769618	-0.065535
 843	4.2100e-01	6.3704	-2.657826	-0.001272	-12.715992	-4.308295	0.101944
 844	4.2150e-01	6.3046	-2.839869	0.000454	4.541426	1.538677	-0.036409
 845	4.2200e-01	6.2758	-3.203955	0.000908	9.082851	3.077353	-0.072817
 846	4.2250e-01	6.2340	-3.349589	0.000363	3.633140	1.230941	-0.029127
 847	4.2300e-01	6.1939	-3.422406	0.000182	1.816570	0.615471	-0.014563
 848	4.2350e-01	6.1570	-3.240363	-0.000454	-4.541426	-1.538677	0.036409
 849	4.2400e-01	6.1169	-4.077761	0.002089	20.890558	7.077913	-0.167479
 850	4.2450e-01	6.0560	-4.004943	-0.000182	-1.816570	-0.615471	0.014563
 851	4.2500e-01	6.0351	-3.859309	-0.000363	-3.633140	-1.230941	0.029127
 852	4.2550e-01	5.9677	-4.041352	0.000454	4.541426	1.538677	-0.036409
 853	4.2600e-01	5.9244	-4.150578	0.000272	2.724855	0.923206	-0.021845
 854	4.2650e-01	5.9212	-4.332621	0.000454	4.541426	1.538677	-0.036409
 855	4.2700e-01	5.8827	-4.441846	0.000272	2.724855	0.923206	-0.021845
 856	4.2750e-01	5.8250	-4.077761	-0.000908	-9.082851	-3.077353	0.072817
 857	4.2800e-01	5.8009	-4.660298	0.001453	14.532562	4.923765	-0.116507
 858	4.2850e-01	5.7608	-4.769524	0.000272	2.724855	0.923206	-0.021845
 859	4.2900e-01	5.7079	-4.696706	-0.000182	-1.816570	-0.615471	0.014563
 860	4.2950e-01	5.6934	-5.388469	0.001726	17.257417	5.846971	-0.138353
 861	4.3000e-01	5.6341	-4.660298	-0.001817	-18.165702	-6.154707	0.145634
 862	4.3050e-01	5.5635	-4.987975	0.000817	8.174566	2.769618	-0.065535
 863	4.3100e-01	5.5426	-5.060792	0.000182	1.816570	0.615471	-0.014563
 864	4.3150e-01	5.5121	-5.461287	0.000999	9.991136	3.385089	-0.080099
 865	4.3200e-01	5.4688	-5.388469	-0.000182	-1.816570	-0.615471	0.014563
 866	4.3250e-01	5.4223	-5.643329	0.000636	6.357996	2.154147	-0.050972
 867	4.3300e-01	5.4031	-5.534104	-0.000272	-2.724855	-0.923206	0.021845
 868	4.3350e-01	5.3485	-5.606921	0.000182	1.816570	0.615471	-0.014563
 869	4.3400e-01	5.2956	-5.788964	0.000454	4.541426	1.538677	-0.036409
 870	4.3450e-01	5.2539	-6.189458	0.000999	9.991136	3.385089	-0.080099
 871	4.3500e-01	5.2426	-5.971007	-0.000545	-5.449711	-1.846412	0.043690
 872	4.3550e-01	5.1833	-6.371501	0.000999	9.991136	3.385089	-0.080099
 873	4.3600e-01	5.1127	-6.444318	0.000182	1.816570	0.615471	-0.014563
 874	4.3650e-01	5.1143	-6.080232	0.000908	9.082851	3.077353	0.072817
 875	4.3700e-01	5.0726	-6.626361	0.001362	13.624277	4.616030	-0.109226
 876	4.3750e-01	5.0373	-6.662770	0.000091	0.908285	0.307735	-0.007282
 877	4.3800e-01	4.9844	-6.626361	-0.000091	-0.908285	-0.307735	0.007282
 878	4.3850e-01	4.9683	-7.099673	0.001181	11.807707	4.000559	-0.094662
 879	4.3900e-01	4.9154	-7.063264	-0.000091	-0.908285	-0.307735	0.007282
 880	4.3950e-01	4.8705	-7.063264	-0.000000	-0.000000	-0.000000	0.000000
 881	4.4000e-01	4.8159	-7.136081	0.000182	1.816570	0.615471	-0.014563
 882	4.4050e-01	4.7806	-7.172490	0.000091	0.908285	0.307735	-0.007282
 883	4.4100e-01	4.7517	-7.390941	0.000545	5.449711	1.846412	-0.043690
 884	4.4150e-01	4.7020	-7.390941	-0.000000	-0.000000	-0.000000	0.000000
 885	4.4200e-01	4.6555	-7.755027	0.000908	9.082851	3.077353	-0.072817
 886	4.4250e-01	4.6410	-7.864253	0.000272	2.724855	0.923206	-0.021845
 887	4.4300e-01	4.5865	-7.973478	0.000272	2.724855	0.923206	-0.021845
 888	4.4350e-01	4.5384	-8.082704	0.000272	2.724855	0.923206	-0.021845
 889	4.4400e-01	4.5159	-7.900661	-0.000454	-4.541426	-1.538677	0.036409
 890	4.4450e-01	4.4694	-8.519607	0.001544	15.440847	5.231501	-0.123789
 891	4.4500e-01	4.4165	-8.228338	-0.000727	-7.266281	-2.461883	0.058254
 892	4.4550e-01	4.3796	-8.155521	-0.000182	-1.816570	-0.615471	0.014563
 893	4.4600e-01	4.3266	-8.738058	0.001453	14.532562	4.923765	-0.116507
 894	4.4650e-01	4.2993	-8.446790	-0.000727	-7.266281	-2.461883	0.058254
 895	4.4700e-01	4.2673	-8.665241	0.000545	5.449711	1.846412	-0.043690
 896	4.4750e-01	4.2223	-8.810876	0.000363	3.633140	1.230941	-0.029127
 897	4.4800e-01	4.1742	-8.774467	-0.000091	-0.908285	-0.307735	0.007282
 898	4.4850e-01	4.1534	-9.065736	0.000727	7.266281	2.461883	-0.058254
 899	4.4900e-01	4.1020	-9.648273	0.001453	14.532562	4.923765	-0.116507
 900	4.4950e-01	4.0539	-9.648273	-0.000000	-0.000000	-0.000000	0.000000
 901	4.5000e-01	4.0395	-9.247779	-0.000999	-9.991136	-3.385089	0.080099
 902	4.5050e-01	4.0042	-9.575456	0.000817	8.174566	2.769618	-0.065535
 903	4.5100e-01	3.9512	-9.466230	-0.000272	-2.724855	-0.923206	0.021845
 904	4.5150e-01	3.9047	-9.757499	0.000727	7.266281	2.461883	-0.058254
 905	4.5200e-01	3.8550	-10.048767	0.000727	7.266281	2.461883	-0.058254
 906	4.5250e-01	3.8213	-10.340036	0.000727	7.266281	2.461883	-0.058254
 907	4.5300e-01	3.7844	-9.903133	-0.001090	-10.899421	-3.692824	0.087381
 908	4.5350e-01	3.7523	-10.194402	0.000727	7.266281	2.461883	-0.058254
 909	4.5400e-01	3.7058	-10.667713	0.001181	11.807707	4.000559	-0.094662
 910	4.5450e-01	3.6528	-10.340036	-0.000817	-8.174566	-2.769618	0.065535
 911	4.5500e-01	3.6336	-10.886165	0.001362	13.624277	4.616030	-0.109226
 912	4.5550e-01	3.5935	-10.886165	-0.000000	-0.000000	-0.000000	0.000000
 913	4.5600e-01	3.5518	-11.104616	0.000545	5.449711	1.846412	-0.043690
 914	4.5650e-01	3.5341	-11.250250	0.000363	3.633140	1.230941	-0.029127
 915	4.5700e-01	3.4507	-11.323067	0.000182	1.816570	0.615471	-0.014563
 916	4.5750e-01	3.4250	-11.395885	0.000182	1.816570	0.615471	-0.014563
 917	4.5800e-01	3.3801	-11.577927	0.000454	4.541426	1.538677	-0.036409
 918	4.5850e-01	3.3464	-11.323067	-0.000636	-6.357996	-2.154147	0.050972
 919	4.5900e-01	3.2999	-11.505110	0.000454	4.541426	1.538677	-0.036409
 920	4.5950e-01	3.2630	-11.723562	0.000545	5.449711	1.846412	-0.043690
 921	4.6000e-01	3.2502	-11.942013	0.000545	5.449711	1.846412	-0.043690
 922	4.6050e-01	3.1908	-11.905605	-0.000091	-0.908285	-0.307735	0.007282
 923	4.6100e-01	3.1459	-12.051239	0.000363	3.633140	1.230941	-0.029127
 924	4.6150e-01	3.1042	-12.488142	0.001090	10.899421	3.692824	-0.087381
 925	4.6200e-01	3.0881	-12.597368	0.000272	2.724855	0.923206	-0.021845
 926	4.6250e-01	3.0432	-12.488142	-0.000272	-2.724855	-0.923206	0.021845
 927	4.6300e-01	2.9742	-12.560959	0.000182	1.816570	0.615471	-0.014563
 928	4.6350e-01	2.9566	-12.997862	0.001090	10.899421	3.692824	-0.087381
 929	4.6400e-01	2.8956	-13.107088	0.000272	2.724855	0.923206	-0.021845
 930	4.6450e-01	2.8636	-13.107088	-0.000000	-0.000000	-0.000000	0.000000
 931	4.6500e-01	2.8427	-13.543991	0.001090	10.899421	3.692824	-0.087381
 932	4.6550e-01	2.7769	-13.398356	-0.000363	-3.633140	-1.230941	0.029127
 933	4.6600e-01	2.7609	-13.289131	-0.000272	-2.724855	-0.923206	0.021845
 934	4.6650e-01	2.6871	-13.944485	0.001635	16.349132	5.539236	-0.131071
 935	4.6700e-01	2.6470	-13.762442	-0.000454	-4.541426	-1.538677	0.036409
 936	4.6750e-01	2.6149	-14.126528	0.000908	9.082851	3.077353	-0.072817
 937	4.6800e-01	2.5748	-13.835259	-0.000727	-7.266281	-2.461883	0.058254
 938	4.6850e-01	2.5491	-13.871668	0.000091	0.908285	0.307735	-0.007282
 939	4.6900e-01	2.4994	-14.235754	0.000908	9.082851	3.077353	-0.072817
 940	4.6950e-01	2.4657	-14.381388	0.000363	3.633140	1.230941	-0.029127
 941	4.7000e-01	2.4288	-14.636248	0.000636	6.357996	2.154147	-0.050972
 942	4.7050e-01	2.3759	-15.255194	0.001544	15.440847	5.231501	-0.123789
 943	4.7100e-01	2.3422	-14.527022	-0.001817	-18.165702	-6.154707	0.145634
 944	4.7150e-01	2.3293	-15.000334	0.001181	11.807707	4.000559	-0.094662
 945	4.7200e-01	2.2267	-15.000334	-0.000000	-0.000000	-0.000000	0.000000
 946	4.7250e-01	2.2122	-15.364419	0.000908	9.082851	3.077353	-0.072817
 947	4.7300e-01	2.1834	-15.400828	0.000091	0.908285	0.307735	-0.007282
 948	4.7350e-01	2.1545	-15.364419	-0.000091	-0.908285	-0.307735	0.007282
 949	4.7400e-01	2.1064	-15.510054	0.000363	3.633140	1.230941	-0.029127
 950	4.7450e-01	2.0823	-15.400828	-0.000272	-2.724855	-0.923206	0.021845
 951	4.7500e-01	2.0294	-16.201817	0.001998	19.982273	6.770177	-0.160198
 952	4.7550e-01	1.9909	-16.019774	-0.000454	-4.541426	-1.538677	0.036409
 953	4.7600e-01	1.9524	-16.092591	0.000182	1.816570	0.615471	-0.014563
 954	4.7650e-01	1.9235	-16.201817	0.000272	2.724855	0.923206	-0.021845
 955	4.7700e-01	1.8705	-16.711537	0.001272	12.715992	4.308295	-0.101944
 956	4.7750e-01	1.8288	-16.529494	-0.000454	-4.541426	-1.538677	0.036409
 957	4.7800e-01	1.7951	-16.747945	0.000545	5.449711	1.846412	-0.043690
 958	4.7850e-01	1.7422	-16.893580	0.000363	3.633140	1.230941	-0.029127
 959	4.7900e-01	1.7117	-16.675128	-0.000545	-5.449711	-1.846412	0.043690
 960	4.7950e-01	1.6443	-17.221257	0.001362	13.624277	4.616030	-0.109226
 961	4.8000e-01	1.6283	-17.002805	-0.000545	-5.449711	-1.846412	0.043690
 962	4.8050e-01	1.6026	-17.949428	0.002362	23.615413	8.001119	-0.189325
 963	4.8100e-01	1.5625	-17.294074	-0.001635	-16.349132	-5.539236	0.131071
 964	4.8150e-01	1.5192	-17.658160	0.000908	9.082851	3.077353	-0.072817
 965	4.8200e-01	1.4647	-17.621751	-0.000091	-0.908285	-0.307735	0.007282
 966	4.8250e-01	1.4294	-18.277106	0.001635	16.349132	5.539236	-0.131071
 967	4.8300e-01	1.3812	-18.204288	-0.000182	-1.816570	-0.615471	0.014563
 968	4.8350e-01	1.3427	-18.022246	-0.000454	-4.541426	-1.538677	0.036409
 969	4.8400e-01	1.2978	-18.459149	0.001090	10.899421	3.692824	-0.087381
 970	4.8450e-01	1.2673	-18.641191	0.000454	4.541426	1.538677	-0.036409
 971	4.8500e-01	1.2144	-19.150911	0.001272	12.715992	4.308295	-0.101944
 972	4.8550e-01	1.1695	-18.896051	-0.000636	-6.357996	-2.154147	0.050972
 973	4.8600e-01	1.1326	-18.823234	-0.000182	-1.816570	-0.615471	0.014563
 974	4.8650e-01	1.1133	-19.442180	0.001544	15.440847	5.231501	-0.123789
 975	4.8700e-01	1.0668	-19.332954	-0.000272	-2.724855	-0.923206	0.021845
 976	4.8750e-01	1.0235	-19.478589	0.000363	3.633140	1.230941	-0.029127
 977	4.8800e-01	0.9914	-19.624223	0.000363	3.633140	1.230941	-0.029127
 978	4.8850e-01	0.9401	-19.660632	0.000091	0.908285	0.307735	-0.007282
 979	4.8900e-01	0.9208	-19.514997	-0.000363	-3.633140	-1.230941	0.029127
 980	4.8950e-01	0.8535	-20.024717	0.001272	12.715992	4.308295	-0.101944
 981	4.9000e-01	0.8438	-19.988309	-0.000091	-0.908285	-0.307735	0.007282
 982	4.9050e-01	0.7813	-20.388803	0.000999	9.991136	3.385089	-0.080099
 983	4.9100e-01	0.7652	-21.116975	0.001817	18.165702	6.154707	-0.145634
 984	4.9150e-01	0.7139	-20.898523	-0.000545	-5.449711	-1.846412	0.043690
 985	4.9200e-01	0.6513	-20.862115	-0.000091	-0.908285	-0.307735	0.007282
 986	4.9250e-01	0.6321	-21.153383	0.000727	7.266281	2.461883	-0.058254
 987	4.9300e-01	0.5855	-21.226200	0.000182	1.816570	0.615471	-0.014563
 988	4.9350e-01	0.5342	-21.335426	0.000272	2.724855	0.923206	-0.021845
 989	4.9400e-01	0.4989	-21.626695	0.000727	7.266281	2.461883	-0.058254
 990	4.9450e-01	0.4636	-21.699512	0.000182	1.816570	0.615471	-0.014563
 991	4.9500e-01	0.4219	-21.626695	-0.000182	-1.816570	-0.615471	0.014563
 992	4.9550e-01	0.3738	-22.172823	0.001362	13.624277	4.616030	-0.109226
 993	4.9600e-01	0.3481	-22.318458	0.000363	3.633140	1.230941	-0.029127
 994	4.9650e-01	0.3096	-22.427683	0.000272	2.724855	0.923206	-0.021845
 995	4.9700e-01	0.2663	-22.573318	0.000363	3.633140	1.230941	-0.029127
 996	4.9750e-01	0.2246	-22.937403	0.000908	9.082851	3.077353	-0.072817
 997	4.9800e-01	0.1845	-22.864586	-0.000182	-1.816570	-0.615471	0.014563
 998	4.9850e-01	0.1396	-22.900995	0.000091	0.908285	0.307735	-0.007282
 999	4.9900e-01	0.0898	-23.265081	0.000908	9.082851	3.077353	-0.072817
1000	4.9950e-01	0.0658	-23.083038	-0.000454	-4.541426	-1.538677	0.036409
1001	5.0000e-01	0.0578	-23.556349	-0.000454	-4.541426	-1.538677	-0.094662

PMax (uC/cm2):	5.21e+01
Pr (uC/cm2):	2.48e+00
-Pr (uC/cm2):	0.00e+00
PLoss (uC/cm2):	0.00e+00
C (Max-Eff) (nF):	2.60e-01
K (Eff):	8.80e+02
Vert. (+/-Pr) Shift (uC/cm2):	1.24e+00
Offset (uC/cm2):	2.60e+01

A (Loop Area - uC/cm2·Volts):	3.49e-02



Hysteresis Version: 5.48.1 - Radiant Technologies, Inc., 1999 - 9/12/24

