»»»»»»»»»»»»»»»»»»»»»»»»»»»»»»»»»»»» Hysteresis ««««««««««««««««««««««««««««««««««««
»»»  Executed Version:	5.48.1
»»»  Vision Version:	5.48.4 (R)
»»»  Vision Compiled:	9/18/24
»»»  Driver Version:	5.47.0
»»»  Windows Version:	Windows 8 or 8.1
»»»  Processor Information:	x86 (AMD or Intel) - 32 Processors
»»»  Tester Name:	PMF21124-494 (100V)
»»»  Tester S/N:	PMF21124-494
»»»  Internal Amp Type:	100V RevK 270k
»»»  Internal Amp S/N:	iAB2-596/K     
»»»  Execution Count:	1
»»»»»»»»»»»»»»»»»»»»»»»»»»»»»»»»»»»»»»»»»»««««««««««««««««««««««««««««««««««««««««««

Stored:	10/2/2025 - 18:14:24
Configured:	10/02/25 12:40:15 PM
Executed:	10/02/25 06:11:27 PM

»»»»»»»»»»»»»»»»»»»»»»»»»»»»»»»»»»» Sample Info ««««««««««««««««««««««««««««««««««««
Sample Name:	Int. Ref. Ferroelectric
Lot Name:	N/A
Wafer Name:	N/A
Die Row/Column:	0/0
Capacitor Number:	0
Sample Area (cm2):	1.00e-04
Sample Thickness (microns):	3.00e-01

Amplifier:	Internal

»»»»»»»»»»»»»»»»»»»»»»»»»»»»»»»»»»» Tester Info «««««««««««««««««««««««««««««««««««
Tester Name:	PMF21124-494 (100V)
Tester Serial Number:	PMF21124-494
Return Signal Amp. Level:	0.02 [Index: 2]

»»»»»»»»»»»»»»»»»»»»»»»»»»»»»»»» Hysteresis Info ««««««««««««««««««««««««««««««««««
Task Name:	Hyst-1
Volts:	20.00
Field:	666.67 (kV/cm)
DCBias:	0.00
DCField:	0.00 (kV/cm)
Hysteresis Period (ms):	5.00e-01
Preset:	Enabled
Preset Delay (ms):	1.00e+03
Profile:	Standard Monopolar

»»»»»»»»»»»»»»»»»»»»»»»»»»»»»»»»»»»»»» Data «««««««««««««««««««««««««««««««««««««««
Points:	1001

Valid Data

Point	Time (ms)	Drive Voltage	Measured Polarization (uC/cm2)	Capacitance (uF)	Normalized Capacitance (uF/cm2)	Dielectric Constant	Instantaneous Current (mA)
   1	0.0000e+00	0.0016	-33.878181	0.000358	3.582003	1.213616	0.029127
   2	5.0000e-04	0.0513	-33.732547	0.000358	3.582003	1.213616	0.029127
   3	1.0000e-03	0.1476	-33.768955	-0.000090	-0.895501	-0.303404	-0.007282
   4	1.5000e-03	0.1749	-34.096632	-0.000806	-8.059507	-2.730635	-0.065535
   5	2.0000e-03	0.2310	-33.950998	0.000358	3.582003	1.213616	0.029127
   6	2.5000e-03	0.2262	-33.841772	-0.000269	-2.686502	-0.910212	0.021845
   7	3.0000e-03	0.2904	-33.768955	0.000179	1.791002	0.606808	0.014563
   8	3.5000e-03	0.3385	-33.477687	0.000716	7.164006	2.427231	0.058254
   9	4.0000e-03	0.3642	-33.586912	-0.000269	-2.686502	-0.910212	-0.021845
  10	4.5000e-03	0.4123	-33.259235	0.000806	8.059507	2.730635	0.065535
  11	5.0000e-03	0.4460	-32.931558	0.000806	8.059507	2.730635	0.065535
  12	5.5000e-03	0.4765	-33.113601	-0.000448	-4.477504	-1.517019	-0.036409
  13	6.0000e-03	0.5198	-32.713106	0.000985	9.850509	3.337443	0.080099
  14	6.5000e-03	0.5615	-32.458246	0.000627	6.268506	2.123827	0.050972
  15	7.0000e-03	0.6000	-32.349021	0.000269	2.686502	0.910212	0.021845
  16	7.5000e-03	0.6257	-32.385429	-0.000090	-0.895501	-0.303404	-0.007282
  17	8.0000e-03	0.6577	-32.057752	0.000806	8.059507	2.730635	0.065535
  18	8.5000e-03	0.7347	-31.766483	0.000716	7.164006	2.427231	0.058254
  19	9.0000e-03	0.7620	-31.438806	0.000806	8.059507	2.730635	0.065535
  20	9.5000e-03	0.8150	-31.365989	0.000179	1.791002	0.606808	0.014563
  21	1.0000e-02	0.8502	-31.183946	0.000448	4.477504	1.517019	0.036409
  22	1.0500e-02	0.9048	-30.856269	0.000806	8.059507	2.730635	0.065535
  23	1.1000e-02	0.9305	-30.856269	0.000000	0.000000	0.000000	0.000000
  24	1.1500e-02	0.9625	-30.382957	0.001164	11.641510	3.944251	0.094662
  25	1.2000e-02	0.9818	-30.273732	0.000269	2.686502	0.910212	0.021845
  26	1.2500e-02	1.0363	-30.237323	0.000090	0.895501	0.303404	0.007282
  27	1.3000e-02	1.0877	-30.055280	0.000448	4.477504	1.517019	0.036409
  28	1.3500e-02	1.1149	-29.800420	0.000627	6.268506	2.123827	0.050972
  29	1.4000e-02	1.1647	-29.217883	0.001433	14.328013	4.854462	0.116507
  30	1.4500e-02	1.2048	-29.290700	-0.000179	-1.791002	-0.606808	-0.014563
  31	1.5000e-02	1.2561	-28.963023	0.000806	8.059507	2.730635	0.065535
  32	1.5500e-02	1.2786	-29.035840	-0.000179	-1.791002	-0.606808	-0.014563
  33	1.6000e-02	1.3299	-28.708163	0.000806	8.059507	2.730635	0.065535
  34	1.6500e-02	1.3476	-28.380486	0.000806	8.059507	2.730635	0.065535
  35	1.7000e-02	1.3925	-28.162034	0.000537	5.373005	1.820423	0.043690
  36	1.7500e-02	1.4550	-28.234851	-0.000179	-1.791002	-0.606808	-0.014563
  37	1.8000e-02	1.5112	-27.797949	0.001075	10.746010	3.640847	0.087381
  38	1.8500e-02	1.5288	-27.433863	0.000896	8.955008	3.034039	0.072817
  39	1.9000e-02	1.5721	-27.397454	0.000090	0.895501	0.303404	0.007282
  40	1.9500e-02	1.6026	-26.960551	0.001075	10.746010	3.640847	0.087381
  41	2.0000e-02	1.6540	-27.033368	-0.000179	-1.791002	-0.606808	-0.014563
  42	2.0500e-02	1.6812	-26.669283	0.000896	8.955008	3.034039	0.072817
  43	2.1000e-02	1.7358	-26.341605	0.000806	8.059507	2.730635	0.065535
  44	2.1500e-02	1.7727	-26.523648	-0.000448	-4.477504	-1.517019	-0.036409
  45	2.2000e-02	1.7951	-26.086745	0.001075	10.746010	3.640847	0.087381
  46	2.2500e-02	1.8449	-26.050337	0.000090	0.895501	0.303404	0.007282
  47	2.3000e-02	1.8737	-25.540617	0.001254	12.537011	4.247654	0.101944
  48	2.3500e-02	1.9122	-25.431391	0.000269	2.686502	0.910212	0.021845
  49	2.4000e-02	1.9957	-25.613434	-0.000448	-4.477504	-1.517019	-0.036409
  50	2.4500e-02	2.0069	-25.322165	0.000716	7.164006	2.427231	0.058254
  51	2.5000e-02	2.0630	-24.921671	0.000985	9.850509	3.337443	0.080099
  52	2.5500e-02	2.0903	-24.557585	0.000896	8.955008	3.034039	0.072817
  53	2.6000e-02	2.1400	-24.812445	-0.000627	-6.268506	-2.123827	-0.050972
  54	2.6500e-02	2.1465	-24.557585	0.000627	6.268506	2.123827	0.050972
  55	2.7000e-02	2.1962	-23.938639	0.001522	15.223514	5.157866	0.123789
  56	2.7500e-02	2.2235	-23.865822	0.000179	1.791002	0.606808	0.014563
  57	2.8000e-02	2.2860	-24.011457	-0.000358	-3.582003	-1.213616	-0.029127
  58	2.8500e-02	2.2957	-23.392511	0.001522	15.223514	5.157866	0.123789
  59	2.9000e-02	2.3775	-23.501736	-0.000269	-2.686502	-0.910212	-0.021845
  60	2.9500e-02	2.3839	-23.246876	0.000627	6.268506	2.123827	0.050972
  61	3.0000e-02	2.4673	-23.064834	0.000448	4.477504	1.517019	0.036409
  62	3.0500e-02	2.4994	-22.555113	0.001254	12.537011	4.247654	0.101944
  63	3.1000e-02	2.5555	-22.846382	-0.000716	-7.164006	-2.427231	-0.058254
  64	3.1500e-02	2.5860	-22.263845	0.001433	14.328013	4.854462	0.116507
  65	3.2000e-02	2.6053	-22.373071	-0.000269	-2.686502	-0.910212	-0.021845
  66	3.2500e-02	2.6855	-21.499265	0.002149	21.492019	7.281693	0.174761
  67	3.3000e-02	2.6486	-21.572082	0.000179	1.791002	0.606808	-0.014563
  68	3.3500e-02	2.7256	-21.717716	-0.000358	-3.582003	-1.213616	-0.029127
  69	3.4000e-02	2.7753	-21.572082	0.000358	3.582003	1.213616	0.029127
  70	3.4500e-02	2.8299	-21.171588	0.000985	9.850509	3.337443	0.080099
  71	3.5000e-02	2.8507	-21.171588	0.000000	0.000000	0.000000	0.000000
  72	3.5500e-02	2.8796	-21.135179	0.000090	0.895501	0.303404	0.007282
  73	3.6000e-02	2.9357	-20.407007	0.001791	17.910016	6.068078	0.145634
  74	3.6500e-02	2.9550	-20.334190	0.000179	1.791002	0.606808	0.014563
  75	3.7000e-02	3.0031	-20.370599	-0.000090	-0.895501	-0.303404	-0.007282
  76	3.7500e-02	3.0737	-20.079330	0.000716	7.164006	2.427231	0.058254
  77	3.8000e-02	3.0833	-20.115739	-0.000090	-0.895501	-0.303404	-0.007282
  78	3.8500e-02	3.1491	-19.642427	0.001164	11.641510	3.944251	0.094662
  79	3.9000e-02	3.1780	-19.715244	-0.000179	-1.791002	-0.606808	-0.014563
  80	3.9500e-02	3.2020	-19.569610	0.000358	3.582003	1.213616	0.029127
  81	4.0000e-02	3.2261	-19.241933	0.000806	8.059507	2.730635	0.065535
  82	4.0500e-02	3.2758	-19.278342	-0.000090	-0.895501	-0.303404	-0.007282
  83	4.1000e-02	3.3657	-19.132707	0.000358	3.582003	1.213616	0.029127
  84	4.1500e-02	3.3545	-19.132707	-0.000000	-0.000000	-0.000000	0.000000
  85	4.2000e-02	3.3930	-18.440944	0.001701	17.014515	5.764674	0.138353
  86	4.2500e-02	3.4363	-18.586579	-0.000358	-3.582003	-1.213616	-0.029127
  87	4.3000e-02	3.5036	-18.550170	0.000090	0.895501	0.303404	0.007282
  88	4.3500e-02	3.5165	-17.894816	0.001612	16.119014	5.461270	0.131071
  89	4.4000e-02	3.5823	-17.785590	0.000269	2.686502	0.910212	0.021845
  90	4.4500e-02	3.6208	-17.858407	-0.000179	-1.791002	-0.606808	-0.014563
  91	4.5000e-02	3.6544	-17.639956	0.000537	5.373005	1.820423	0.043690
  92	4.5500e-02	3.7090	-17.821998	-0.000448	-4.477504	-1.517019	-0.036409
  93	4.6000e-02	3.7298	-16.948193	0.002149	21.492019	7.281693	0.174761
  94	4.6500e-02	3.7427	-17.093827	-0.000358	-3.582003	-1.213616	-0.029127
  95	4.7000e-02	3.7940	-16.620515	0.001164	11.641510	3.944251	0.094662
  96	4.7500e-02	3.8341	-16.875375	-0.000627	-6.268506	-2.123827	-0.050972
  97	4.8000e-02	3.8758	-16.511290	0.000896	8.955008	3.034039	0.072817
  98	4.8500e-02	3.9865	-16.584107	-0.000179	-1.791002	-0.606808	-0.014563
  99	4.9000e-02	3.9897	-16.365655	0.000537	5.373005	1.820423	0.043690
 100	4.9500e-02	4.0138	-15.965161	0.000985	9.850509	3.337443	0.080099
 101	5.0000e-02	4.0603	-15.965161	0.000000	0.000000	0.000000	0.000000
 102	5.0500e-02	4.1116	-16.110795	-0.000358	-3.582003	-1.213616	-0.029127
 103	5.1000e-02	4.1116	-15.528258	-0.001433	-14.328013	-4.854462	0.116507
 104	5.1500e-02	4.1469	-15.419032	0.000269	2.686502	0.910212	0.021845
 105	5.2000e-02	4.2159	-15.091355	0.000806	8.059507	2.730635	0.065535
 106	5.2500e-02	4.2384	-15.200581	-0.000269	-2.686502	-0.910212	-0.021845
 107	5.3000e-02	4.2929	-15.054947	0.000358	3.582003	1.213616	0.029127
 108	5.3500e-02	4.3154	-14.800087	0.000627	6.268506	2.123827	0.050972
 109	5.4000e-02	4.3619	-14.508818	0.000716	7.164006	2.427231	0.058254
 110	5.4500e-02	4.4213	-14.581635	-0.000179	-1.791002	-0.606808	-0.014563
 111	5.5000e-02	4.4325	-13.817055	0.001881	18.805517	6.371482	0.152916
 112	5.5500e-02	4.4870	-14.253958	-0.001075	-10.746010	-3.640847	-0.087381
 113	5.6000e-02	4.5271	-13.926281	0.000806	8.059507	2.730635	0.065535
 114	5.6500e-02	4.5849	-13.780646	0.000358	3.582003	1.213616	0.029127
 115	5.7000e-02	4.6074	-13.671421	0.000269	2.686502	0.910212	0.021845
 116	5.7500e-02	4.6555	-13.489378	0.000448	4.477504	1.517019	0.036409
 117	5.8000e-02	4.7100	-13.525786	-0.000090	-0.895501	-0.303404	-0.007282
 118	5.8500e-02	4.7325	-13.088883	0.001075	10.746010	3.640847	0.087381
 119	5.9000e-02	4.7646	-12.870432	0.000537	5.373005	1.820423	0.043690
 120	5.9500e-02	4.8063	-13.234518	-0.000896	-8.955008	-3.034039	-0.072817
 121	6.0000e-02	4.8656	-12.397120	0.002060	20.596518	6.978289	0.167479
 122	6.0500e-02	4.8865	-12.688389	-0.000716	-7.164006	-2.427231	-0.058254
 123	6.1000e-02	4.9330	-12.360712	0.000806	8.059507	2.730635	0.065535
 124	6.1500e-02	4.9635	-12.287895	0.000179	1.791002	0.606808	0.014563
 125	6.2000e-02	5.0020	-11.923809	0.000896	8.955008	3.034039	0.072817
 126	6.2500e-02	5.0469	-11.596132	0.000806	8.059507	2.730635	0.065535
 127	6.3000e-02	5.0902	-11.778175	-0.000448	-4.477504	-1.517019	-0.036409
 128	6.3500e-02	5.1416	-11.705357	0.000179	1.791002	0.606808	0.014563
 129	6.4000e-02	5.1608	-11.377680	0.000806	8.059507	2.730635	0.065535
 130	6.4500e-02	5.2282	-10.867960	0.001254	12.537011	4.247654	0.101944
 131	6.5000e-02	5.2651	-11.159229	-0.000716	-7.164006	-2.427231	-0.058254
 132	6.5500e-02	5.2699	-10.904369	0.000627	6.268506	2.123827	0.050972
 133	6.6000e-02	5.2972	-10.358240	0.001343	13.432512	4.551058	0.109226
 134	6.6500e-02	5.3533	-10.904369	-0.001343	-13.432512	-4.551058	-0.109226
 135	6.7000e-02	5.4111	-10.503874	0.000985	9.850509	3.337443	0.080099
 136	6.7500e-02	5.4576	-10.139789	0.000896	8.955008	3.034039	0.072817
 137	6.8000e-02	5.4817	-10.103380	0.000090	0.895501	0.303404	0.007282
 138	6.8500e-02	5.5073	-9.884929	0.000537	5.373005	1.820423	0.043690
 139	6.9000e-02	5.5651	-9.921337	-0.000090	-0.895501	-0.303404	-0.007282
 140	6.9500e-02	5.6084	-9.812111	0.000269	2.686502	0.910212	0.021845
 141	7.0000e-02	5.6533	-9.739294	0.000179	1.791002	0.606808	0.014563
 142	7.0500e-02	5.7175	-9.411617	0.000806	8.059507	2.730635	0.065535
 143	7.1000e-02	5.7207	-9.302391	0.000269	2.686502	0.910212	0.021845
 144	7.1500e-02	5.7608	-9.047531	0.000627	6.268506	2.123827	0.050972
 145	7.2000e-02	5.8041	-8.865488	0.000448	4.477504	1.517019	0.036409
 146	7.2500e-02	5.8250	-8.865488	0.000000	0.000000	0.000000	0.000000
 147	7.3000e-02	5.9020	-8.464994	0.000985	9.850509	3.337443	0.080099
 148	7.3500e-02	5.9260	-8.610628	-0.000358	-3.582003	-1.213616	-0.029127
 149	7.4000e-02	5.9629	-7.991683	0.001522	15.223514	5.157866	0.123789
 150	7.4500e-02	6.0159	-8.210134	-0.000537	-5.373005	-1.820423	-0.043690
 151	7.5000e-02	6.0640	-8.173726	0.000090	0.895501	0.303404	0.007282
 152	7.5500e-02	6.0881	-7.773231	0.000985	9.850509	3.337443	0.080099
 153	7.6000e-02	6.1153	-7.955274	-0.000448	-4.477504	-1.517019	-0.036409
 154	7.6500e-02	6.1506	-7.664005	0.000716	7.164006	2.427231	0.058254
 155	7.7000e-02	6.2052	-7.481963	0.000448	4.477504	1.517019	0.036409
 156	7.7500e-02	6.2806	-7.263511	0.000537	5.373005	1.820423	0.043690
 157	7.8000e-02	6.2998	-7.518371	-0.000627	-6.268506	-2.123827	-0.050972
 158	7.8500e-02	6.3528	-6.935834	0.001433	14.328013	4.854462	0.116507
 159	7.9000e-02	6.3881	-6.753791	0.000448	4.477504	1.517019	0.036409
 160	7.9500e-02	6.3961	-6.826608	-0.000179	-1.791002	-0.606808	-0.014563
 161	8.0000e-02	6.4458	-6.316888	0.001254	12.537011	4.247654	0.101944
 162	8.0500e-02	6.4843	-6.644565	-0.000806	-8.059507	-2.730635	-0.065535
 163	8.1000e-02	6.4715	-6.171254	-0.001164	-11.641510	-3.944251	0.094662
 164	8.1500e-02	6.5693	-6.098437	0.000179	1.791002	0.606808	0.014563
 165	8.2000e-02	6.6046	-6.171254	-0.000179	-1.791002	-0.606808	-0.014563
 166	8.2500e-02	6.6399	-5.770759	0.000985	9.850509	3.337443	0.080099
 167	8.3000e-02	6.6800	-5.734351	0.000090	0.895501	0.303404	0.007282
 168	8.3500e-02	6.7362	-5.515899	0.000537	5.373005	1.820423	0.043690
 169	8.4000e-02	6.7779	-5.406674	0.000269	2.686502	0.910212	0.021845
 170	8.4500e-02	6.8100	-5.006179	0.000985	9.850509	3.337443	0.080099
 171	8.5000e-02	6.8533	-5.078996	-0.000179	-1.791002	-0.606808	-0.014563
 172	8.5500e-02	6.9094	-5.006179	0.000179	1.791002	0.606808	0.014563
 173	8.6000e-02	6.9271	-4.642094	0.000896	8.955008	3.034039	0.072817
 174	8.6500e-02	6.9431	-4.787728	-0.000358	-3.582003	-1.213616	-0.029127
 175	8.7000e-02	7.0089	-4.314416	0.001164	11.641510	3.944251	0.094662
 176	8.7500e-02	7.0554	-4.532868	-0.000537	-5.373005	-1.820423	-0.043690
 177	8.8000e-02	7.0731	-4.532868	0.000000	0.000000	0.000000	0.000000
 178	8.8500e-02	7.1196	-4.278008	0.000627	6.268506	2.123827	0.050972
 179	8.9000e-02	7.1533	-3.659062	0.001522	15.223514	5.157866	0.123789
 180	8.9500e-02	7.2383	-3.986739	-0.000806	-8.059507	-2.730635	-0.065535
 181	9.0000e-02	7.2559	-3.513428	0.001164	11.641510	3.944251	0.094662
 182	9.0500e-02	7.2736	-3.913922	-0.000985	-9.850509	-3.337443	-0.080099
 183	9.1000e-02	7.2928	-3.513428	0.000985	9.850509	3.337443	0.080099
 184	9.1500e-02	7.3634	-3.294976	0.000537	5.373005	1.820423	0.043690
 185	9.2000e-02	7.3987	-3.331385	-0.000090	-0.895501	-0.303404	-0.007282
 186	9.2500e-02	7.4404	-2.748848	0.001433	14.328013	4.854462	0.116507
 187	9.3000e-02	7.4918	-2.858073	-0.000269	-2.686502	-0.910212	-0.021845
 188	9.3500e-02	7.5335	-2.748848	0.000269	2.686502	0.910212	0.021845
 189	9.4000e-02	7.5848	-2.421170	0.000806	8.059507	2.730635	0.065535
 190	9.4500e-02	7.5784	-2.311945	-0.000269	-2.686502	-0.910212	0.021845
 191	9.5000e-02	7.6570	-2.311945	0.000000	0.000000	0.000000	0.000000
 192	9.5500e-02	7.7003	-2.348353	-0.000090	-0.895501	-0.303404	-0.007282
 193	9.6000e-02	7.6987	-1.947859	-0.000985	-9.850509	-3.337443	0.080099
 194	9.6500e-02	7.7500	-1.875042	0.000179	1.791002	0.606808	0.014563
 195	9.7000e-02	7.7982	-1.765816	0.000269	2.686502	0.910212	0.021845
 196	9.7500e-02	7.8463	-1.656590	0.000269	2.686502	0.910212	0.021845
 197	9.8000e-02	7.8768	-1.401730	0.000627	6.268506	2.123827	0.050972
 198	9.8500e-02	7.9393	-1.328913	0.000179	1.791002	0.606808	0.014563
 199	9.9000e-02	7.9795	-1.292504	0.000090	0.895501	0.303404	0.007282
 200	9.9500e-02	8.0099	-1.074053	0.000537	5.373005	1.820423	0.043690
 201	1.0000e-01	8.0645	-0.892010	0.000448	4.477504	1.517019	0.036409
 202	1.0050e-01	8.0918	-0.855602	0.000090	0.895501	0.303404	0.007282
 203	1.0100e-01	8.1158	-0.637150	0.000537	5.373005	1.820423	0.043690
 204	1.0150e-01	8.1768	-0.600742	0.000090	0.895501	0.303404	0.007282
 205	1.0200e-01	8.2137	-0.382290	0.000537	5.373005	1.820423	0.043690
 206	1.0250e-01	8.2217	0.309473	0.001701	17.014515	5.764674	0.138353
 207	1.0300e-01	8.2714	-0.564333	-0.002149	-21.492019	-7.281693	-0.174761
 208	1.0350e-01	8.3196	0.200247	0.001881	18.805517	6.371482	0.152916
 209	1.0400e-01	8.3645	0.091021	-0.000269	-2.686502	-0.910212	-0.021845
 210	1.0450e-01	8.3982	0.345881	0.000627	6.268506	2.123827	0.050972
 211	1.0500e-01	8.4399	0.273064	-0.000179	-1.791002	-0.606808	-0.014563
 212	1.0550e-01	8.4832	0.892010	0.001522	15.223514	5.157866	0.123789
 213	1.0600e-01	8.5329	0.491516	-0.000985	-9.850509	-3.337443	-0.080099
 214	1.0650e-01	8.5826	0.928419	0.001075	10.746010	3.640847	0.087381
 215	1.0700e-01	8.5939	1.292504	0.000896	8.955008	3.034039	0.072817
 216	1.0750e-01	8.6436	1.146870	-0.000358	-3.582003	-1.213616	-0.029127
 217	1.0800e-01	8.6757	1.110462	-0.000090	-0.895501	-0.303404	-0.007282
 218	1.0850e-01	8.7094	1.256096	0.000358	3.582003	1.213616	0.029127
 219	1.0900e-01	8.7527	1.656590	0.000985	9.850509	3.337443	0.080099
 220	1.0950e-01	8.8024	1.692999	0.000090	0.895501	0.303404	0.007282
 221	1.1000e-01	8.8473	1.547365	-0.000358	-3.582003	-1.213616	-0.029127
 222	1.1050e-01	8.8586	1.729407	0.000448	4.477504	1.517019	0.036409
 223	1.1100e-01	8.9243	2.311945	0.001433	14.328013	4.854462	0.116507
 224	1.1150e-01	8.9693	1.911450	-0.000985	-9.850509	-3.337443	-0.080099
 225	1.1200e-01	9.0206	2.530396	0.001522	15.223514	5.157866	0.123789
 226	1.1250e-01	9.0591	2.493988	-0.000090	-0.895501	-0.303404	-0.007282
 227	1.1300e-01	9.0816	2.676030	0.000448	4.477504	1.517019	0.036409
 228	1.1350e-01	9.1409	2.821665	0.000358	3.582003	1.213616	0.029127
 229	1.1400e-01	9.1842	2.785256	-0.000090	-0.895501	-0.303404	-0.007282
 230	1.1450e-01	9.2051	2.821665	0.000090	0.895501	0.303404	0.007282
 231	1.1500e-01	9.2243	3.258568	0.001075	10.746010	3.640847	0.087381
 232	1.1550e-01	9.2933	3.294976	0.000090	0.895501	0.303404	0.007282
 233	1.1600e-01	9.3206	3.331385	0.000090	0.895501	0.303404	0.007282
 234	1.1650e-01	9.3687	3.367793	0.000090	0.895501	0.303404	0.007282
 235	1.1700e-01	9.4136	3.804696	0.001075	10.746010	3.640847	0.087381
 236	1.1750e-01	9.4473	3.986739	0.000448	4.477504	1.517019	0.036409
 237	1.1800e-01	9.4890	4.059556	0.000179	1.791002	0.606808	0.014563
 238	1.1850e-01	9.5115	3.950331	-0.000269	-2.686502	-0.910212	-0.021845
 239	1.1900e-01	9.5644	4.314416	0.000896	8.955008	3.034039	0.072817
 240	1.1950e-01	9.6029	4.241599	-0.000179	-1.791002	-0.606808	-0.014563
 241	1.2000e-01	9.6238	4.423642	0.000448	4.477504	1.517019	0.036409
 242	1.2050e-01	9.7377	4.387234	-0.000090	-0.895501	-0.303404	-0.007282
 243	1.2100e-01	9.7136	4.605685	-0.000537	-5.373005	-1.820423	0.043690
 244	1.2150e-01	9.7666	4.933362	0.000806	8.059507	2.730635	0.065535
 245	1.2200e-01	9.7987	4.787728	-0.000358	-3.582003	-1.213616	-0.029127
 246	1.2250e-01	9.8644	4.933362	0.000358	3.582003	1.213616	0.029127
 247	1.2300e-01	9.8789	5.224631	0.000716	7.164006	2.427231	0.058254
 248	1.2350e-01	9.9302	5.297448	0.000179	1.791002	0.606808	0.014563
 249	1.2400e-01	9.9687	5.261039	-0.000090	-0.895501	-0.303404	-0.007282
 250	1.2450e-01	10.0024	5.479491	0.000537	5.373005	1.820423	0.043690
 251	1.2500e-01	10.0505	5.297448	-0.000448	-4.477504	-1.517019	-0.036409
 252	1.2550e-01	10.0714	5.879985	0.001433	14.328013	4.854462	0.116507
 253	1.2600e-01	10.1227	6.098437	0.000537	5.373005	1.820423	0.043690
 254	1.2650e-01	10.1404	5.952802	-0.000358	-3.582003	-1.213616	-0.029127
 255	1.2700e-01	10.2045	6.426114	0.001164	11.641510	3.944251	0.094662
 256	1.2750e-01	10.2270	6.353297	-0.000179	-1.791002	-0.606808	-0.014563
 257	1.2800e-01	10.2895	6.535340	0.000448	4.477504	1.517019	0.036409
 258	1.2850e-01	10.3056	6.498931	-0.000090	-0.895501	-0.303404	-0.007282
 259	1.2900e-01	10.3537	6.717382	0.000537	5.373005	1.820423	0.043690
 260	1.2950e-01	10.4067	6.753791	0.000090	0.895501	0.303404	0.007282
 261	1.3000e-01	10.4323	6.972242	0.000537	5.373005	1.820423	0.043690
 262	1.3050e-01	10.4821	6.899425	-0.000179	-1.791002	-0.606808	-0.014563
 263	1.3100e-01	10.5430	7.117877	0.000537	5.373005	1.820423	0.043690
 264	1.3150e-01	10.5575	7.518371	0.000985	9.850509	3.337443	0.080099
 265	1.3200e-01	10.6072	7.481963	-0.000090	-0.895501	-0.303404	-0.007282
 266	1.3250e-01	10.6505	7.409145	-0.000179	-1.791002	-0.606808	-0.014563
 267	1.3300e-01	10.6986	7.591188	0.000448	4.477504	1.517019	0.036409
 268	1.3350e-01	10.7307	8.173726	0.001433	14.328013	4.854462	0.116507
 269	1.3400e-01	10.7564	8.355768	0.000448	4.477504	1.517019	0.036409
 270	1.3450e-01	10.7917	8.282951	-0.000179	-1.791002	-0.606808	-0.014563
 271	1.3500e-01	10.8334	8.464994	0.000448	4.477504	1.517019	0.036409
 272	1.3550e-01	10.8478	8.355768	-0.000269	-2.686502	-0.910212	-0.021845
 273	1.3600e-01	10.9008	8.683446	0.000806	8.059507	2.730635	0.065535
 274	1.3650e-01	10.9762	8.392177	-0.000716	-7.164006	-2.427231	-0.058254
 275	1.3700e-01	10.9970	8.355768	-0.000090	-0.895501	-0.303404	-0.007282
 276	1.3750e-01	11.0195	9.047531	0.001701	17.014515	5.764674	0.138353
 277	1.3800e-01	11.0917	9.265983	0.000537	5.373005	1.820423	0.043690
 278	1.3850e-01	11.1045	9.302391	0.000090	0.895501	0.303404	0.007282
 279	1.3900e-01	11.1767	9.265983	-0.000090	-0.895501	-0.303404	-0.007282
 280	1.3950e-01	11.2248	9.156757	-0.000269	-2.686502	-0.910212	-0.021845
 281	1.4000e-01	11.2569	9.520843	0.000896	8.955008	3.034039	0.072817
 282	1.4050e-01	11.2906	9.083940	-0.001075	-10.746010	-3.640847	-0.087381
 283	1.4100e-01	11.3227	9.448026	0.000896	8.955008	3.034039	0.072817
 284	1.4150e-01	11.3628	10.103380	0.001612	16.119014	5.461270	0.131071
 285	1.4200e-01	11.3965	9.411617	-0.001701	-17.014515	-5.764674	-0.138353
 286	1.4250e-01	11.4719	10.358240	0.002328	23.283021	7.888501	0.189325
 287	1.4300e-01	11.4783	10.358240	0.000000	0.000000	0.000000	0.000000
 288	1.4350e-01	11.5232	10.358240	0.000000	0.000000	0.000000	0.000000
 289	1.4400e-01	11.5553	10.758734	0.000985	9.850509	3.337443	0.080099
 290	1.4450e-01	11.5874	10.795143	0.000090	0.895501	0.303404	0.007282
 291	1.4500e-01	11.6291	10.503874	-0.000716	-7.164006	-2.427231	-0.058254
 292	1.4550e-01	11.6692	10.904369	0.000985	9.850509	3.337443	0.080099
 293	1.4600e-01	11.7189	11.013595	0.000269	2.686502	0.910212	0.021845
 294	1.4650e-01	11.7622	10.977186	-0.000090	-0.895501	-0.303404	-0.007282
 295	1.4700e-01	11.8039	11.268455	0.000716	7.164006	2.427231	0.058254
 296	1.4750e-01	11.8168	11.086412	-0.000448	-4.477504	-1.517019	-0.036409
 297	1.4800e-01	11.9082	11.268455	0.000448	4.477504	1.517019	0.036409
 298	1.4850e-01	11.9178	11.450497	0.000448	4.477504	1.517019	0.036409
 299	1.4900e-01	11.9852	11.596132	0.000358	3.582003	1.213616	0.029127
 300	1.4950e-01	12.0061	11.814583	0.000537	5.373005	1.820423	0.043690
 301	1.5000e-01	12.0622	12.033035	0.000537	5.373005	1.820423	0.043690
 302	1.5050e-01	12.1104	11.960218	-0.000179	-1.791002	-0.606808	-0.014563
 303	1.5100e-01	12.1280	12.142260	0.000448	4.477504	1.517019	0.036409
 304	1.5150e-01	12.1841	12.287895	0.000358	3.582003	1.213616	0.029127
 305	1.5200e-01	12.1970	12.287895	0.000000	0.000000	0.000000	0.000000
 306	1.5250e-01	12.2660	12.651980	0.000896	8.955008	3.034039	0.072817
 307	1.5300e-01	12.2932	12.542755	-0.000269	-2.686502	-0.910212	-0.021845
 308	1.5350e-01	12.3414	12.688389	0.000358	3.582003	1.213616	0.029127
 309	1.5400e-01	12.3654	12.761206	0.000179	1.791002	0.606808	0.014563
 310	1.5450e-01	12.3943	13.416561	0.001612	16.119014	5.461270	0.131071
 311	1.5500e-01	12.4665	13.052475	-0.000896	-8.955008	-3.034039	-0.072817
 312	1.5550e-01	12.5002	13.088883	0.000090	0.895501	0.303404	0.007282
 313	1.5600e-01	12.5323	13.416561	0.000806	8.059507	2.730635	0.065535
 314	1.5650e-01	12.5660	13.416561	0.000000	0.000000	0.000000	0.000000
 315	1.5700e-01	12.6141	13.635012	0.000537	5.373005	1.820423	0.043690
 316	1.5750e-01	12.6253	13.525786	-0.000269	-2.686502	-0.910212	-0.021845
 317	1.5800e-01	12.6654	13.707829	0.000448	4.477504	1.517019	0.036409
 318	1.5850e-01	12.7264	13.926281	0.000537	5.373005	1.820423	0.043690
 319	1.5900e-01	12.7617	14.290366	0.000896	8.955008	3.034039	0.072817
 320	1.5950e-01	12.7954	14.253958	-0.000090	-0.895501	-0.303404	-0.007282
 321	1.6000e-01	12.8627	14.071915	-0.000448	-4.477504	-1.517019	-0.036409
 322	1.6050e-01	12.8804	14.217549	0.000358	3.582003	1.213616	0.029127
 323	1.6100e-01	12.9317	14.326775	0.000269	2.686502	0.910212	0.021845
 324	1.6150e-01	12.9189	14.253958	0.000179	1.791002	0.606808	-0.014563
 325	1.6200e-01	13.0023	14.945721	0.001701	17.014515	5.764674	0.138353
 326	1.6250e-01	13.0472	14.945721	0.000000	0.000000	0.000000	0.000000
 327	1.6300e-01	13.0761	14.909312	-0.000090	-0.895501	-0.303404	-0.007282
 328	1.6350e-01	13.1082	15.164172	0.000627	6.268506	2.123827	0.050972
 329	1.6400e-01	13.1595	15.200581	0.000090	0.895501	0.303404	0.007282
 330	1.6450e-01	13.2012	15.127764	-0.000179	-1.791002	-0.606808	-0.014563
 331	1.6500e-01	13.2558	15.637484	0.001254	12.537011	4.247654	0.101944
 332	1.6550e-01	13.2702	15.273398	-0.000896	-8.955008	-3.034039	-0.072817
 333	1.6600e-01	13.3296	15.710301	0.001075	10.746010	3.640847	0.087381
 334	1.6650e-01	13.3681	15.601075	-0.000269	-2.686502	-0.910212	-0.021845
 335	1.6700e-01	13.3921	15.819527	0.000537	5.373005	1.820423	0.043690
 336	1.6750e-01	13.4419	16.292838	0.001164	11.641510	3.944251	0.094662
 337	1.6800e-01	13.4788	15.928752	-0.000896	-8.955008	-3.034039	-0.072817
 338	1.6850e-01	13.5269	16.292838	0.000896	8.955008	3.034039	0.072817
 339	1.6900e-01	13.5510	16.220021	-0.000179	-1.791002	-0.606808	-0.014563
 340	1.6950e-01	13.5991	16.547698	0.000806	8.059507	2.730635	0.065535
 341	1.7000e-01	13.6215	16.802558	0.000627	6.268506	2.123827	0.050972
 342	1.7050e-01	13.6809	16.656924	-0.000358	-3.582003	-1.213616	-0.029127
 343	1.7100e-01	13.7354	16.693333	0.000090	0.895501	0.303404	0.007282
 344	1.7150e-01	13.7483	16.802558	0.000269	2.686502	0.910212	0.021845
 345	1.7200e-01	13.7755	17.130235	0.000806	8.059507	2.730635	0.065535
 346	1.7250e-01	13.8108	17.348687	0.000537	5.373005	1.820423	0.043690
 347	1.7300e-01	13.8878	17.348687	0.000000	0.000000	0.000000	0.000000
 348	1.7350e-01	13.9071	17.312278	-0.000090	-0.895501	-0.303404	-0.007282
 349	1.7400e-01	13.9648	17.457913	0.000358	3.582003	1.213616	0.029127
 350	1.7450e-01	14.0258	17.712773	0.000627	6.268506	2.123827	0.050972
 351	1.7500e-01	14.0499	17.603547	-0.000269	-2.686502	-0.910212	-0.021845
 352	1.7550e-01	14.0852	17.676364	0.000179	1.791002	0.606808	0.014563
 353	1.7600e-01	14.0852	17.858407	-0.000448	-4.477504	-1.517019	0.036409
 354	1.7650e-01	14.1429	17.894816	0.000090	0.895501	0.303404	0.007282
 355	1.7700e-01	14.1878	18.368127	0.001164	11.641510	3.944251	0.094662
 356	1.7750e-01	14.2616	18.258901	-0.000269	-2.686502	-0.910212	-0.021845
 357	1.7800e-01	14.2857	18.404536	0.000358	3.582003	1.213616	0.029127
 358	1.7850e-01	14.3114	18.513761	0.000269	2.686502	0.910212	0.021845
 359	1.7900e-01	14.3434	18.805030	0.000716	7.164006	2.427231	0.058254
 360	1.7950e-01	14.3932	18.622987	-0.000448	-4.477504	-1.517019	-0.036409
 361	1.8000e-01	14.4429	18.695804	0.000179	1.791002	0.606808	0.014563
 362	1.8050e-01	14.4814	18.987073	0.000716	7.164006	2.427231	0.058254
 363	1.8100e-01	14.5263	18.950664	-0.000090	-0.895501	-0.303404	-0.007282
 364	1.8150e-01	14.5568	18.987073	0.000090	0.895501	0.303404	0.007282
 365	1.8200e-01	14.5889	19.496793	0.001254	12.537011	4.247654	0.101944
 366	1.8250e-01	14.6499	19.241933	-0.000627	-6.268506	-2.123827	-0.050972
 367	1.8300e-01	14.6948	19.241933	0.000000	0.000000	0.000000	0.000000
 368	1.8350e-01	14.7156	19.496793	0.000627	6.268506	2.123827	0.050972
 369	1.8400e-01	14.7573	19.970104	0.001164	11.641510	3.944251	0.094662
 370	1.8450e-01	14.7750	19.897287	-0.000179	-1.791002	-0.606808	-0.014563
 371	1.8500e-01	14.8311	19.860879	-0.000090	-0.895501	-0.303404	-0.007282
 372	1.8550e-01	14.8664	20.079330	0.000537	5.373005	1.820423	0.043690
 373	1.8600e-01	14.9274	20.188556	0.000269	2.686502	0.910212	0.021845
 374	1.8650e-01	14.9643	20.261373	0.000179	1.791002	0.606808	0.014563
 375	1.8700e-01	15.0076	20.552642	0.000716	7.164006	2.427231	0.058254
 376	1.8750e-01	15.0140	20.261373	-0.000716	-7.164006	-2.427231	-0.058254
 377	1.8800e-01	15.0718	20.661867	0.000985	9.850509	3.337443	0.080099
 378	1.8850e-01	15.1359	20.807502	0.000358	3.582003	1.213616	0.029127
 379	1.8900e-01	15.1616	20.916727	0.000269	2.686502	0.910212	0.021845
 380	1.8950e-01	15.2097	21.025953	0.000269	2.686502	0.910212	0.021845
 381	1.9000e-01	15.2210	21.353630	0.000806	8.059507	2.730635	0.065535
 382	1.9050e-01	15.2787	21.244405	-0.000269	-2.686502	-0.910212	-0.021845
 383	1.9100e-01	15.3092	21.207996	-0.000090	-0.895501	-0.303404	-0.007282
 384	1.9150e-01	15.3686	21.317222	0.000269	2.686502	0.910212	0.021845
 385	1.9200e-01	15.4022	21.462856	0.000358	3.582003	1.213616	0.029127
 386	1.9250e-01	15.4247	21.535673	0.000179	1.791002	0.606808	0.014563
 387	1.9300e-01	15.4792	21.754125	0.000537	5.373005	1.820423	0.043690
 388	1.9350e-01	15.5193	21.790533	0.000090	0.895501	0.303404	0.007282
 389	1.9400e-01	15.5530	21.972576	0.000448	4.477504	1.517019	0.036409
 390	1.9450e-01	15.6012	22.008985	0.000090	0.895501	0.303404	0.007282
 391	1.9500e-01	15.6204	22.118211	0.000269	2.686502	0.910212	0.021845
 392	1.9550e-01	15.6750	22.373071	0.000627	6.268506	2.123827	0.050972
 393	1.9600e-01	15.7135	22.409479	0.000090	0.895501	0.303404	0.007282
 394	1.9650e-01	15.7520	22.482296	0.000179	1.791002	0.606808	0.014563
 395	1.9700e-01	15.8097	22.373071	-0.000269	-2.686502	-0.910212	-0.021845
 396	1.9750e-01	15.8434	22.737156	0.000896	8.955008	3.034039	0.072817
 397	1.9800e-01	15.8707	22.919199	0.000448	4.477504	1.517019	0.036409
 398	1.9850e-01	15.9188	22.700748	-0.000537	-5.373005	-1.820423	-0.043690
 399	1.9900e-01	15.9750	22.555113	-0.000358	-3.582003	-1.213616	-0.029127
 400	1.9950e-01	16.0167	23.028425	0.001164	11.641510	3.944251	0.094662
 401	2.0000e-01	16.0600	23.174059	0.000358	3.582003	1.213616	0.029127
 402	2.0050e-01	16.0696	23.101242	-0.000179	-1.791002	-0.606808	-0.014563
 403	2.0100e-01	16.1370	23.610962	0.001254	12.537011	4.247654	0.101944
 404	2.0150e-01	16.1610	23.210468	-0.000985	-9.850509	-3.337443	-0.080099
 405	2.0200e-01	16.1883	23.610962	0.000985	9.850509	3.337443	0.080099
 406	2.0250e-01	16.2653	23.829414	0.000537	5.373005	1.820423	0.043690
 407	2.0300e-01	16.2685	23.902231	0.000179	1.791002	0.606808	0.014563
 408	2.0350e-01	16.3295	23.902231	0.000000	0.000000	0.000000	0.000000
 409	2.0400e-01	16.3632	24.047865	0.000358	3.582003	1.213616	0.029127
 410	2.0450e-01	16.4065	24.120682	0.000179	1.791002	0.606808	0.014563
 411	2.0500e-01	16.4354	24.593994	0.001164	11.641510	3.944251	0.094662
 412	2.0550e-01	16.4626	24.375542	-0.000537	-5.373005	-1.820423	-0.043690
 413	2.0600e-01	16.5060	24.229908	-0.000358	-3.582003	-1.213616	-0.029127
 414	2.0650e-01	16.5814	24.521177	0.000716	7.164006	2.427231	0.058254
 415	2.0700e-01	16.5862	24.885262	0.000896	8.955008	3.034039	0.072817
 416	2.0750e-01	16.6519	24.703219	-0.000448	-4.477504	-1.517019	-0.036409
 417	2.0800e-01	16.6824	24.812445	0.000269	2.686502	0.910212	0.021845
 418	2.0850e-01	16.7257	24.521177	-0.000716	-7.164006	-2.427231	-0.058254
 419	2.0900e-01	16.7771	25.285757	0.001881	18.805517	6.371482	0.152916
 420	2.0950e-01	16.7883	25.030897	-0.000627	-6.268506	-2.123827	-0.050972
 421	2.1000e-01	16.8733	25.577025	0.001343	13.432512	4.551058	0.109226
 422	2.1050e-01	16.8525	25.176531	0.000985	9.850509	3.337443	-0.080099
 423	2.1100e-01	16.9311	25.431391	0.000627	6.268506	2.123827	0.050972
 424	2.1150e-01	16.9664	25.540617	0.000269	2.686502	0.910212	0.021845
 425	2.1200e-01	17.0017	25.759068	0.000537	5.373005	1.820423	0.043690
 426	2.1250e-01	17.0353	25.904703	0.000358	3.582003	1.213616	0.029127
 427	2.1300e-01	17.1091	25.904703	0.000000	0.000000	0.000000	0.000000
 428	2.1350e-01	17.1124	25.977520	0.000179	1.791002	0.606808	0.014563
 429	2.1400e-01	17.1733	26.195971	0.000537	5.373005	1.820423	0.043690
 430	2.1450e-01	17.1990	26.086745	-0.000269	-2.686502	-0.910212	-0.021845
 431	2.1500e-01	17.2455	26.414423	0.000806	8.059507	2.730635	0.065535
 432	2.1550e-01	17.2599	26.195971	-0.000537	-5.373005	-1.820423	-0.043690
 433	2.1600e-01	17.3466	26.705691	0.001254	12.537011	4.247654	0.101944
 434	2.1650e-01	17.3369	26.341605	0.000896	8.955008	3.034039	-0.072817
 435	2.1700e-01	17.3835	26.851326	0.001254	12.537011	4.247654	0.101944
 436	2.1750e-01	17.4476	27.179003	0.000806	8.059507	2.730635	0.065535
 437	2.1800e-01	17.4685	26.560057	-0.001522	-15.223514	-5.157866	-0.123789
 438	2.1850e-01	17.5118	27.361046	0.001970	19.701018	6.674885	0.160198
 439	2.1900e-01	17.5680	27.215411	-0.000358	-3.582003	-1.213616	-0.029127
 440	2.1950e-01	17.5856	27.397454	0.000448	4.477504	1.517019	0.036409
 441	2.2000e-01	17.6530	27.433863	0.000090	0.895501	0.303404	0.007282
 442	2.2050e-01	17.6802	27.506680	0.000179	1.791002	0.606808	0.014563
 443	2.2100e-01	17.7316	27.725131	0.000537	5.373005	1.820423	0.043690
 444	2.2150e-01	17.7428	27.834357	0.000269	2.686502	0.910212	0.021845
 445	2.2200e-01	17.7829	27.797949	-0.000090	-0.895501	-0.303404	-0.007282
 446	2.2250e-01	17.8391	27.907174	0.000269	2.686502	0.910212	0.021845
 447	2.2300e-01	17.8792	28.162034	0.000627	6.268506	2.123827	0.050972
 448	2.2350e-01	17.9161	28.307669	0.000358	3.582003	1.213616	0.029127
 449	2.2400e-01	17.9417	28.125626	-0.000448	-4.477504	-1.517019	-0.036409
 450	2.2450e-01	18.0155	28.271260	0.000358	3.582003	1.213616	0.029127
 451	2.2500e-01	18.0428	28.089217	-0.000448	-4.477504	-1.517019	-0.036409
 452	2.2550e-01	18.0797	28.453303	0.000896	8.955008	3.034039	0.072817
 453	2.2600e-01	18.1294	28.817389	0.000896	8.955008	3.034039	0.072817
 454	2.2650e-01	18.1535	28.817389	0.000000	0.000000	0.000000	0.000000
 455	2.2700e-01	18.1904	28.817389	0.000000	0.000000	0.000000	0.000000
 456	2.2750e-01	18.2481	29.108657	0.000716	7.164006	2.427231	0.058254
 457	2.2800e-01	18.2690	29.145066	0.000090	0.895501	0.303404	0.007282
 458	2.2850e-01	18.3332	29.363517	0.000537	5.373005	1.820423	0.043690
 459	2.2900e-01	18.3637	29.363517	0.000000	0.000000	0.000000	0.000000
 460	2.2950e-01	18.3989	29.181474	-0.000448	-4.477504	-1.517019	-0.036409
 461	2.3000e-01	18.4358	29.472743	0.000716	7.164006	2.427231	0.058254
 462	2.3050e-01	18.4952	29.727603	0.000627	6.268506	2.123827	0.050972
 463	2.3100e-01	18.4952	29.764012	-0.000090	-0.895501	-0.303404	0.007282
 464	2.3150e-01	18.5642	29.727603	-0.000090	-0.895501	-0.303404	-0.007282
 465	2.3200e-01	18.6123	29.800420	0.000179	1.791002	0.606808	0.014563
 466	2.3250e-01	18.6444	30.310140	0.001254	12.537011	4.247654	0.101944
 467	2.3300e-01	18.6957	30.091689	-0.000537	-5.373005	-1.820423	-0.043690
 468	2.3350e-01	18.6941	30.419366	-0.000806	-8.059507	-2.730635	0.065535
 469	2.3400e-01	18.7471	30.601409	0.000448	4.477504	1.517019	0.036409
 470	2.3450e-01	18.8064	30.455775	-0.000358	-3.582003	-1.213616	-0.029127
 471	2.3500e-01	18.8481	30.674226	0.000537	5.373005	1.820423	0.043690
 472	2.3550e-01	18.8818	30.856269	0.000448	4.477504	1.517019	0.036409
 473	2.3600e-01	18.8963	30.965495	0.000269	2.686502	0.910212	0.021845
 474	2.3650e-01	18.9508	31.038312	0.000179	1.791002	0.606808	0.014563
 475	2.3700e-01	18.9845	31.038312	0.000000	0.000000	0.000000	0.000000
 476	2.3750e-01	19.0358	31.074720	0.000090	0.895501	0.303404	0.007282
 477	2.3800e-01	19.0904	31.038312	-0.000090	-0.895501	-0.303404	-0.007282
 478	2.3850e-01	19.1080	31.584441	0.001343	13.432512	4.551058	0.109226
 479	2.3900e-01	19.1834	31.584441	0.000000	0.000000	0.000000	0.000000
 480	2.3950e-01	19.1850	31.620849	0.000090	0.895501	0.303404	0.007282
 481	2.4000e-01	19.2428	31.693666	0.000179	1.791002	0.606808	0.014563
 482	2.4050e-01	19.2781	31.584441	-0.000269	-2.686502	-0.910212	-0.021845
 483	2.4100e-01	19.3278	31.839301	0.000627	6.268506	2.123827	0.050972
 484	2.4150e-01	19.3679	32.021343	0.000448	4.477504	1.517019	0.036409
 485	2.4200e-01	19.3839	32.094161	0.000179	1.791002	0.606808	0.014563
 486	2.4250e-01	19.3904	32.349021	0.000627	6.268506	2.123827	0.050972
 487	2.4300e-01	19.4866	32.385429	0.000090	0.895501	0.303404	0.007282
 488	2.4350e-01	19.5235	32.531064	0.000358	3.582003	1.213616	0.029127
 489	2.4400e-01	19.5508	32.567472	0.000090	0.895501	0.303404	0.007282
 490	2.4450e-01	19.6085	32.822332	0.000627	6.268506	2.123827	0.050972
 491	2.4500e-01	19.6438	32.895149	0.000179	1.791002	0.606808	0.014563
 492	2.4550e-01	19.6663	32.858741	-0.000090	-0.895501	-0.303404	-0.007282
 493	2.4600e-01	19.7064	32.931558	0.000179	1.791002	0.606808	0.014563
 494	2.4650e-01	19.7321	33.186418	0.000627	6.268506	2.123827	0.050972
 495	2.4700e-01	19.7962	33.368461	0.000448	4.477504	1.517019	0.036409
 496	2.4750e-01	19.8460	33.295644	-0.000179	-1.791002	-0.606808	-0.014563
 497	2.4800e-01	19.8829	33.222826	-0.000179	-1.791002	-0.606808	-0.014563
 498	2.4850e-01	19.9342	33.259235	0.000090	0.895501	0.303404	0.007282
 499	2.4900e-01	19.9567	33.841772	0.001433	14.328013	4.854462	0.116507
 500	2.4950e-01	19.9759	33.732547	-0.000269	-2.686502	-0.910212	-0.021845
 501	2.5000e-01	20.0224	33.696138	-0.000090	-0.895501	-0.303404	-0.007282
 502	2.5050e-01	19.9743	34.023815	-0.000806	-8.059507	-2.730635	0.065535
 503	2.5100e-01	19.9551	33.878181	0.000358	3.582003	1.213616	-0.029127
 504	2.5150e-01	19.9133	33.950998	-0.000179	-1.791002	-0.606808	0.014563
 505	2.5200e-01	19.8508	33.768955	0.000448	4.477504	1.517019	-0.036409
 506	2.5250e-01	19.8203	33.841772	-0.000179	-1.791002	-0.606808	0.014563
 507	2.5300e-01	19.7658	33.987407	-0.000358	-3.582003	-1.213616	0.029127
 508	2.5350e-01	19.7048	34.096632	-0.000269	-2.686502	-0.910212	0.021845
 509	2.5400e-01	19.6855	33.368461	0.001791	17.910016	6.068078	-0.145634
 510	2.5450e-01	19.6535	33.841772	-0.001164	-11.641510	-3.944251	0.094662
 511	2.5500e-01	19.5845	33.805364	0.000090	0.895501	0.303404	-0.007282
 512	2.5550e-01	19.5925	33.623321	-0.000448	-4.477504	-1.517019	-0.036409
 513	2.5600e-01	19.5299	33.659729	-0.000090	-0.895501	-0.303404	0.007282
 514	2.5650e-01	19.5107	33.368461	0.000716	7.164006	2.427231	-0.058254
 515	2.5700e-01	19.4401	33.222826	0.000358	3.582003	1.213616	-0.029127
 516	2.5750e-01	19.4144	33.295644	-0.000179	-1.791002	-0.606808	0.014563
 517	2.5800e-01	19.4144	33.332052	-0.000090	-0.895501	-0.303404	0.007282
 518	2.5850e-01	19.3438	33.368461	-0.000090	-0.895501	-0.303404	0.007282
 519	2.5900e-01	19.3230	33.186418	0.000448	4.477504	1.517019	-0.036409
 520	2.5950e-01	19.2797	32.785924	0.000985	9.850509	3.337443	-0.080099
 521	2.6000e-01	19.2283	33.040784	-0.000627	-6.268506	-2.123827	0.050972
 522	2.6050e-01	19.1866	32.967966	0.000179	1.791002	0.606808	-0.014563
 523	2.6100e-01	19.0920	32.858741	0.000269	2.686502	0.910212	-0.021845
 524	2.6150e-01	19.1000	32.531064	-0.000806	-8.059507	-2.730635	-0.065535
 525	2.6200e-01	19.0647	32.713106	-0.000448	-4.477504	-1.517019	0.036409
 526	2.6250e-01	19.0503	32.276203	0.001075	10.746010	3.640847	-0.087381
 527	2.6300e-01	18.9909	32.312612	-0.000090	-0.895501	-0.303404	0.007282
 528	2.6350e-01	18.9267	32.458246	-0.000358	-3.582003	-1.213616	0.029127
 529	2.6400e-01	18.9075	32.385429	0.000179	1.791002	0.606808	-0.014563
 530	2.6450e-01	18.8722	32.239795	0.000358	3.582003	1.213616	-0.029127
 531	2.6500e-01	18.7888	31.984935	0.000627	6.268506	2.123827	-0.050972
 532	2.6550e-01	18.7824	32.276203	-0.000716	-7.164006	-2.427231	0.058254
 533	2.6600e-01	18.7310	31.584441	0.001701	17.014515	5.764674	-0.138353
 534	2.6650e-01	18.6877	31.875709	-0.000716	-7.164006	-2.427231	0.058254
 535	2.6700e-01	18.6572	31.912118	-0.000090	-0.895501	-0.303404	0.007282
 536	2.6750e-01	18.6123	31.438806	0.001164	11.641510	3.944251	-0.094662
 537	2.6800e-01	18.5738	31.730075	-0.000716	-7.164006	-2.427231	0.058254
 538	2.6850e-01	18.5465	31.438806	0.000716	7.164006	2.427231	-0.058254
 539	2.6900e-01	18.5064	31.584441	-0.000358	-3.582003	-1.213616	0.029127
 540	2.6950e-01	18.4487	31.548032	0.000090	0.895501	0.303404	-0.007282
 541	2.7000e-01	18.3973	31.329580	0.000537	5.373005	1.820423	-0.043690
 542	2.7050e-01	18.3909	31.402398	-0.000179	-1.791002	-0.606808	0.014563
 543	2.7100e-01	18.3155	31.329580	0.000179	1.791002	0.606808	-0.014563
 544	2.7150e-01	18.2802	31.329580	-0.000000	-0.000000	-0.000000	0.000000
 545	2.7200e-01	18.2514	30.965495	0.000896	8.955008	3.034039	-0.072817
 546	2.7250e-01	18.2209	31.111129	-0.000358	-3.582003	-1.213616	0.029127
 547	2.7300e-01	18.1792	30.783452	0.000806	8.059507	2.730635	-0.065535
 548	2.7350e-01	18.1102	31.111129	-0.000806	-8.059507	-2.730635	0.065535
 549	2.7400e-01	18.1054	30.492183	0.001522	15.223514	5.157866	-0.123789
 550	2.7450e-01	18.0717	30.528592	-0.000090	-0.895501	-0.303404	0.007282
 551	2.7500e-01	18.0075	30.601409	-0.000179	-1.791002	-0.606808	0.014563
 552	2.7550e-01	17.9867	30.128097	0.001164	11.641510	3.944251	-0.094662
 553	2.7600e-01	17.9209	30.419366	-0.000716	-7.164006	-2.427231	0.058254
 554	2.7650e-01	17.8952	30.200915	0.000537	5.373005	1.820423	-0.043690
 555	2.7700e-01	17.8439	30.164506	0.000090	0.895501	0.303404	-0.007282
 556	2.7750e-01	17.7877	29.946055	0.000537	5.373005	1.820423	-0.043690
 557	2.7800e-01	17.7701	30.200915	-0.000627	-6.268506	-2.123827	0.050972
 558	2.7850e-01	17.7476	29.691195	0.001254	12.537011	4.247654	-0.101944
 559	2.7900e-01	17.7027	29.654786	0.000090	0.895501	0.303404	-0.007282
 560	2.7950e-01	17.6337	29.618377	0.000090	0.895501	0.303404	-0.007282
 561	2.8000e-01	17.6032	29.691195	-0.000179	-1.791002	-0.606808	0.014563
 562	2.8050e-01	17.5583	29.327109	0.000896	8.955008	3.034039	-0.072817
 563	2.8100e-01	17.5086	29.691195	-0.000896	-8.955008	-3.034039	0.072817
 564	2.8150e-01	17.5182	29.472743	-0.000537	-5.373005	-1.820423	-0.043690
 565	2.8200e-01	17.4492	29.363517	0.000269	2.686502	0.910212	-0.021845
 566	2.8250e-01	17.4252	28.999432	0.000896	8.955008	3.034039	-0.072817
 567	2.8300e-01	17.3658	29.072249	-0.000179	-1.791002	-0.606808	0.014563
 568	2.8350e-01	17.3081	29.254292	-0.000448	-4.477504	-1.517019	0.036409
 569	2.8400e-01	17.2888	29.035840	0.000537	5.373005	1.820423	-0.043690
 570	2.8450e-01	17.2583	29.217883	-0.000448	-4.477504	-1.517019	0.036409
 571	2.8500e-01	17.2295	28.817389	0.000985	9.850509	3.337443	-0.080099
 572	2.8550e-01	17.1845	28.380486	0.001075	10.746010	3.640847	-0.087381
 573	2.8600e-01	17.1011	28.562529	-0.000448	-4.477504	-1.517019	0.036409
 574	2.8650e-01	17.0835	28.780980	-0.000537	-5.373005	-1.820423	0.043690
 575	2.8700e-01	17.0610	28.089217	0.001701	17.014515	5.764674	-0.138353
 576	2.8750e-01	17.0177	28.416894	-0.000806	-8.059507	-2.730635	0.065535
 577	2.8800e-01	16.9856	28.453303	-0.000090	-0.895501	-0.303404	0.007282
 578	2.8850e-01	16.9455	28.089217	0.000896	8.955008	3.034039	-0.072817
 579	2.8900e-01	16.8589	27.943583	0.000358	3.582003	1.213616	-0.029127
 580	2.8950e-01	16.8525	27.652314	0.000716	7.164006	2.427231	-0.058254
 581	2.9000e-01	16.8284	27.652314	-0.000000	-0.000000	-0.000000	0.000000
 582	2.9050e-01	16.7963	27.688723	-0.000090	-0.895501	-0.303404	0.007282
 583	2.9100e-01	16.7450	27.470271	0.000537	5.373005	1.820423	-0.043690
 584	2.9150e-01	16.6904	27.543088	-0.000179	-1.791002	-0.606808	0.014563
 585	2.9200e-01	16.6696	27.361046	0.000448	4.477504	1.517019	-0.036409
 586	2.9250e-01	16.5990	27.142594	0.000537	5.373005	1.820423	-0.043690
 587	2.9300e-01	16.5653	27.288228	-0.000358	-3.582003	-1.213616	0.029127
 588	2.9350e-01	16.5332	27.215411	0.000179	1.791002	0.606808	-0.014563
 589	2.9400e-01	16.4835	27.324637	-0.000269	-2.686502	-0.910212	0.021845
 590	2.9450e-01	16.4466	27.033368	0.000716	7.164006	2.427231	-0.058254
 591	2.9500e-01	16.4049	26.778508	0.000627	6.268506	2.123827	-0.050972
 592	2.9550e-01	16.3664	26.305197	0.001164	11.641510	3.944251	-0.094662
 593	2.9600e-01	16.3359	26.560057	-0.000627	-6.268506	-2.123827	0.050972
 594	2.9650e-01	16.3086	26.887734	-0.000806	-8.059507	-2.730635	0.065535
 595	2.9700e-01	16.2525	26.487240	0.000985	9.850509	3.337443	-0.080099
 596	2.9750e-01	16.2220	26.487240	-0.000000	-0.000000	-0.000000	0.000000
 597	2.9800e-01	16.1819	26.159563	0.000806	8.059507	2.730635	-0.065535
 598	2.9850e-01	16.1530	26.050337	0.000269	2.686502	0.910212	-0.021845
 599	2.9900e-01	16.1209	26.123154	-0.000179	-1.791002	-0.606808	0.014563
 600	2.9950e-01	16.0648	26.013928	0.000269	2.686502	0.910212	-0.021845
 601	3.0000e-01	16.0167	25.613434	0.000985	9.850509	3.337443	-0.080099
 602	3.0050e-01	15.9798	25.941111	-0.000806	-8.059507	-2.730635	0.065535
 603	3.0100e-01	15.9509	25.358574	0.001433	14.328013	4.854462	-0.116507
 604	3.0150e-01	15.8739	25.759068	-0.000985	-9.850509	-3.337443	0.080099
 605	3.0200e-01	15.8193	25.613434	0.000358	3.582003	1.213616	-0.029127
 606	3.0250e-01	15.8177	25.322165	0.000716	7.164006	2.427231	-0.058254
 607	3.0300e-01	15.8097	25.212940	0.000269	2.686502	0.910212	-0.021845
 608	3.0350e-01	15.7616	25.067305	0.000358	3.582003	1.213616	-0.029127
 609	3.0400e-01	15.7135	25.249348	-0.000448	-4.477504	-1.517019	0.036409
 610	3.0450e-01	15.6589	25.067305	0.000448	4.477504	1.517019	-0.036409
 611	3.0500e-01	15.6124	24.958080	0.000269	2.686502	0.910212	-0.021845
 612	3.0550e-01	15.5691	24.994488	-0.000090	-0.895501	-0.303404	0.007282
 613	3.0600e-01	15.5145	24.484768	0.001254	12.537011	4.247654	-0.101944
 614	3.0650e-01	15.5113	24.593994	-0.000269	-2.686502	-0.910212	0.021845
 615	3.0700e-01	15.4231	24.812445	-0.000537	-5.373005	-1.820423	0.043690
 616	3.0750e-01	15.4054	24.484768	0.000806	8.059507	2.730635	-0.065535
 617	3.0800e-01	15.3734	24.521177	-0.000090	-0.895501	-0.303404	0.007282
 618	3.0850e-01	15.3365	24.047865	0.001164	11.641510	3.944251	-0.094662
 619	3.0900e-01	15.2964	24.411951	-0.000896	-8.955008	-3.034039	0.072817
 620	3.0950e-01	15.2755	23.938639	0.001164	11.641510	3.944251	-0.094662
 621	3.1000e-01	15.2017	23.720188	0.000537	5.373005	1.820423	-0.043690
 622	3.1050e-01	15.1664	24.120682	-0.000985	-9.850509	-3.337443	0.080099
 623	3.1100e-01	15.1568	23.829414	0.000716	7.164006	2.427231	-0.058254
 624	3.1150e-01	15.1022	23.902231	-0.000179	-1.791002	-0.606808	0.014563
 625	3.1200e-01	15.0766	23.574554	0.000806	8.059507	2.730635	-0.065535
 626	3.1250e-01	15.0092	23.428919	0.000358	3.582003	1.213616	-0.029127
 627	3.1300e-01	15.0108	23.356102	-0.000179	-1.791002	-0.606808	-0.014563
 628	3.1350e-01	14.9226	23.174059	0.000448	4.477504	1.517019	-0.036409
 629	3.1400e-01	14.8985	23.356102	-0.000448	-4.477504	-1.517019	0.036409
 630	3.1450e-01	14.8520	22.992016	0.000896	8.955008	3.034039	-0.072817
 631	3.1500e-01	14.8311	23.174059	-0.000448	-4.477504	-1.517019	0.036409
 632	3.1550e-01	14.7910	22.482296	0.001701	17.014515	5.764674	-0.138353
 633	3.1600e-01	14.7381	22.846382	-0.000896	-8.955008	-3.034039	0.072817
 634	3.1650e-01	14.6739	22.482296	0.000896	8.955008	3.034039	-0.072817
 635	3.1700e-01	14.6579	22.737156	-0.000627	-6.268506	-2.123827	0.050972
 636	3.1750e-01	14.6049	22.555113	0.000448	4.477504	1.517019	-0.036409
 637	3.1800e-01	14.5841	22.591522	-0.000090	-0.895501	-0.303404	0.007282
 638	3.1850e-01	14.5520	22.445888	0.000358	3.582003	1.213616	-0.029127
 639	3.1900e-01	14.4814	22.081802	0.000896	8.955008	3.034039	-0.072817
 640	3.1950e-01	14.4686	22.445888	-0.000896	-8.955008	-3.034039	0.072817
 641	3.2000e-01	14.4301	21.826942	0.001522	15.223514	5.157866	-0.123789
 642	3.2050e-01	14.3948	22.008985	-0.000448	-4.477504	-1.517019	0.036409
 643	3.2100e-01	14.3306	21.608490	0.000985	9.850509	3.337443	-0.080099
 644	3.2150e-01	14.2921	21.681308	-0.000179	-1.791002	-0.606808	0.014563
 645	3.2200e-01	14.2376	21.572082	0.000269	2.686502	0.910212	-0.021845
 646	3.2250e-01	14.2039	21.644899	-0.000179	-1.791002	-0.606808	0.014563
 647	3.2300e-01	14.1910	21.535673	0.000269	2.686502	0.910212	-0.021845
 648	3.2350e-01	14.1525	21.207996	0.000806	8.059507	2.730635	-0.065535
 649	3.2400e-01	14.1092	21.353630	-0.000358	-3.582003	-1.213616	0.029127
 650	3.2450e-01	14.0290	21.098770	0.000627	6.268506	2.123827	-0.050972
 651	3.2500e-01	14.0114	20.843910	0.000627	6.268506	2.123827	-0.050972
 652	3.2550e-01	13.9777	20.843910	-0.000000	-0.000000	-0.000000	0.000000
 653	3.2600e-01	13.9376	20.916727	-0.000179	-1.791002	-0.606808	0.014563
 654	3.2650e-01	13.9215	20.516233	0.000985	9.850509	3.337443	-0.080099
 655	3.2700e-01	13.8381	20.625459	-0.000269	-2.686502	-0.910212	0.021845
 656	3.2750e-01	13.8189	20.479825	0.000358	3.582003	1.213616	-0.029127
 657	3.2800e-01	13.7627	20.370599	0.000269	2.686502	0.910212	-0.021845
 658	3.2850e-01	13.7322	20.334190	0.000090	0.895501	0.303404	-0.007282
 659	3.2900e-01	13.6873	19.970104	0.000896	8.955008	3.034039	-0.072817
 660	3.2950e-01	13.6520	20.334190	-0.000896	-8.955008	-3.034039	0.072817
 661	3.3000e-01	13.6119	19.897287	0.001075	10.746010	3.640847	-0.087381
 662	3.3050e-01	13.5943	20.006513	-0.000269	-2.686502	-0.910212	0.021845
 663	3.3100e-01	13.5108	19.715244	0.000716	7.164006	2.427231	-0.058254
 664	3.3150e-01	13.5060	19.678836	0.000090	0.895501	0.303404	-0.007282
 665	3.3200e-01	13.4483	19.678836	-0.000000	-0.000000	-0.000000	0.000000
 666	3.3250e-01	13.4194	19.205524	0.001164	11.641510	3.944251	-0.094662
 667	3.3300e-01	13.3921	19.423976	-0.000537	-5.373005	-1.820423	0.043690
 668	3.3350e-01	13.3472	19.423976	-0.000000	-0.000000	-0.000000	0.000000
 669	3.3400e-01	13.2798	19.314750	0.000269	2.686502	0.910212	-0.021845
 670	3.3450e-01	13.2558	18.805030	0.001254	12.537011	4.247654	-0.101944
 671	3.3500e-01	13.2317	19.059890	-0.000627	-6.268506	-2.123827	0.050972
 672	3.3550e-01	13.1563	19.023481	0.000090	0.895501	0.303404	-0.007282
 673	3.3600e-01	13.1355	18.586579	0.001075	10.746010	3.640847	-0.087381
 674	3.3650e-01	13.1194	18.222493	0.000896	8.955008	3.034039	-0.072817
 675	3.3700e-01	13.0536	18.295310	-0.000179	-1.791002	-0.606808	0.014563
 676	3.3750e-01	13.0103	18.440944	-0.000358	-3.582003	-1.213616	0.029127
 677	3.3800e-01	12.9815	18.295310	0.000358	3.582003	1.213616	-0.029127
 678	3.3850e-01	12.9173	18.258901	0.000090	0.895501	0.303404	-0.007282
 679	3.3900e-01	12.9189	18.186084	-0.000179	-1.791002	-0.606808	-0.014563
 680	3.3950e-01	12.8339	17.785590	0.000985	9.850509	3.337443	-0.080099
 681	3.4000e-01	12.7889	17.639956	0.000358	3.582003	1.213616	-0.029127
 682	3.4050e-01	12.7665	17.931224	-0.000716	-7.164006	-2.427231	0.058254
 683	3.4100e-01	12.7520	17.457913	0.001164	11.641510	3.944251	-0.094662
 684	3.4150e-01	12.7055	17.967633	-0.001254	-12.537011	-4.247654	0.101944
 685	3.4200e-01	12.6622	17.530730	0.001075	10.746010	3.640847	-0.087381
 686	3.4250e-01	12.6269	17.203053	0.000806	8.059507	2.730635	-0.065535
 687	3.4300e-01	12.5820	16.984601	0.000537	5.373005	1.820423	-0.043690
 688	3.4350e-01	12.5435	17.093827	-0.000269	-2.686502	-0.910212	0.021845
 689	3.4400e-01	12.4873	16.766150	0.000806	8.059507	2.730635	-0.065535
 690	3.4450e-01	12.4745	16.984601	-0.000537	-5.373005	-1.820423	0.043690
 691	3.4500e-01	12.4488	16.984601	-0.000000	-0.000000	-0.000000	0.000000
 692	3.4550e-01	12.3863	16.802558	0.000448	4.477504	1.517019	-0.036409
 693	3.4600e-01	12.3269	16.402064	0.000985	9.850509	3.337443	-0.080099
 694	3.4650e-01	12.3013	16.656924	-0.000627	-6.268506	-2.123827	0.050972
 695	3.4700e-01	12.2820	16.365655	0.000716	7.164006	2.427231	-0.058254
 696	3.4750e-01	12.2291	16.147204	0.000537	5.373005	1.820423	-0.043690
 697	3.4800e-01	12.1713	16.110795	0.000090	0.895501	0.303404	-0.007282
 698	3.4850e-01	12.1232	16.474881	-0.000896	-8.955008	-3.034039	0.072817
 699	3.4900e-01	12.0751	15.819527	0.001612	16.119014	5.461270	-0.131071
 700	3.4950e-01	12.0478	15.783118	0.000090	0.895501	0.303404	-0.007282
 701	3.5000e-01	12.0253	15.601075	0.000448	4.477504	1.517019	-0.036409
 702	3.5050e-01	12.0205	15.746710	-0.000358	-3.582003	-1.213616	0.029127
 703	3.5100e-01	11.9580	15.601075	0.000358	3.582003	1.213616	-0.029127
 704	3.5150e-01	11.9034	15.419032	0.000448	4.477504	1.517019	-0.036409
 705	3.5200e-01	11.8521	15.091355	0.000806	8.059507	2.730635	-0.065535
 706	3.5250e-01	11.8168	15.491849	-0.000985	-9.850509	-3.337443	0.080099
 707	3.5300e-01	11.7943	15.018538	0.001164	11.641510	3.944251	-0.094662
 708	3.5350e-01	11.7350	14.909312	0.000269	2.686502	0.910212	-0.021845
 709	3.5400e-01	11.7157	14.836495	0.000179	1.791002	0.606808	-0.014563
 710	3.5450e-01	11.6580	14.872904	-0.000090	-0.895501	-0.303404	0.007282
 711	3.5500e-01	11.6451	14.545226	0.000806	8.059507	2.730635	-0.065535
 712	3.5550e-01	11.5713	14.508818	0.000090	0.895501	0.303404	-0.007282
 713	3.5600e-01	11.5312	14.217549	0.000716	7.164006	2.427231	-0.058254
 714	3.5650e-01	11.5056	14.326775	-0.000269	-2.686502	-0.910212	0.021845
 715	3.5700e-01	11.4382	14.144732	0.000448	4.477504	1.517019	-0.036409
 716	3.5750e-01	11.3997	13.780646	0.000896	8.955008	3.034039	-0.072817
 717	3.5800e-01	11.3612	13.962689	-0.000448	-4.477504	-1.517019	0.036409
 718	3.5850e-01	11.3339	13.780646	0.000448	4.477504	1.517019	-0.036409
 719	3.5900e-01	11.3195	13.707829	0.000179	1.791002	0.606808	-0.014563
 720	3.5950e-01	11.2569	13.635012	0.000179	1.791002	0.606808	-0.014563
 721	3.6000e-01	11.1879	13.343743	0.000716	7.164006	2.427231	-0.058254
 722	3.6050e-01	11.1687	13.307335	0.000090	0.895501	0.303404	-0.007282
 723	3.6100e-01	11.1510	13.562195	-0.000627	-6.268506	-2.123827	0.050972
 724	3.6150e-01	11.1045	12.979658	0.001433	14.328013	4.854462	-0.116507
 725	3.6200e-01	11.0500	13.052475	-0.000179	-1.791002	-0.606808	0.014563
 726	3.6250e-01	11.0098	12.761206	0.000716	7.164006	2.427231	-0.058254
 727	3.6300e-01	10.9649	12.979658	-0.000537	-5.373005	-1.820423	0.043690
 728	3.6350e-01	10.9553	12.615572	0.000896	8.955008	3.034039	-0.072817
 729	3.6400e-01	10.8703	12.542755	0.000179	1.791002	0.606808	-0.014563
 730	3.6450e-01	10.8318	12.287895	0.000627	6.268506	2.123827	-0.050972
 731	3.6500e-01	10.8206	12.469938	-0.000448	-4.477504	-1.517019	0.036409
 732	3.6550e-01	10.7756	12.069443	0.000985	9.850509	3.337443	-0.080099
 733	3.6600e-01	10.7564	12.287895	-0.000537	-5.373005	-1.820423	0.043690
 734	3.6650e-01	10.7066	12.033035	0.000627	6.268506	2.123827	-0.050972
 735	3.6700e-01	10.6409	11.960218	0.000179	1.791002	0.606808	-0.014563
 736	3.6750e-01	10.6585	11.814583	-0.000358	-3.582003	-1.213616	-0.029127
 737	3.6800e-01	10.5767	11.414089	0.000985	9.850509	3.337443	-0.080099
 738	3.6850e-01	10.5302	11.632540	-0.000537	-5.373005	-1.820423	0.043690
 739	3.6900e-01	10.5029	11.414089	0.000537	5.373005	1.820423	-0.043690
 740	3.6950e-01	10.4676	11.159229	0.000627	6.268506	2.123827	-0.050972
 741	3.7000e-01	10.4163	11.050003	0.000269	2.686502	0.910212	-0.021845
 742	3.7050e-01	10.3762	11.450497	-0.000985	-9.850509	-3.337443	0.080099
 743	3.7100e-01	10.3264	11.232046	0.000537	5.373005	1.820423	-0.043690
 744	3.7150e-01	10.2976	10.795143	0.001075	10.746010	3.640847	-0.087381
 745	3.7200e-01	10.2462	10.758734	0.000090	0.895501	0.303404	-0.007282
 746	3.7250e-01	10.2158	10.394649	0.000896	8.955008	3.034039	-0.072817
 747	3.7300e-01	10.1644	10.431057	-0.000090	-0.895501	-0.303404	0.007282
 748	3.7350e-01	10.1051	10.722326	-0.000716	-7.164006	-2.427231	0.058254
 749	3.7400e-01	10.1083	10.066972	-0.001612	-16.119014	-5.461270	-0.131071
 750	3.7450e-01	10.0762	10.066972	-0.000000	-0.000000	-0.000000	0.000000
 751	3.7500e-01	10.0200	10.103380	-0.000090	-0.895501	-0.303404	0.007282
 752	3.7550e-01	9.9591	9.812111	0.000716	7.164006	2.427231	-0.058254
 753	3.7600e-01	9.9302	9.884929	-0.000179	-1.791002	-0.606808	0.014563
 754	3.7650e-01	9.8965	9.411617	0.001164	11.641510	3.944251	-0.094662
 755	3.7700e-01	9.8757	9.411617	-0.000000	-0.000000	-0.000000	0.000000
 756	3.7750e-01	9.8356	9.411617	-0.000000	-0.000000	-0.000000	0.000000
 757	3.7800e-01	9.7698	9.156757	0.000627	6.268506	2.123827	-0.050972
 758	3.7850e-01	9.7249	9.120349	0.000090	0.895501	0.303404	-0.007282
 759	3.7900e-01	9.6944	9.193166	-0.000179	-1.791002	-0.606808	0.014563
 760	3.7950e-01	9.6735	9.083940	0.000269	2.686502	0.910212	-0.021845
 761	3.8000e-01	9.6158	8.792671	0.000716	7.164006	2.427231	-0.058254
 762	3.8050e-01	9.5789	8.719854	0.000179	1.791002	0.606808	-0.014563
 763	3.8100e-01	9.5307	8.647037	0.000179	1.791002	0.606808	-0.014563
 764	3.8150e-01	9.4842	8.319360	0.000806	8.059507	2.730635	-0.065535
 765	3.8200e-01	9.4537	8.501403	-0.000448	-4.477504	-1.517019	0.036409
 766	3.8250e-01	9.4249	8.137317	0.000896	8.955008	3.034039	-0.072817
 767	3.8300e-01	9.3912	7.627597	0.001254	12.537011	4.247654	-0.101944
 768	3.8350e-01	9.3254	8.137317	-0.001254	-12.537011	-4.247654	0.101944
 769	3.8400e-01	9.2853	7.627597	0.001254	12.537011	4.247654	-0.101944
 770	3.8450e-01	9.2484	7.773231	-0.000358	-3.582003	-1.213616	0.029127
 771	3.8500e-01	9.2179	7.918865	-0.000358	-3.582003	-1.213616	0.029127
 772	3.8550e-01	9.1890	7.263511	0.001612	16.119014	5.461270	-0.131071
 773	3.8600e-01	9.1249	7.736823	-0.001164	-11.641510	-3.944251	0.094662
 774	3.8650e-01	9.0864	7.299920	0.001075	10.746010	3.640847	-0.087381
 775	3.8700e-01	9.0719	7.045060	0.000627	6.268506	2.123827	-0.050972
 776	3.8750e-01	9.0046	6.935834	0.000269	2.686502	0.910212	-0.021845
 777	3.8800e-01	8.9436	6.753791	0.000448	4.477504	1.517019	-0.036409
 778	3.8850e-01	8.9452	7.081468	0.000806	8.059507	2.730635	0.065535
 779	3.8900e-01	8.8874	6.680974	0.000985	9.850509	3.337443	-0.080099
 780	3.8950e-01	8.8345	6.535340	0.000358	3.582003	1.213616	-0.029127
 781	3.9000e-01	8.7928	6.244071	0.000716	7.164006	2.427231	-0.058254
 782	3.9050e-01	8.7719	5.989211	0.000627	6.268506	2.123827	-0.050972
 783	3.9100e-01	8.7495	6.171254	-0.000448	-4.477504	-1.517019	0.036409
 784	3.9150e-01	8.6661	5.916394	0.000627	6.268506	2.123827	-0.050972
 785	3.9200e-01	8.6613	6.025619	-0.000269	-2.686502	-0.910212	0.021845
 786	3.9250e-01	8.6083	5.734351	0.000716	7.164006	2.427231	-0.058254
 787	3.9300e-01	8.5682	5.734351	-0.000000	-0.000000	-0.000000	0.000000
 788	3.9350e-01	8.5281	5.443082	0.000716	7.164006	2.427231	-0.058254
 789	3.9400e-01	8.4752	5.552308	-0.000269	-2.686502	-0.910212	0.021845
 790	3.9450e-01	8.4495	5.370265	0.000448	4.477504	1.517019	-0.036409
 791	3.9500e-01	8.4415	5.333857	0.000090	0.895501	0.303404	-0.007282
 792	3.9550e-01	8.3741	4.787728	0.001343	13.432512	4.551058	-0.109226
 793	3.9600e-01	8.3276	4.896954	-0.000269	-2.686502	-0.910212	0.021845
 794	3.9650e-01	8.2634	4.678502	0.000537	5.373005	1.820423	-0.043690
 795	3.9700e-01	8.2602	4.787728	-0.000269	-2.686502	-0.910212	0.021845
 796	3.9750e-01	8.2297	4.387234	0.000985	9.850509	3.337443	-0.080099
 797	3.9800e-01	8.1704	4.423642	-0.000090	-0.895501	-0.303404	0.007282
 798	3.9850e-01	8.1383	3.804696	0.001522	15.223514	5.157866	-0.123789
 799	3.9900e-01	8.1110	4.095965	-0.000716	-7.164006	-2.427231	0.058254
 800	3.9950e-01	8.0885	3.877513	0.000537	5.373005	1.820423	-0.043690
 801	4.0000e-01	8.0067	3.586245	0.000716	7.164006	2.427231	-0.058254
 802	4.0050e-01	7.9907	3.913922	-0.000806	-8.059507	-2.730635	0.065535
 803	4.0100e-01	7.9410	3.586245	0.000806	8.059507	2.730635	-0.065535
 804	4.0150e-01	7.9008	3.440611	0.000358	3.582003	1.213616	-0.029127
 805	4.0200e-01	7.8479	3.040116	0.000985	9.850509	3.337443	-0.080099
 806	4.0250e-01	7.7902	3.586245	-0.001343	-13.432512	-4.551058	0.109226
 807	4.0300e-01	7.7773	3.112933	0.001164	11.641510	3.944251	-0.094662
 808	4.0350e-01	7.7517	2.967299	0.000358	3.582003	1.213616	-0.029127
 809	4.0400e-01	7.6955	2.967299	-0.000000	-0.000000	-0.000000	0.000000
 810	4.0450e-01	7.6458	2.930890	0.000090	0.895501	0.303404	-0.007282
 811	4.0500e-01	7.6089	2.530396	0.000985	9.850509	3.337443	-0.080099
 812	4.0550e-01	7.5993	2.676030	-0.000358	-3.582003	-1.213616	0.029127
 813	4.0600e-01	7.5158	2.530396	0.000358	3.582003	1.213616	-0.029127
 814	4.0650e-01	7.5239	2.202719	-0.000806	-8.059507	-2.730635	-0.065535
 815	4.0700e-01	7.4773	2.057085	0.000358	3.582003	1.213616	-0.029127
 816	4.0750e-01	7.4051	1.692999	0.000896	8.955008	3.034039	-0.072817
 817	4.0800e-01	7.3859	1.547365	0.000358	3.582003	1.213616	-0.029127
 818	4.0850e-01	7.3153	1.547365	-0.000000	-0.000000	-0.000000	0.000000
 819	4.0900e-01	7.3025	1.328913	0.000537	5.373005	1.820423	-0.043690
 820	4.0950e-01	7.2479	1.510956	-0.000448	-4.477504	-1.517019	0.036409
 821	4.1000e-01	7.2062	1.110462	0.000985	9.850509	3.337443	-0.080099
 822	4.1050e-01	7.1757	1.365322	-0.000627	-6.268506	-2.123827	0.050972
 823	4.1100e-01	7.1356	0.964827	0.000985	9.850509	3.337443	-0.080099
 824	4.1150e-01	7.0875	0.964827	-0.000000	-0.000000	-0.000000	0.000000
 825	4.1200e-01	7.0554	1.110462	-0.000358	-3.582003	-1.213616	0.029127
 826	4.1250e-01	7.0137	0.527924	0.001433	14.328013	4.854462	-0.116507
 827	4.1300e-01	6.9880	0.709967	-0.000448	-4.477504	-1.517019	0.036409
 828	4.1350e-01	6.9495	0.309473	0.000985	9.850509	3.337443	-0.080099
 829	4.1400e-01	6.8966	0.418699	-0.000269	-2.686502	-0.910212	0.021845
 830	4.1450e-01	6.8517	0.054613	0.000896	8.955008	3.034039	-0.072817
 831	4.1500e-01	6.8260	-0.236656	0.000716	7.164006	2.427231	-0.058254
 832	4.1550e-01	6.7859	-0.054613	-0.000448	-4.477504	-1.517019	0.036409
 833	4.1600e-01	6.7265	-0.200247	0.000358	3.582003	1.213616	-0.029127
 834	4.1650e-01	6.6913	-0.637150	0.001075	10.746010	3.640847	-0.087381
 835	4.1700e-01	6.6608	-0.709967	0.000179	1.791002	0.606808	-0.014563
 836	4.1750e-01	6.6223	-0.527924	-0.000448	-4.477504	-1.517019	0.036409
 837	4.1800e-01	6.6062	-0.892010	0.000896	8.955008	3.034039	-0.072817
 838	4.1850e-01	6.5260	-1.037644	0.000358	3.582003	1.213616	-0.029127
 839	4.1900e-01	6.5036	-1.474547	0.001075	10.746010	3.640847	-0.087381
 840	4.1950e-01	6.4795	-1.328913	-0.000358	-3.582003	-1.213616	0.029127
 841	4.2000e-01	6.4057	-1.583773	0.000627	6.268506	2.123827	-0.050972
 842	4.2050e-01	6.3544	-1.583773	-0.000000	-0.000000	-0.000000	0.000000
 843	4.2100e-01	6.3415	-1.729407	0.000358	3.582003	1.213616	-0.029127
 844	4.2150e-01	6.2709	-1.692999	-0.000090	-0.895501	-0.303404	0.007282
 845	4.2200e-01	6.2421	-1.692999	-0.000000	-0.000000	-0.000000	0.000000
 846	4.2250e-01	6.2084	-2.093493	0.000985	9.850509	3.337443	-0.080099
 847	4.2300e-01	6.2052	-2.057085	-0.000090	-0.895501	-0.303404	0.007282
 848	4.2350e-01	6.1410	-2.129902	0.000179	1.791002	0.606808	-0.014563
 849	4.2400e-01	6.0961	-2.202719	0.000179	1.791002	0.606808	-0.014563
 850	4.2450e-01	6.0447	-2.785256	0.001433	14.328013	4.854462	-0.116507
 851	4.2500e-01	5.9966	-2.566805	-0.000537	-5.373005	-1.820423	0.043690
 852	4.2550e-01	5.9822	-2.785256	0.000537	5.373005	1.820423	-0.043690
 853	4.2600e-01	5.9597	-2.858073	0.000179	1.791002	0.606808	-0.014563
 854	4.2650e-01	5.8972	-3.076525	0.000537	5.373005	1.820423	-0.043690
 855	4.2700e-01	5.8587	-3.185750	0.000269	2.686502	0.910212	-0.021845
 856	4.2750e-01	5.8314	-3.185750	-0.000000	-0.000000	-0.000000	0.000000
 857	4.2800e-01	5.8153	-3.149342	-0.000090	-0.895501	-0.303404	0.007282
 858	4.2850e-01	5.7496	-3.513428	0.000896	8.955008	3.034039	-0.072817
 859	4.2900e-01	5.6838	-3.986739	0.001164	11.641510	3.944251	-0.094662
 860	4.2950e-01	5.6517	-4.205191	0.000537	5.373005	1.820423	-0.043690
 861	4.3000e-01	5.6004	-3.950331	-0.000627	-6.268506	-2.123827	0.050972
 862	4.3050e-01	5.6052	-4.387234	-0.001075	-10.746010	-3.640847	-0.087381
 863	4.3100e-01	5.5298	-4.350825	-0.000090	-0.895501	-0.303404	0.007282
 864	4.3150e-01	5.5041	-4.423642	0.000179	1.791002	0.606808	-0.014563
 865	4.3200e-01	5.4335	-4.896954	0.001164	11.641510	3.944251	-0.094662
 866	4.3250e-01	5.4319	-4.714911	-0.000448	-4.477504	-1.517019	0.036409
 867	4.3300e-01	5.3694	-4.860545	0.000358	3.582003	1.213616	-0.029127
 868	4.3350e-01	5.3196	-5.115405	0.000627	6.268506	2.123827	-0.050972
 869	4.3400e-01	5.2972	-5.188222	0.000179	1.791002	0.606808	-0.014563
 870	4.3450e-01	5.2346	-5.261039	0.000179	1.791002	0.606808	-0.014563
 871	4.3500e-01	5.2362	-5.552308	-0.000716	-7.164006	-2.427231	-0.058254
 872	4.3550e-01	5.1720	-5.333857	-0.000537	-5.373005	-1.820423	0.043690
 873	4.3600e-01	5.1464	-5.625125	0.000716	7.164006	2.427231	-0.058254
 874	4.3650e-01	5.1095	-5.916394	0.000716	7.164006	2.427231	-0.058254
 875	4.3700e-01	5.0806	-6.171254	0.000627	6.268506	2.123827	-0.050972
 876	4.3750e-01	5.0148	-5.916394	-0.000627	-6.268506	-2.123827	0.050972
 877	4.3800e-01	4.9763	-6.280480	0.000896	8.955008	3.034039	-0.072817
 878	4.3850e-01	4.9795	-6.389705	-0.000269	-2.686502	-0.910212	-0.021845
 879	4.3900e-01	4.9186	-6.498931	0.000269	2.686502	0.910212	-0.021845
 880	4.3950e-01	4.8512	-7.081468	0.001433	14.328013	4.854462	-0.116507
 881	4.4000e-01	4.8047	-6.717382	-0.000896	-8.955008	-3.034039	0.072817
 882	4.4050e-01	4.7373	-7.190694	0.001164	11.641510	3.944251	-0.094662
 883	4.4100e-01	4.7357	-7.008651	-0.000448	-4.477504	-1.517019	0.036409
 884	4.4150e-01	4.6763	-7.299920	0.000716	7.164006	2.427231	-0.058254
 885	4.4200e-01	4.6523	-7.554780	0.000627	6.268506	2.123827	-0.050972
 886	4.4250e-01	4.5945	-7.445554	-0.000269	-2.686502	-0.910212	0.021845
 887	4.4300e-01	4.5849	-7.627597	0.000448	4.477504	1.517019	-0.036409
 888	4.4350e-01	4.5528	-7.918865	0.000716	7.164006	2.427231	-0.058254
 889	4.4400e-01	4.5031	-8.028091	0.000269	2.686502	0.910212	-0.021845
 890	4.4450e-01	4.4614	-8.428586	0.000985	9.850509	3.337443	-0.080099
 891	4.4500e-01	4.4116	-8.574220	0.000358	3.582003	1.213616	-0.029127
 892	4.4550e-01	4.3780	-8.537811	-0.000090	-0.895501	-0.303404	0.007282
 893	4.4600e-01	4.3459	-8.610628	0.000179	1.791002	0.606808	-0.014563
 894	4.4650e-01	4.2961	-8.574220	-0.000090	-0.895501	-0.303404	0.007282
 895	4.4700e-01	4.2464	-8.901897	0.000806	8.059507	2.730635	-0.065535
 896	4.4750e-01	4.2288	-9.011123	0.000269	2.686502	0.910212	-0.021845
 897	4.4800e-01	4.1726	-9.265983	0.000627	6.268506	2.123827	-0.050972
 898	4.4850e-01	4.1566	-9.302391	0.000090	0.895501	0.303404	-0.007282
 899	4.4900e-01	4.1020	-9.593660	0.000716	7.164006	2.427231	-0.058254
 900	4.4950e-01	4.0699	-9.702886	0.000269	2.686502	0.910212	-0.021845
 901	4.5000e-01	3.9977	-9.666477	-0.000090	-0.895501	-0.303404	0.007282
 902	4.5050e-01	3.9785	-10.066972	0.000985	9.850509	3.337443	-0.080099
 903	4.5100e-01	3.9191	-9.957746	-0.000269	-2.686502	-0.910212	0.021845
 904	4.5150e-01	3.8887	-10.321832	0.000896	8.955008	3.034039	-0.072817
 905	4.5200e-01	3.8774	-10.285423	-0.000090	-0.895501	-0.303404	0.007282
 906	4.5250e-01	3.8357	-10.649509	0.000896	8.955008	3.034039	-0.072817
 907	4.5300e-01	3.7956	-10.904369	0.000627	6.268506	2.123827	-0.050972
 908	4.5350e-01	3.7347	-10.940777	0.000090	0.895501	0.303404	-0.007282
 909	4.5400e-01	3.7042	-10.977186	0.000090	0.895501	0.303404	-0.007282
 910	4.5450e-01	3.6593	-11.195637	0.000537	5.373005	1.820423	-0.043690
 911	4.5500e-01	3.6208	-11.159229	-0.000090	-0.895501	-0.303404	0.007282
 912	4.5550e-01	3.5614	-11.304863	0.000358	3.582003	1.213616	-0.029127
 913	4.5600e-01	3.5373	-11.923809	0.001522	15.223514	5.157866	-0.123789
 914	4.5650e-01	3.5309	-12.033035	0.000269	2.686502	0.910212	-0.021845
 915	4.5700e-01	3.4571	-12.215078	0.000448	4.477504	1.517019	-0.036409
 916	4.5750e-01	3.4395	-12.324303	0.000269	2.686502	0.910212	-0.021845
 917	4.5800e-01	3.3769	-12.105852	-0.000537	-5.373005	-1.820423	0.043690
 918	4.5850e-01	3.3400	-12.579163	0.001164	11.641510	3.944251	-0.094662
 919	4.5900e-01	3.3176	-12.615572	0.000090	0.895501	0.303404	-0.007282
 920	4.5950e-01	3.2710	-12.797615	0.000448	4.477504	1.517019	-0.036409
 921	4.6000e-01	3.2614	-13.270926	0.001164	11.641510	3.944251	-0.094662
 922	4.6050e-01	3.1716	-13.234518	-0.000090	-0.895501	-0.303404	0.007282
 923	4.6100e-01	3.1587	-13.016066	-0.000537	-5.373005	-1.820423	0.043690
 924	4.6150e-01	3.1042	-12.943249	-0.000179	-1.791002	-0.606808	0.014563
 925	4.6200e-01	3.0513	-13.780646	0.002060	20.596518	6.978289	-0.167479
 926	4.6250e-01	3.0079	-13.525786	-0.000627	-6.268506	-2.123827	0.050972
 927	4.6300e-01	2.9710	-13.926281	0.000985	9.850509	3.337443	-0.080099
 928	4.6350e-01	2.9374	-14.181141	0.000627	6.268506	2.123827	-0.050972
 929	4.6400e-01	2.8988	-14.144732	-0.000090	-0.895501	-0.303404	0.007282
 930	4.6450e-01	2.8555	-14.472409	0.000806	8.059507	2.730635	-0.065535
 931	4.6500e-01	2.8074	-14.654452	0.000448	4.477504	1.517019	-0.036409
 932	4.6550e-01	2.7721	-14.945721	0.000716	7.164006	2.427231	-0.058254
 933	4.6600e-01	2.7513	-14.654452	-0.000716	-7.164006	-2.427231	0.058254
 934	4.6650e-01	2.6871	-15.309807	0.001612	16.119014	5.461270	-0.131071
 935	4.6700e-01	2.6646	-15.127764	-0.000448	-4.477504	-1.517019	0.036409
 936	4.6750e-01	2.6470	-15.601075	0.001164	11.641510	3.944251	-0.094662
 937	4.6800e-01	2.5652	-15.382624	-0.000537	-5.373005	-1.820423	0.043690
 938	4.6850e-01	2.5202	-15.601075	0.000537	5.373005	1.820423	-0.043690
 939	4.6900e-01	2.4801	-15.928752	0.000806	8.059507	2.730635	-0.065535
 940	4.6950e-01	2.4801	-15.637484	-0.000716	-7.164006	-2.427231	0.058254
 941	4.7000e-01	2.4176	-16.220021	0.001433	14.328013	4.854462	-0.116507
 942	4.7050e-01	2.3823	-16.547698	0.000806	8.059507	2.730635	-0.065535
 943	4.7100e-01	2.3374	-16.438472	-0.000269	-2.686502	-0.910212	0.021845
 944	4.7150e-01	2.3053	-16.474881	0.000090	0.895501	0.303404	-0.007282
 945	4.7200e-01	2.2395	-16.693333	0.000537	5.373005	1.820423	-0.043690
 946	4.7250e-01	2.1914	-17.057418	0.000896	8.955008	3.034039	-0.072817
 947	4.7300e-01	2.1577	-17.239461	0.000448	4.477504	1.517019	-0.036409
 948	4.7350e-01	2.1320	-17.312278	0.000179	1.791002	0.606808	-0.014563
 949	4.7400e-01	2.1096	-17.603547	0.000716	7.164006	2.427231	-0.058254
 950	4.7450e-01	2.0727	-17.821998	0.000537	5.373005	1.820423	-0.043690
 951	4.7500e-01	2.0165	-18.004041	0.000448	4.477504	1.517019	-0.036409
 952	4.7550e-01	1.9443	-18.149676	0.000358	3.582003	1.213616	-0.029127
 953	4.7600e-01	1.9524	-18.222493	-0.000179	-1.791002	-0.606808	-0.014563
 954	4.7650e-01	1.8802	-18.295310	0.000179	1.791002	0.606808	-0.014563
 955	4.7700e-01	1.8561	-18.550170	0.000627	6.268506	2.123827	-0.050972
 956	4.7750e-01	1.8288	-18.841439	0.000716	7.164006	2.427231	-0.058254
 957	4.7800e-01	1.7775	-19.132707	0.000716	7.164006	2.427231	-0.058254
 958	4.7850e-01	1.7117	-19.059890	-0.000179	-1.791002	-0.606808	0.014563
 959	4.7900e-01	1.6780	-19.423976	0.000896	8.955008	3.034039	-0.072817
 960	4.7950e-01	1.6395	-19.788062	0.000896	8.955008	3.034039	-0.072817
 961	4.8000e-01	1.6235	-19.788062	-0.000000	-0.000000	-0.000000	0.000000
 962	4.8050e-01	1.5882	-19.897287	0.000269	2.686502	0.910212	-0.021845
 963	4.8100e-01	1.5160	-20.042922	0.000358	3.582003	1.213616	-0.029127
 964	4.8150e-01	1.5000	-20.370599	0.000806	8.059507	2.730635	-0.065535
 965	4.8200e-01	1.4663	-20.552642	0.000448	4.477504	1.517019	-0.036409
 966	4.8250e-01	1.4101	-20.589050	0.000090	0.895501	0.303404	-0.007282
 967	4.8300e-01	1.4069	-20.843910	0.000627	6.268506	2.123827	-0.050972
 968	4.8350e-01	1.3235	-20.807502	-0.000090	-0.895501	-0.303404	0.007282
 969	4.8400e-01	1.3107	-20.989545	0.000448	4.477504	1.517019	-0.036409
 970	4.8450e-01	1.2417	-21.353630	0.000896	8.955008	3.034039	-0.072817
 971	4.8500e-01	1.2321	-21.572082	0.000537	5.373005	1.820423	-0.043690
 972	4.8550e-01	1.1502	-21.426448	-0.000358	-3.582003	-1.213616	0.029127
 973	4.8600e-01	1.1246	-22.045393	0.001522	15.223514	5.157866	-0.123789
 974	4.8650e-01	1.1085	-22.227436	0.000448	4.477504	1.517019	-0.036409
 975	4.8700e-01	1.0588	-22.263845	0.000090	0.895501	0.303404	-0.007282
 976	4.8750e-01	1.0540	-22.373071	0.000269	2.686502	0.910212	-0.021845
 977	4.8800e-01	1.0026	-22.591522	0.000537	5.373005	1.820423	-0.043690
 978	4.8850e-01	0.9321	-22.809973	0.000537	5.373005	1.820423	-0.043690
 979	4.8900e-01	0.8952	-22.919199	0.000269	2.686502	0.910212	-0.021845
 980	4.8950e-01	0.8502	-23.501736	0.001433	14.328013	4.854462	-0.116507
 981	4.9000e-01	0.8310	-23.465328	-0.000090	-0.895501	-0.303404	0.007282
 982	4.9050e-01	0.7845	-23.574554	0.000269	2.686502	0.910212	-0.021845
 983	4.9100e-01	0.7556	-23.793005	0.000537	5.373005	1.820423	-0.043690
 984	4.9150e-01	0.6866	-24.011457	0.000537	5.373005	1.820423	-0.043690
 985	4.9200e-01	0.6497	-24.375542	0.000896	8.955008	3.034039	-0.072817
 986	4.9250e-01	0.6401	-24.593994	0.000537	5.373005	1.820423	-0.043690
 987	4.9300e-01	0.5855	-24.885262	0.000716	7.164006	2.427231	-0.058254
 988	4.9350e-01	0.5246	-24.703219	-0.000448	-4.477504	-1.517019	0.036409
 989	4.9400e-01	0.4813	-25.067305	0.000896	8.955008	3.034039	-0.072817
 990	4.9450e-01	0.4396	-25.212940	0.000358	3.582003	1.213616	-0.029127
 991	4.9500e-01	0.4059	-25.613434	0.000985	9.850509	3.337443	-0.080099
 992	4.9550e-01	0.4155	-25.868294	-0.000627	-6.268506	-2.123827	-0.050972
 993	4.9600e-01	0.3337	-25.795477	-0.000179	-1.791002	-0.606808	0.014563
 994	4.9650e-01	0.3000	-26.013928	0.000537	5.373005	1.820423	-0.043690
 995	4.9700e-01	0.2454	-26.159563	0.000358	3.582003	1.213616	-0.029127
 996	4.9750e-01	0.2390	-26.487240	0.000806	8.059507	2.730635	-0.065535
 997	4.9800e-01	0.2069	-26.996960	0.001254	12.537011	4.247654	-0.101944
 998	4.9850e-01	0.1203	-26.851326	-0.000358	-3.582003	-1.213616	0.029127
 999	4.9900e-01	0.1059	-27.215411	0.000896	8.955008	3.034039	-0.072817
1000	4.9950e-01	0.0850	-27.106186	-0.000269	-2.686502	-0.910212	0.021845
1001	5.0000e-01	0.0481	-27.797949	-0.000269	-2.686502	-0.910212	-0.138353

PMax (uC/cm2):	6.78e+01
Pr (uC/cm2):	6.30e+00
-Pr (uC/cm2):	0.00e+00
PLoss (uC/cm2):	0.00e+00
C (Max-Eff) (nF):	3.39e-01
K (Eff):	1.15e+03
Vert. (+/-Pr) Shift (uC/cm2):	3.15e+00
Offset (uC/cm2):	3.41e+01

A (Loop Area - uC/cm2·Volts):	-4.24e-02



Hysteresis Version: 5.48.1 - Radiant Technologies, Inc., 1999 - 9/12/24

