»»»»»»»»»»»»»»»»»»»»»»»»»»»»»»»»»»»» Hysteresis ««««««««««««««««««««««««««««««««««««
»»»  Executed Version:	5.48.1
»»»  Vision Version:	5.48.4 (R)
»»»  Vision Compiled:	9/18/24
»»»  Driver Version:	5.47.0
»»»  Windows Version:	Windows 8 or 8.1
»»»  Processor Information:	x86 (AMD or Intel) - 32 Processors
»»»  Tester Name:	PMF21124-494 (100V)
»»»  Tester S/N:	PMF21124-494
»»»  Internal Amp Type:	100V RevK 270k
»»»  Internal Amp S/N:	iAB2-596/K     
»»»  Execution Count:	1
»»»»»»»»»»»»»»»»»»»»»»»»»»»»»»»»»»»»»»»»»»««««««««««««««««««««««««««««««««««««««««««

Stored:	10/7/2025 - 17:57:47
Configured:	10/07/25 05:55:09 PM
Executed:	10/07/25 05:56:49 PM

»»»»»»»»»»»»»»»»»»»»»»»»»»»»»»»»»»» Sample Info ««««««««««««««««««««««««««««««««««««
Sample Name:	Int. Ref. Ferroelectric
Lot Name:	N/A
Wafer Name:	N/A
Die Row/Column:	0/0
Capacitor Number:	0
Sample Area (cm2):	1.00e-04
Sample Thickness (microns):	3.00e-01

Amplifier:	Internal

»»»»»»»»»»»»»»»»»»»»»»»»»»»»»»»»»»» Tester Info «««««««««««««««««««««««««««««««««««
Tester Name:	PMF21124-494 (100V)
Tester Serial Number:	PMF21124-494
Return Signal Amp. Level:	0.02 [Index: 2]

»»»»»»»»»»»»»»»»»»»»»»»»»»»»»»»» Hysteresis Info ««««««««««««««««««««««««««««««««««
Task Name:	Hyst-1
Volts:	20.00
Field:	666.67 (kV/cm)
DCBias:	0.00
DCField:	0.00 (kV/cm)
Hysteresis Period (ms):	5.00e-01
Preset:	Enabled
Preset Delay (ms):	1.00e+03
Profile:	Standard Monopolar

»»»»»»»»»»»»»»»»»»»»»»»»»»»»»»»»»»»»»» Data «««««««««««««««««««««««««««««««««««««««
Points:	1001

Valid Data

Point	Time (ms)	Drive Voltage	Measured Polarization (uC/cm2)	Capacitance (uF)	Normalized Capacitance (uF/cm2)	Dielectric Constant	Instantaneous Current (mA)
   1	0.0000e+00	0.0337	-49.715912	0.000089	0.889452	0.301355	-0.007282
   2	5.0000e-04	0.0289	-49.752320	0.000089	0.889452	0.301355	-0.007282
   3	1.0000e-03	0.1171	-49.897955	-0.000356	-3.557809	-1.205418	-0.029127
   4	1.5000e-03	0.1620	-49.752320	0.000356	3.557809	1.205418	0.029127
   5	2.0000e-03	0.1684	-49.825138	-0.000178	-1.778904	-0.602709	-0.014563
   6	2.5000e-03	0.2310	-49.643095	0.000445	4.447261	1.506773	0.036409
   7	3.0000e-03	0.2358	-49.897955	-0.000623	-6.226166	-2.109482	-0.050972
   8	3.5000e-03	0.2615	-49.606686	0.000712	7.115618	2.410837	0.058254
   9	4.0000e-03	0.3353	-49.752320	-0.000356	-3.557809	-1.205418	-0.029127
  10	4.5000e-03	0.3898	-49.643095	0.000267	2.668357	0.904064	0.021845
  11	5.0000e-03	0.4075	-49.315417	0.000801	8.005070	2.712191	0.065535
  12	5.5000e-03	0.4749	-49.351826	-0.000089	-0.889452	-0.301355	-0.007282
  13	6.0000e-03	0.5406	-49.169783	0.000445	4.447261	1.506773	0.036409
  14	6.5000e-03	0.5567	-49.096966	0.000178	1.778904	0.602709	0.014563
  15	7.0000e-03	0.5839	-48.987740	0.000267	2.668357	0.904064	0.021845
  16	7.5000e-03	0.6176	-48.550837	0.001067	10.673427	3.616255	0.087381
  17	8.0000e-03	0.6529	-48.550837	0.000000	0.000000	0.000000	0.000000
  18	8.5000e-03	0.7267	-48.514429	0.000089	0.889452	0.301355	0.007282
  19	9.0000e-03	0.7379	-48.186752	0.000801	8.005070	2.712191	0.065535
  20	9.5000e-03	0.7813	-47.895483	0.000712	7.115618	2.410837	0.058254
  21	1.0000e-02	0.8198	-47.895483	0.000000	0.000000	0.000000	0.000000
  22	1.0500e-02	0.8567	-47.895483	0.000000	0.000000	0.000000	0.000000
  23	1.1000e-02	0.8871	-47.349354	0.001334	13.341783	4.520319	0.109226
  24	1.1500e-02	0.9353	-47.276537	0.000178	1.778904	0.602709	0.014563
  25	1.2000e-02	0.9770	-46.985269	0.000712	7.115618	2.410837	0.058254
  26	1.2500e-02	1.0042	-46.839634	0.000356	3.557809	1.205418	0.029127
  27	1.3000e-02	1.0315	-46.694000	0.000356	3.557809	1.205418	0.029127
  28	1.3500e-02	1.0700	-46.402731	0.000712	7.115618	2.410837	0.058254
  29	1.4000e-02	1.1326	-46.147871	0.000623	6.226166	2.109482	0.050972
  30	1.4500e-02	1.1759	-46.111463	0.000089	0.889452	0.301355	0.007282
  31	1.5000e-02	1.2192	-45.310474	0.001957	19.567949	6.629801	0.160198
  32	1.5500e-02	1.2577	-45.310474	0.000000	0.000000	0.000000	0.000000
  33	1.6000e-02	1.3042	-45.383291	-0.000178	-1.778904	-0.602709	-0.014563
  34	1.6500e-02	1.2978	-44.727937	-0.001601	-16.010140	-5.424382	0.131071
  35	1.7000e-02	1.3845	-45.128431	-0.000978	-9.783975	-3.314900	-0.080099
  36	1.7500e-02	1.4310	-44.545894	0.001423	14.231236	4.821673	0.116507
  37	1.8000e-02	1.4149	-44.582302	0.000089	0.889452	0.301355	-0.007282
  38	1.8500e-02	1.4534	-43.708497	0.002135	21.346854	7.232510	0.174761
  39	1.9000e-02	1.5401	-43.890540	-0.000445	-4.447261	-1.506773	-0.036409
  40	1.9500e-02	1.5738	-43.271594	0.001512	15.120688	5.123028	0.123789
  41	2.0000e-02	1.6139	-43.125959	0.000356	3.557809	1.205418	0.029127
  42	2.0500e-02	1.6556	-43.053142	0.000178	1.778904	0.602709	0.014563
  43	2.1000e-02	1.6828	-42.761874	0.000712	7.115618	2.410837	0.058254
  44	2.1500e-02	1.7647	-42.397788	0.000889	8.894522	3.013546	0.072817
  45	2.2000e-02	1.7919	-42.033702	0.000889	8.894522	3.013546	0.072817
  46	2.2500e-02	1.8545	-41.414756	0.001512	15.120688	5.123028	0.123789
  47	2.3000e-02	1.8465	-41.414756	-0.000000	-0.000000	-0.000000	0.000000
  48	2.3500e-02	1.8978	-41.196305	0.000534	5.336713	1.808127	0.043690
  49	2.4000e-02	1.9540	-40.905036	0.000712	7.115618	2.410837	0.058254
  50	2.4500e-02	1.9636	-40.431725	0.001156	11.562879	3.917609	0.094662
  51	2.5000e-02	1.9780	-40.395316	0.000089	0.889452	0.301355	0.007282
  52	2.5500e-02	2.0470	-39.958413	0.001067	10.673427	3.616255	0.087381
  53	2.6000e-02	2.0967	-39.849187	0.000267	2.668357	0.904064	0.021845
  54	2.6500e-02	2.1368	-39.048199	0.001957	19.567949	6.629801	0.160198
  55	2.7000e-02	2.2122	-39.485102	-0.001067	-10.673427	-3.616255	-0.087381
  56	2.7500e-02	2.1994	-38.684113	-0.001957	-19.567949	-6.629801	0.160198
  57	2.8000e-02	2.2267	-38.356436	0.000801	8.005070	2.712191	0.065535
  58	2.8500e-02	2.2604	-38.174393	0.000445	4.447261	1.506773	0.036409
  59	2.9000e-02	2.3037	-37.919533	0.000623	6.226166	2.109482	0.050972
  60	2.9500e-02	2.3582	-37.555447	0.000889	8.894522	3.013546	0.072817
  61	3.0000e-02	2.3935	-37.191361	0.000889	8.894522	3.013546	0.072817
  62	3.0500e-02	2.4769	-36.863684	0.000801	8.005070	2.712191	0.065535
  63	3.1000e-02	2.4753	-36.863684	-0.000000	-0.000000	-0.000000	0.000000
  64	3.1500e-02	2.5299	-36.390373	0.001156	11.562879	3.917609	0.094662
  65	3.2000e-02	2.5780	-36.062695	0.000801	8.005070	2.712191	0.065535
  66	3.2500e-02	2.6277	-35.735018	0.000801	8.005070	2.712191	0.065535
  67	3.3000e-02	2.6534	-35.516567	0.000534	5.336713	1.808127	0.043690
  68	3.3500e-02	2.6839	-35.006847	0.001245	12.452331	4.218964	0.101944
  69	3.4000e-02	2.7384	-35.225298	-0.000534	-5.336713	-1.808127	-0.043690
  70	3.4500e-02	2.7946	-34.679170	0.001334	13.341783	4.520319	0.109226
  71	3.5000e-02	2.7994	-33.987407	0.001690	16.899592	5.725737	0.138353
  72	3.5500e-02	2.8234	-34.023815	-0.000089	-0.889452	-0.301355	-0.007282
  73	3.6000e-02	2.9005	-34.096632	-0.000178	-1.778904	-0.602709	-0.014563
  74	3.6500e-02	2.9293	-33.404869	0.001690	16.899592	5.725737	0.138353
  75	3.7000e-02	2.9694	-33.332052	0.000178	1.778904	0.602709	0.014563
  76	3.7500e-02	3.0304	-32.895149	0.001067	10.673427	3.616255	0.087381
  77	3.8000e-02	3.0368	-32.640289	0.000623	6.226166	2.109482	0.050972
  78	3.8500e-02	3.0962	-31.948526	0.001690	16.899592	5.725737	0.138353
  79	3.9000e-02	3.1684	-31.839301	0.000267	2.668357	0.904064	0.021845
  80	3.9500e-02	3.1427	-31.912118	0.000178	1.778904	0.602709	-0.014563
  81	4.0000e-02	3.2117	-31.329580	0.001423	14.231236	4.821673	0.116507
  82	4.0500e-02	3.2389	-31.220355	0.000267	2.668357	0.904064	0.021845
  83	4.1000e-02	3.2951	-30.819860	0.000978	9.783975	3.314900	0.080099
  84	4.1500e-02	3.3143	-30.856269	-0.000089	-0.889452	-0.301355	-0.007282
  85	4.2000e-02	3.3689	-30.164506	0.001690	16.899592	5.725737	0.138353
  86	4.2500e-02	3.4138	-30.055280	0.000267	2.668357	0.904064	0.021845
  87	4.3000e-02	3.4587	-29.946055	0.000267	2.668357	0.904064	0.021845
  88	4.3500e-02	3.5085	-29.254292	0.001690	16.899592	5.725737	0.138353
  89	4.4000e-02	3.5389	-28.963023	0.000712	7.115618	2.410837	0.058254
  90	4.4500e-02	3.5742	-29.108657	-0.000356	-3.557809	-1.205418	-0.029127
  91	4.5000e-02	3.6432	-28.344077	0.001868	18.678497	6.328446	0.152916
  92	4.5500e-02	3.6480	-28.380486	-0.000089	-0.889452	-0.301355	-0.007282
  93	4.6000e-02	3.6544	-28.089217	0.000712	7.115618	2.410837	0.058254
  94	4.6500e-02	3.7395	-28.125626	-0.000089	-0.889452	-0.301355	-0.007282
  95	4.7000e-02	3.7876	-27.361046	0.001868	18.678497	6.328446	0.152916
  96	4.7500e-02	3.7956	-27.397454	-0.000089	-0.889452	-0.301355	-0.007282
  97	4.8000e-02	3.8871	-26.814917	0.001423	14.231236	4.821673	0.116507
  98	4.8500e-02	3.8855	-26.924143	0.000267	2.668357	0.904064	-0.021845
  99	4.9000e-02	3.9432	-26.523648	0.000978	9.783975	3.314900	0.080099
 100	4.9500e-02	3.9737	-26.341605	0.000445	4.447261	1.506773	0.036409
 101	5.0000e-02	4.0218	-26.013928	0.000801	8.005070	2.712191	0.065535
 102	5.0500e-02	4.0603	-26.013928	0.000000	0.000000	0.000000	0.000000
 103	5.1000e-02	4.0812	-25.722660	0.000712	7.115618	2.410837	0.058254
 104	5.1500e-02	4.1405	-25.358574	0.000889	8.894522	3.013546	0.072817
 105	5.2000e-02	4.1646	-25.285757	0.000178	1.778904	0.602709	0.014563
 106	5.2500e-02	4.2111	-24.921671	0.000889	8.894522	3.013546	0.072817
 107	5.3000e-02	4.2592	-24.229908	0.001690	16.899592	5.725737	0.138353
 108	5.3500e-02	4.2945	-24.302725	-0.000178	-1.778904	-0.602709	-0.014563
 109	5.4000e-02	4.3218	-24.593994	-0.000712	-7.115618	-2.410837	-0.058254
 110	5.4500e-02	4.3956	-24.157091	0.001067	10.673427	3.616255	0.087381
 111	5.5000e-02	4.4148	-23.938639	0.000534	5.336713	1.808127	0.043690
 112	5.5500e-02	4.4646	-23.610962	0.000801	8.005070	2.712191	0.065535
 113	5.6000e-02	4.4854	-23.356102	0.000623	6.226166	2.109482	0.050972
 114	5.6500e-02	4.5287	-22.992016	0.000889	8.894522	3.013546	0.072817
 115	5.7000e-02	4.5689	-22.591522	0.000978	9.783975	3.314900	0.080099
 116	5.7500e-02	4.6170	-22.373071	0.000534	5.336713	1.808127	0.043690
 117	5.8000e-02	4.6555	-22.373071	0.000000	0.000000	0.000000	0.000000
 118	5.8500e-02	4.6555	-22.227436	-0.000356	-3.557809	-1.205418	0.029127
 119	5.9000e-02	4.7213	-21.572082	0.001601	16.010140	5.424382	0.131071
 120	5.9500e-02	4.7566	-21.462856	0.000267	2.668357	0.904064	0.021845
 121	6.0000e-02	4.7999	-21.025953	0.001067	10.673427	3.616255	0.087381
 122	6.0500e-02	4.8640	-20.880319	0.000356	3.557809	1.205418	0.029127
 123	6.1000e-02	4.8833	-20.552642	0.000801	8.005070	2.712191	0.065535
 124	6.1500e-02	4.9234	-20.552642	0.000000	0.000000	0.000000	0.000000
 125	6.2000e-02	5.0084	-20.407007	0.000356	3.557809	1.205418	0.029127
 126	6.2500e-02	5.0437	-19.897287	0.001245	12.452331	4.218964	0.101944
 127	6.3000e-02	5.0357	-19.933696	0.000089	0.889452	0.301355	-0.007282
 128	6.3500e-02	5.1095	-19.241933	0.001690	16.899592	5.725737	0.138353
 129	6.4000e-02	5.1656	-19.241933	0.000000	0.000000	0.000000	0.000000
 130	6.4500e-02	5.1849	-19.059890	0.000445	4.447261	1.506773	0.036409
 131	6.5000e-02	5.1929	-18.877847	0.000445	4.447261	1.506773	0.036409
 132	6.5500e-02	5.2924	-18.295310	0.001423	14.231236	4.821673	0.116507
 133	6.6000e-02	5.2940	-18.295310	0.000000	0.000000	0.000000	0.000000
 134	6.6500e-02	5.3549	-17.967633	0.000801	8.005070	2.712191	0.065535
 135	6.7000e-02	5.3966	-17.712773	0.000623	6.226166	2.109482	0.050972
 136	6.7500e-02	5.4191	-17.567138	0.000356	3.557809	1.205418	0.029127
 137	6.8000e-02	5.4400	-17.312278	0.000623	6.226166	2.109482	0.050972
 138	6.8500e-02	5.4977	-16.948193	0.000889	8.894522	3.013546	0.072817
 139	6.9000e-02	5.5154	-16.984601	-0.000089	-0.889452	-0.301355	-0.007282
 140	6.9500e-02	5.5667	-16.474881	0.001245	12.452331	4.218964	0.101944
 141	7.0000e-02	5.6148	-16.256430	0.000534	5.336713	1.808127	0.043690
 142	7.0500e-02	5.6549	-16.037978	0.000534	5.336713	1.808127	0.043690
 143	7.1000e-02	5.6822	-15.491849	0.001334	13.341783	4.520319	0.109226
 144	7.1500e-02	5.7239	-15.601075	-0.000267	-2.668357	-0.904064	-0.021845
 145	7.2000e-02	5.7528	-15.200581	0.000978	9.783975	3.314900	0.080099
 146	7.2500e-02	5.8057	-15.273398	-0.000178	-1.778904	-0.602709	-0.014563
 147	7.3000e-02	5.8410	-14.618044	0.001601	16.010140	5.424382	0.131071
 148	7.3500e-02	5.8827	-14.144732	0.001156	11.562879	3.917609	0.094662
 149	7.4000e-02	5.9244	-14.326775	-0.000445	-4.447261	-1.506773	-0.036409
 150	7.4500e-02	6.0046	-14.035506	0.000712	7.115618	2.410837	0.058254
 151	7.5000e-02	5.9934	-14.071915	0.000089	0.889452	0.301355	-0.007282
 152	7.5500e-02	6.0544	-13.489378	0.001423	14.231236	4.821673	0.116507
 153	7.6000e-02	6.0624	-13.198109	0.000712	7.115618	2.410837	0.058254
 154	7.6500e-02	6.1346	-13.270926	-0.000178	-1.778904	-0.602709	-0.014563
 155	7.7000e-02	6.1827	-12.651980	0.001512	15.120688	5.123028	0.123789
 156	7.7500e-02	6.2164	-12.433529	0.000534	5.336713	1.808127	0.043690
 157	7.8000e-02	6.2742	-12.360712	0.000178	1.778904	0.602709	0.014563
 158	7.8500e-02	6.2998	-11.960218	0.000978	9.783975	3.314900	0.080099
 159	7.9000e-02	6.3191	-12.105852	-0.000356	-3.557809	-1.205418	-0.029127
 160	7.9500e-02	6.3608	-11.377680	0.001779	17.789045	6.027091	0.145634
 161	8.0000e-02	6.4041	-11.232046	0.000356	3.557809	1.205418	0.029127
 162	8.0500e-02	6.4715	-11.450497	-0.000534	-5.336713	-1.808127	-0.043690
 163	8.1000e-02	6.4266	-11.086412	-0.000889	-8.894522	-3.013546	0.072817
 164	8.1500e-02	6.5469	-10.867960	0.000534	5.336713	1.808127	0.043690
 165	8.2000e-02	6.5324	-10.758734	-0.000267	-2.668357	-0.904064	0.021845
 166	8.2500e-02	6.6014	-10.358240	0.000978	9.783975	3.314900	0.080099
 167	8.3000e-02	6.6383	-9.848520	0.001245	12.452331	4.218964	0.101944
 168	8.3500e-02	6.6736	-9.957746	-0.000267	-2.668357	-0.904064	-0.021845
 169	8.4000e-02	6.7009	-9.265983	0.001690	16.899592	5.725737	0.138353
 170	8.4500e-02	6.7362	-9.630069	-0.000889	-8.894522	-3.013546	-0.072817
 171	8.5000e-02	6.8324	-9.156757	0.001156	11.562879	3.917609	0.094662
 172	8.5500e-02	6.8404	-8.683446	0.001156	11.562879	3.917609	0.094662
 173	8.6000e-02	6.8661	-8.829080	-0.000356	-3.557809	-1.205418	-0.029127
 174	8.6500e-02	6.9463	-8.392177	0.001067	10.673427	3.616255	0.087381
 175	8.7000e-02	6.9640	-8.173726	0.000534	5.336713	1.808127	0.043690
 176	8.7500e-02	7.0121	-8.210134	-0.000089	-0.889452	-0.301355	-0.007282
 177	8.8000e-02	7.0682	-7.664005	0.001334	13.341783	4.520319	0.109226
 178	8.8500e-02	7.0763	-7.336328	0.000801	8.005070	2.712191	0.065535
 179	8.9000e-02	7.1164	-7.372737	-0.000089	-0.889452	-0.301355	-0.007282
 180	8.9500e-02	7.1533	-7.154285	0.000534	5.336713	1.808127	0.043690
 181	9.0000e-02	7.2239	-6.899425	0.000623	6.226166	2.109482	0.050972
 182	9.0500e-02	7.2736	-6.535340	0.000889	8.894522	3.013546	0.072817
 183	9.1000e-02	7.3089	-6.571748	-0.000089	-0.889452	-0.301355	-0.007282
 184	9.1500e-02	7.3506	-6.280480	0.000712	7.115618	2.410837	0.058254
 185	9.2000e-02	7.3650	-5.952802	0.000801	8.005070	2.712191	0.065535
 186	9.2500e-02	7.4228	-5.952802	0.000000	0.000000	0.000000	0.000000
 187	9.3000e-02	7.4581	-5.661534	0.000712	7.115618	2.410837	0.058254
 188	9.3500e-02	7.4773	-5.479491	0.000445	4.447261	1.506773	0.036409
 189	9.4000e-02	7.5383	-4.605685	0.002135	21.346854	7.232510	0.174761
 190	9.4500e-02	7.5784	-5.078996	-0.001156	-11.562879	-3.917609	-0.094662
 191	9.5000e-02	7.6137	-4.969771	0.000267	2.668357	0.904064	0.021845
 192	9.5500e-02	7.6650	-4.423642	0.001334	13.341783	4.520319	0.109226
 193	9.6000e-02	7.6634	-4.095965	-0.000801	-8.005070	-2.712191	0.065535
 194	9.6500e-02	7.7196	-4.168782	-0.000178	-1.778904	-0.602709	-0.014563
 195	9.7000e-02	7.7436	-3.913922	0.000623	6.226166	2.109482	0.050972
 196	9.7500e-02	7.7982	-3.586245	0.000801	8.005070	2.712191	0.065535
 197	9.8000e-02	7.8511	-3.586245	0.000000	0.000000	0.000000	0.000000
 198	9.8500e-02	7.8800	-3.404202	0.000445	4.447261	1.506773	0.036409
 199	9.9000e-02	7.9217	-3.258568	0.000356	3.557809	1.205418	0.029127
 200	9.9500e-02	7.9634	-2.894482	0.000889	8.894522	3.013546	0.072817
 201	1.0000e-01	8.0292	-2.821665	0.000178	1.778904	0.602709	0.014563
 202	1.0050e-01	8.0404	-2.421170	0.000978	9.783975	3.314900	0.080099
 203	1.0100e-01	8.0516	-2.421170	0.000000	0.000000	0.000000	0.000000
 204	1.0150e-01	8.1319	-1.911450	0.001245	12.452331	4.218964	0.101944
 205	1.0200e-01	8.1575	-1.692999	0.000534	5.336713	1.808127	0.043690
 206	1.0250e-01	8.1896	-1.656590	0.000089	0.889452	0.301355	0.007282
 207	1.0300e-01	8.2409	-1.510956	0.000356	3.557809	1.205418	0.029127
 208	1.0350e-01	8.2698	-1.146870	0.000889	8.894522	3.013546	0.072817
 209	1.0400e-01	8.3356	-1.001236	0.000356	3.557809	1.205418	0.029127
 210	1.0450e-01	8.3885	-0.855602	0.000356	3.557809	1.205418	0.029127
 211	1.0500e-01	8.4158	-0.709967	0.000356	3.557809	1.205418	0.029127
 212	1.0550e-01	8.4206	-0.345881	0.000889	8.894522	3.013546	0.072817
 213	1.0600e-01	8.4816	-0.200247	0.000356	3.557809	1.205418	0.029127
 214	1.0650e-01	8.5201	-0.309473	-0.000267	-2.668357	-0.904064	-0.021845
 215	1.0700e-01	8.5714	0.527924	0.002046	20.457401	6.931155	0.167479
 216	1.0750e-01	8.6228	0.418699	-0.000267	-2.668357	-0.904064	-0.021845
 217	1.0800e-01	8.6548	0.964827	0.001334	13.341783	4.520319	0.109226
 218	1.0850e-01	8.6837	0.928419	-0.000089	-0.889452	-0.301355	-0.007282
 219	1.0900e-01	8.7078	0.782784	-0.000356	-3.557809	-1.205418	-0.029127
 220	1.0950e-01	8.7880	1.074053	0.000712	7.115618	2.410837	0.058254
 221	1.1000e-01	8.8104	1.292504	0.000534	5.336713	1.808127	0.043690
 222	1.1050e-01	8.8618	1.656590	0.000889	8.894522	3.013546	0.072817
 223	1.1100e-01	8.9340	1.765816	0.000267	2.668357	0.904064	0.021845
 224	1.1150e-01	8.9356	1.692999	-0.000178	-1.778904	-0.602709	-0.014563
 225	1.1200e-01	8.9901	2.093493	0.000978	9.783975	3.314900	0.080099
 226	1.1250e-01	9.0254	2.311945	0.000534	5.336713	1.808127	0.043690
 227	1.1300e-01	9.0639	2.421170	0.000267	2.668357	0.904064	0.021845
 228	1.1350e-01	9.0976	2.967299	0.001334	13.341783	4.520319	0.109226
 229	1.1400e-01	9.1586	2.748848	-0.000534	-5.336713	-1.808127	-0.043690
 230	1.1450e-01	9.1858	3.294976	0.001334	13.341783	4.520319	0.109226
 231	1.1500e-01	9.1874	3.367793	0.000178	1.778904	0.602709	0.014563
 232	1.1550e-01	9.2324	3.040116	-0.000801	-8.005070	-2.712191	-0.065535
 233	1.1600e-01	9.2917	3.768288	0.001779	17.789045	6.027091	0.145634
 234	1.1650e-01	9.3190	3.768288	0.000000	0.000000	0.000000	0.000000
 235	1.1700e-01	9.3639	4.205191	0.001067	10.673427	3.616255	0.087381
 236	1.1750e-01	9.4441	4.278008	0.000178	1.778904	0.602709	0.014563
 237	1.1800e-01	9.4682	4.605685	0.000801	8.005070	2.712191	0.065535
 238	1.1850e-01	9.4858	4.933362	0.000801	8.005070	2.712191	0.065535
 239	1.1900e-01	9.5356	5.151814	0.000534	5.336713	1.808127	0.043690
 240	1.1950e-01	9.5628	5.261039	0.000267	2.668357	0.904064	0.021845
 241	1.2000e-01	9.6013	5.406674	0.000356	3.557809	1.205418	0.029127
 242	1.2050e-01	9.6671	5.443082	0.000089	0.889452	0.301355	0.007282
 243	1.2100e-01	9.7072	5.333857	-0.000267	-2.668357	-0.904064	-0.021845
 244	1.2150e-01	9.7152	6.389705	0.002579	25.794115	8.739283	0.211170
 245	1.2200e-01	9.7762	6.498931	0.000267	2.668357	0.904064	0.021845
 246	1.2250e-01	9.7954	6.316888	-0.000445	-4.447261	-1.506773	-0.036409
 247	1.2300e-01	9.8372	6.535340	0.000534	5.336713	1.808127	0.043690
 248	1.2350e-01	9.9013	7.045060	0.001245	12.452331	4.218964	0.101944
 249	1.2400e-01	9.9462	7.117877	0.000178	1.778904	0.602709	0.014563
 250	1.2450e-01	10.0040	7.045060	-0.000178	-1.778904	-0.602709	-0.014563
 251	1.2500e-01	10.0249	7.554780	0.001245	12.452331	4.218964	0.101944
 252	1.2550e-01	10.0537	7.627597	0.000178	1.778904	0.602709	0.014563
 253	1.2600e-01	10.0746	7.773231	0.000356	3.557809	1.205418	0.029127
 254	1.2650e-01	10.1211	7.955274	0.000445	4.447261	1.506773	0.036409
 255	1.2700e-01	10.1532	8.100908	0.000356	3.557809	1.205418	0.029127
 256	1.2750e-01	10.2061	8.610628	0.001245	12.452331	4.218964	0.101944
 257	1.2800e-01	10.2478	8.319360	-0.000712	-7.115618	-2.410837	-0.058254
 258	1.2850e-01	10.2831	8.537811	0.000534	5.336713	1.808127	0.043690
 259	1.2900e-01	10.3216	8.647037	0.000267	2.668357	0.904064	0.021845
 260	1.2950e-01	10.3826	9.011123	0.000889	8.894522	3.013546	0.072817
 261	1.3000e-01	10.4115	9.193166	0.000445	4.447261	1.506773	0.036409
 262	1.3050e-01	10.4564	9.520843	0.000801	8.005070	2.712191	0.065535
 263	1.3100e-01	10.4628	9.630069	0.000267	2.668357	0.904064	0.021845
 264	1.3150e-01	10.5382	9.884929	0.000623	6.226166	2.109482	0.050972
 265	1.3200e-01	10.5414	9.775703	-0.000267	-2.668357	-0.904064	-0.021845
 266	1.3250e-01	10.6329	10.358240	0.001423	14.231236	4.821673	0.116507
 267	1.3300e-01	10.6457	10.431057	0.000178	1.778904	0.602709	0.014563
 268	1.3350e-01	10.7034	10.795143	0.000889	8.894522	3.013546	0.072817
 269	1.3400e-01	10.7195	11.195637	0.000978	9.783975	3.314900	0.080099
 270	1.3450e-01	10.7516	10.831552	-0.000889	-8.894522	-3.013546	-0.072817
 271	1.3500e-01	10.8045	11.086412	0.000623	6.226166	2.109482	0.050972
 272	1.3550e-01	10.8591	11.050003	-0.000089	-0.889452	-0.301355	-0.007282
 273	1.3600e-01	10.8976	11.486906	0.001067	10.673427	3.616255	0.087381
 274	1.3650e-01	10.9361	11.668949	0.000445	4.447261	1.506773	0.036409
 275	1.3700e-01	10.9730	11.559723	-0.000267	-2.668357	-0.904064	-0.021845
 276	1.3750e-01	10.9970	12.033035	0.001156	11.562879	3.917609	0.094662
 277	1.3800e-01	11.0275	12.142260	0.000267	2.668357	0.904064	0.021845
 278	1.3850e-01	11.1093	12.215078	0.000178	1.778904	0.602709	0.014563
 279	1.3900e-01	11.1398	12.506346	0.000712	7.115618	2.410837	0.058254
 280	1.3950e-01	11.1703	12.579163	0.000178	1.778904	0.602709	0.014563
 281	1.4000e-01	11.2120	13.052475	0.001156	11.562879	3.917609	0.094662
 282	1.4050e-01	11.2681	13.052475	0.000000	0.000000	0.000000	0.000000
 283	1.4100e-01	11.2617	13.016066	0.000089	0.889452	0.301355	-0.007282
 284	1.4150e-01	11.3147	13.889872	0.002135	21.346854	7.232510	0.174761
 285	1.4200e-01	11.3628	13.707829	-0.000445	-4.447261	-1.506773	-0.036409
 286	1.4250e-01	11.4237	14.071915	0.000889	8.894522	3.013546	0.072817
 287	1.4300e-01	11.4286	13.853464	-0.000534	-5.336713	-1.808127	-0.043690
 288	1.4350e-01	11.4847	14.290366	0.001067	10.673427	3.616255	0.087381
 289	1.4400e-01	11.5216	14.763678	0.001156	11.562879	3.917609	0.094662
 290	1.4450e-01	11.5617	14.545226	-0.000534	-5.336713	-1.808127	-0.043690
 291	1.4500e-01	11.5954	14.690861	0.000356	3.557809	1.205418	0.029127
 292	1.4550e-01	11.6307	14.872904	0.000445	4.447261	1.506773	0.036409
 293	1.4600e-01	11.6916	15.382624	0.001245	12.452331	4.218964	0.101944
 294	1.4650e-01	11.7253	15.127764	-0.000623	-6.226166	-2.109482	-0.050972
 295	1.4700e-01	11.7558	15.382624	0.000623	6.226166	2.109482	0.050972
 296	1.4750e-01	11.8104	15.564667	0.000445	4.447261	1.506773	0.036409
 297	1.4800e-01	11.8649	15.710301	0.000356	3.557809	1.205418	0.029127
 298	1.4850e-01	11.8954	15.819527	0.000267	2.668357	0.904064	0.021845
 299	1.4900e-01	11.9660	16.329247	0.001245	12.452331	4.218964	0.101944
 300	1.4950e-01	11.9580	16.220021	0.000267	2.668357	0.904064	-0.021845
 301	1.5000e-01	12.0205	16.838967	0.001512	15.120688	5.123028	0.123789
 302	1.5050e-01	12.0189	16.766150	0.000178	1.778904	0.602709	-0.014563
 303	1.5100e-01	12.0863	16.766150	0.000000	0.000000	0.000000	0.000000
 304	1.5150e-01	12.1328	17.057418	0.000712	7.115618	2.410837	0.058254
 305	1.5200e-01	12.1713	17.275870	0.000534	5.336713	1.808127	0.043690
 306	1.5250e-01	12.2226	17.676364	0.000978	9.783975	3.314900	0.080099
 307	1.5300e-01	12.2467	17.348687	-0.000801	-8.005070	-2.712191	-0.065535
 308	1.5350e-01	12.2820	17.894816	0.001334	13.341783	4.520319	0.109226
 309	1.5400e-01	12.3285	18.076858	0.000445	4.447261	1.506773	0.036409
 310	1.5450e-01	12.3606	18.113267	0.000089	0.889452	0.301355	0.007282
 311	1.5500e-01	12.4216	18.440944	0.000801	8.005070	2.712191	0.065535
 312	1.5550e-01	12.4424	18.550170	0.000267	2.668357	0.904064	0.021845
 313	1.5600e-01	12.5002	18.258901	-0.000712	-7.115618	-2.410837	-0.058254
 314	1.5650e-01	12.5371	18.732213	0.001156	11.562879	3.917609	0.094662
 315	1.5700e-01	12.5804	18.805030	0.000178	1.778904	0.602709	0.014563
 316	1.5750e-01	12.6125	19.132707	0.000801	8.005070	2.712191	0.065535
 317	1.5800e-01	12.6430	19.387567	0.000623	6.226166	2.109482	0.050972
 318	1.5850e-01	12.6654	19.460384	0.000178	1.778904	0.602709	0.014563
 319	1.5900e-01	12.7232	19.606019	0.000356	3.557809	1.205418	0.029127
 320	1.5950e-01	12.7617	19.678836	0.000178	1.778904	0.602709	0.014563
 321	1.6000e-01	12.7745	19.678836	0.000000	0.000000	0.000000	0.000000
 322	1.6050e-01	12.8307	20.115739	0.001067	10.673427	3.616255	0.087381
 323	1.6100e-01	12.8932	20.188556	0.000178	1.778904	0.602709	0.014563
 324	1.6150e-01	12.8980	20.224965	0.000089	0.889452	0.301355	0.007282
 325	1.6200e-01	12.9654	20.407007	0.000445	4.447261	1.506773	0.036409
 326	1.6250e-01	13.0264	20.661867	0.000623	6.226166	2.109482	0.050972
 327	1.6300e-01	13.0585	21.135179	0.001156	11.562879	3.917609	0.094662
 328	1.6350e-01	13.0889	21.135179	0.000000	0.000000	0.000000	0.000000
 329	1.6400e-01	13.1419	21.353630	0.000534	5.336713	1.808127	0.043690
 330	1.6450e-01	13.1643	21.390039	0.000089	0.889452	0.301355	0.007282
 331	1.6500e-01	13.2028	21.717716	0.000801	8.005070	2.712191	0.065535
 332	1.6550e-01	13.2510	21.899759	0.000445	4.447261	1.506773	0.036409
 333	1.6600e-01	13.2638	21.717716	-0.000445	-4.447261	-1.506773	-0.036409
 334	1.6650e-01	13.2991	22.045393	0.000801	8.005070	2.712191	0.065535
 335	1.6700e-01	13.3649	22.191028	0.000356	3.557809	1.205418	0.029127
 336	1.6750e-01	13.4371	22.482296	0.000712	7.115618	2.410837	0.058254
 337	1.6800e-01	13.4322	22.518705	-0.000089	-0.889452	-0.301355	0.007282
 338	1.6850e-01	13.4740	22.773565	0.000623	6.226166	2.109482	0.050972
 339	1.6900e-01	13.5141	22.700748	-0.000178	-1.778904	-0.602709	-0.014563
 340	1.6950e-01	13.5558	23.137651	0.001067	10.673427	3.616255	0.087381
 341	1.7000e-01	13.5895	23.283285	0.000356	3.557809	1.205418	0.029127
 342	1.7050e-01	13.6472	23.428919	0.000356	3.557809	1.205418	0.029127
 343	1.7100e-01	13.6584	23.865822	0.001067	10.673427	3.616255	0.087381
 344	1.7150e-01	13.7258	23.793005	-0.000178	-1.778904	-0.602709	-0.014563
 345	1.7200e-01	13.7515	24.266317	0.001156	11.562879	3.917609	0.094662
 346	1.7250e-01	13.8124	23.975048	-0.000712	-7.115618	-2.410837	-0.058254
 347	1.7300e-01	13.8285	24.229908	0.000623	6.226166	2.109482	0.050972
 348	1.7350e-01	13.8766	24.557585	0.000801	8.005070	2.712191	0.065535
 349	1.7400e-01	13.9183	24.557585	0.000000	0.000000	0.000000	0.000000
 350	1.7450e-01	13.9729	25.103714	0.001334	13.341783	4.520319	0.109226
 351	1.7500e-01	14.0114	24.739628	-0.000889	-8.894522	-3.013546	-0.072817
 352	1.7550e-01	14.0354	25.285757	0.001334	13.341783	4.520319	0.109226
 353	1.7600e-01	14.0787	25.249348	-0.000089	-0.889452	-0.301355	-0.007282
 354	1.7650e-01	14.1092	25.613434	0.000889	8.894522	3.013546	0.072817
 355	1.7700e-01	14.1814	25.540617	-0.000178	-1.778904	-0.602709	-0.014563
 356	1.7750e-01	14.2183	26.086745	0.001334	13.341783	4.520319	0.109226
 357	1.7800e-01	14.2488	26.123154	0.000089	0.889452	0.301355	0.007282
 358	1.7850e-01	14.2857	25.904703	-0.000534	-5.336713	-1.808127	-0.043690
 359	1.7900e-01	14.3450	26.232380	0.000801	8.005070	2.712191	0.065535
 360	1.7950e-01	14.3386	26.487240	-0.000623	-6.226166	-2.109482	0.050972
 361	1.8000e-01	14.4188	26.341605	-0.000356	-3.557809	-1.205418	-0.029127
 362	1.8050e-01	14.4429	27.069777	0.001779	17.789045	6.027091	0.145634
 363	1.8100e-01	14.4782	26.924143	-0.000356	-3.557809	-1.205418	-0.029127
 364	1.8150e-01	14.5311	26.996960	0.000178	1.778904	0.602709	0.014563
 365	1.8200e-01	14.5456	27.251820	0.000623	6.226166	2.109482	0.050972
 366	1.8250e-01	14.5905	27.106186	-0.000356	-3.557809	-1.205418	-0.029127
 367	1.8300e-01	14.6418	27.688723	0.001423	14.231236	4.821673	0.116507
 368	1.8350e-01	14.6771	27.797949	0.000267	2.668357	0.904064	0.021845
 369	1.8400e-01	14.7188	27.761540	-0.000089	-0.889452	-0.301355	-0.007282
 370	1.8450e-01	14.7686	28.271260	0.001245	12.452331	4.218964	0.101944
 371	1.8500e-01	14.7958	28.416894	0.000356	3.557809	1.205418	0.029127
 372	1.8550e-01	14.8504	28.307669	-0.000267	-2.668357	-0.904064	-0.021845
 373	1.8600e-01	14.8937	28.344077	0.000089	0.889452	0.301355	0.007282
 374	1.8650e-01	14.9146	28.817389	0.001156	11.562879	3.917609	0.094662
 375	1.8700e-01	14.9466	28.453303	-0.000889	-8.894522	-3.013546	-0.072817
 376	1.8750e-01	15.0204	28.853797	0.000978	9.783975	3.314900	0.080099
 377	1.8800e-01	15.0525	29.072249	0.000534	5.336713	1.808127	0.043690
 378	1.8850e-01	15.0621	28.926614	-0.000356	-3.557809	-1.205418	-0.029127
 379	1.8900e-01	15.1199	29.254292	0.000801	8.005070	2.712191	0.065535
 380	1.8950e-01	15.1760	29.800420	0.001334	13.341783	4.520319	0.109226
 381	1.9000e-01	15.2049	29.327109	-0.001156	-11.562879	-3.917609	-0.094662
 382	1.9050e-01	15.2402	30.128097	0.001957	19.567949	6.629801	0.160198
 383	1.9100e-01	15.2932	30.055280	-0.000178	-1.778904	-0.602709	-0.014563
 384	1.9150e-01	15.3397	30.164506	0.000267	2.668357	0.904064	0.021845
 385	1.9200e-01	15.3268	30.528592	-0.000889	-8.894522	-3.013546	0.072817
 386	1.9250e-01	15.4215	30.565000	0.000089	0.889452	0.301355	0.007282
 387	1.9300e-01	15.4022	30.710635	-0.000356	-3.557809	-1.205418	0.029127
 388	1.9350e-01	15.4696	30.819860	0.000267	2.668357	0.904064	0.021845
 389	1.9400e-01	15.5434	30.929086	0.000267	2.668357	0.904064	0.021845
 390	1.9450e-01	15.5611	31.111129	0.000445	4.447261	1.506773	0.036409
 391	1.9500e-01	15.5691	31.511623	0.000978	9.783975	3.314900	0.080099
 392	1.9550e-01	15.6140	31.620849	0.000267	2.668357	0.904064	0.021845
 393	1.9600e-01	15.6782	31.365989	-0.000623	-6.226166	-2.109482	-0.050972
 394	1.9650e-01	15.7359	32.166978	0.001957	19.567949	6.629801	0.160198
 395	1.9700e-01	15.7375	31.948526	-0.000534	-5.336713	-1.808127	-0.043690
 396	1.9750e-01	15.7921	32.166978	0.000534	5.336713	1.808127	0.043690
 397	1.9800e-01	15.8450	32.276203	0.000267	2.668357	0.904064	0.021845
 398	1.9850e-01	15.8915	32.458246	0.000445	4.447261	1.506773	0.036409
 399	1.9900e-01	15.9493	32.494655	0.000089	0.889452	0.301355	0.007282
 400	1.9950e-01	15.9685	32.603881	0.000267	2.668357	0.904064	0.021845
 401	2.0000e-01	15.9926	33.295644	0.001690	16.899592	5.725737	0.138353
 402	2.0050e-01	16.0375	32.858741	-0.001067	-10.673427	-3.616255	-0.087381
 403	2.0100e-01	16.0776	33.295644	0.001067	10.673427	3.616255	0.087381
 404	2.0150e-01	16.1113	33.404869	0.000267	2.668357	0.904064	0.021845
 405	2.0200e-01	16.1386	33.368461	-0.000089	-0.889452	-0.301355	-0.007282
 406	2.0250e-01	16.1995	33.732547	0.000889	8.894522	3.013546	0.072817
 407	2.0300e-01	16.2461	33.805364	0.000178	1.778904	0.602709	0.014563
 408	2.0350e-01	16.3070	34.133041	0.000801	8.005070	2.712191	0.065535
 409	2.0400e-01	16.3247	34.133041	0.000000	0.000000	0.000000	0.000000
 410	2.0450e-01	16.3840	34.242267	0.000267	2.668357	0.904064	0.021845
 411	2.0500e-01	16.4049	34.315084	0.000178	1.778904	0.602709	0.014563
 412	2.0550e-01	16.4434	34.751987	0.001067	10.673427	3.616255	0.087381
 413	2.0600e-01	16.4626	35.006847	0.000623	6.226166	2.109482	0.050972
 414	2.0650e-01	16.5204	35.152481	0.000356	3.557809	1.205418	0.029127
 415	2.0700e-01	16.5733	34.934030	-0.000534	-5.336713	-1.808127	-0.043690
 416	2.0750e-01	16.5797	35.225298	0.000712	7.115618	2.410837	0.058254
 417	2.0800e-01	16.6359	35.552975	0.000801	8.005070	2.712191	0.065535
 418	2.0850e-01	16.6680	35.370933	-0.000445	-4.447261	-1.506773	-0.036409
 419	2.0900e-01	16.7113	36.026287	0.001601	16.010140	5.424382	0.131071
 420	2.0950e-01	16.7514	35.880653	-0.000356	-3.557809	-1.205418	-0.029127
 421	2.1000e-01	16.8011	35.807835	-0.000178	-1.778904	-0.602709	-0.014563
 422	2.1050e-01	16.8541	36.099104	0.000712	7.115618	2.410837	0.058254
 423	2.1100e-01	16.8749	36.536007	0.001067	10.673427	3.616255	0.087381
 424	2.1150e-01	16.9279	36.608824	0.000178	1.778904	0.602709	0.014563
 425	2.1200e-01	16.9583	36.463190	-0.000356	-3.557809	-1.205418	-0.029127
 426	2.1250e-01	17.0353	36.645233	0.000445	4.447261	1.506773	0.036409
 427	2.1300e-01	17.0530	37.045727	0.000978	9.783975	3.314900	0.080099
 428	2.1350e-01	17.0690	36.936501	-0.000267	-2.668357	-0.904064	-0.021845
 429	2.1400e-01	17.1107	37.118544	0.000445	4.447261	1.506773	0.036409
 430	2.1450e-01	17.1942	37.482630	0.000889	8.894522	3.013546	0.072817
 431	2.1500e-01	17.1942	37.482630	-0.000000	-0.000000	-0.000000	0.000000
 432	2.1550e-01	17.2583	37.810307	0.000801	8.005070	2.712191	0.065535
 433	2.1600e-01	17.2968	38.247210	0.001067	10.673427	3.616255	0.087381
 434	2.1650e-01	17.3000	37.773899	-0.001156	-11.562879	-3.917609	-0.094662
 435	2.1700e-01	17.3610	38.174393	0.000978	9.783975	3.314900	0.080099
 436	2.1750e-01	17.4011	38.392844	0.000534	5.336713	1.808127	0.043690
 437	2.1800e-01	17.4492	38.829747	0.001067	10.673427	3.616255	0.087381
 438	2.1850e-01	17.4877	38.866156	0.000089	0.889452	0.301355	0.007282
 439	2.1900e-01	17.5134	38.684113	-0.000445	-4.447261	-1.506773	-0.036409
 440	2.1950e-01	17.5615	39.048199	0.000889	8.894522	3.013546	0.072817
 441	2.2000e-01	17.6129	39.375876	0.000801	8.005070	2.712191	0.065535
 442	2.2050e-01	17.6305	39.448693	0.000178	1.778904	0.602709	0.014563
 443	2.2100e-01	17.6851	39.375876	-0.000178	-1.778904	-0.602709	-0.014563
 444	2.2150e-01	17.7220	39.739962	0.000889	8.894522	3.013546	0.072817
 445	2.2200e-01	17.7605	40.031230	0.000712	7.115618	2.410837	0.058254
 446	2.2250e-01	17.8070	40.249682	0.000534	5.336713	1.808127	0.043690
 447	2.2300e-01	17.8423	40.322499	0.000178	1.778904	0.602709	0.014563
 448	2.2350e-01	17.8808	40.322499	0.000000	0.000000	0.000000	0.000000
 449	2.2400e-01	17.8952	40.286090	-0.000089	-0.889452	-0.301355	-0.007282
 450	2.2450e-01	17.9674	40.613768	0.000801	8.005070	2.712191	0.065535
 451	2.2500e-01	17.9963	40.577359	-0.000089	-0.889452	-0.301355	-0.007282
 452	2.2550e-01	18.0524	40.868628	0.000712	7.115618	2.410837	0.058254
 453	2.2600e-01	18.1070	41.087079	0.000534	5.336713	1.808127	0.043690
 454	2.2650e-01	18.0909	40.977853	0.000267	2.668357	0.904064	-0.021845
 455	2.2700e-01	18.1487	41.451165	0.001156	11.562879	3.917609	0.094662
 456	2.2750e-01	18.2016	41.487573	0.000089	0.889452	0.301355	0.007282
 457	2.2800e-01	18.2401	41.560391	0.000178	1.778904	0.602709	0.014563
 458	2.2850e-01	18.2834	41.997294	0.001067	10.673427	3.616255	0.087381
 459	2.2900e-01	18.3284	41.888068	-0.000267	-2.668357	-0.904064	-0.021845
 460	2.2950e-01	18.3588	42.324971	0.001067	10.673427	3.616255	0.087381
 461	2.3000e-01	18.3989	42.507014	0.000445	4.447261	1.506773	0.036409
 462	2.3050e-01	18.4599	42.361379	-0.000356	-3.557809	-1.205418	-0.029127
 463	2.3100e-01	18.4904	42.871099	0.001245	12.452331	4.218964	0.101944
 464	2.3150e-01	18.5016	42.725465	-0.000356	-3.557809	-1.205418	-0.029127
 465	2.3200e-01	18.5626	43.235185	0.001245	12.452331	4.218964	0.101944
 466	2.3250e-01	18.6043	43.235185	0.000000	0.000000	0.000000	0.000000
 467	2.3300e-01	18.6380	43.380819	0.000356	3.557809	1.205418	0.029127
 468	2.3350e-01	18.6877	43.198777	-0.000445	-4.447261	-1.506773	-0.036409
 469	2.3400e-01	18.7246	43.817722	0.001512	15.120688	5.123028	0.123789
 470	2.3450e-01	18.7503	43.854131	0.000089	0.889452	0.301355	0.007282
 471	2.3500e-01	18.8177	43.926948	0.000178	1.778904	0.602709	0.014563
 472	2.3550e-01	18.8578	44.108991	0.000445	4.447261	1.506773	0.036409
 473	2.3600e-01	18.8866	44.327442	0.000534	5.336713	1.808127	0.043690
 474	2.3650e-01	18.9251	44.545894	0.000534	5.336713	1.808127	0.043690
 475	2.3700e-01	18.9668	44.618711	0.000178	1.778904	0.602709	0.014563
 476	2.3750e-01	18.9957	45.128431	0.001245	12.452331	4.218964	0.101944
 477	2.3800e-01	19.0406	44.691528	-0.001067	-10.673427	-3.616255	-0.087381
 478	2.3850e-01	19.0631	45.201248	0.001245	12.452331	4.218964	0.101944
 479	2.3900e-01	19.1000	45.601743	0.000978	9.783975	3.314900	0.080099
 480	2.3950e-01	19.1497	45.528925	-0.000178	-1.778904	-0.602709	-0.014563
 481	2.4000e-01	19.2155	45.565334	0.000089	0.889452	0.301355	0.007282
 482	2.4050e-01	19.2524	46.075054	0.001245	12.452331	4.218964	0.101944
 483	2.4100e-01	19.2797	45.856603	-0.000534	-5.336713	-1.808127	-0.043690
 484	2.4150e-01	19.3085	46.111463	0.000623	6.226166	2.109482	0.050972
 485	2.4200e-01	19.3615	46.220688	0.000267	2.668357	0.904064	0.021845
 486	2.4250e-01	19.3406	46.111463	0.000267	2.668357	0.904064	-0.021845
 487	2.4300e-01	19.4417	46.621183	0.001245	12.452331	4.218964	0.101944
 488	2.4350e-01	19.4754	46.876043	0.000623	6.226166	2.109482	0.050972
 489	2.4400e-01	19.5139	47.094494	0.000534	5.336713	1.808127	0.043690
 490	2.4450e-01	19.5700	46.948860	-0.000356	-3.557809	-1.205418	-0.029127
 491	2.4500e-01	19.5765	47.130903	0.000445	4.447261	1.506773	0.036409
 492	2.4550e-01	19.6390	47.604214	0.001156	11.562879	3.917609	0.094662
 493	2.4600e-01	19.6855	47.531397	-0.000178	-1.778904	-0.602709	-0.014563
 494	2.4650e-01	19.7337	47.968300	0.001067	10.673427	3.616255	0.087381
 495	2.4700e-01	19.7577	47.859074	-0.000267	-2.668357	-0.904064	-0.021845
 496	2.4750e-01	19.8171	48.259569	0.000978	9.783975	3.314900	0.080099
 497	2.4800e-01	19.8556	48.478020	0.000534	5.336713	1.808127	0.043690
 498	2.4850e-01	19.8845	48.478020	0.000000	0.000000	0.000000	0.000000
 499	2.4900e-01	19.9101	48.550837	0.000178	1.778904	0.602709	0.014563
 500	2.4950e-01	19.9454	48.660063	0.000267	2.668357	0.904064	0.021845
 501	2.5000e-01	19.9871	48.805697	0.000356	3.557809	1.205418	0.029127
 502	2.5050e-01	19.9567	49.461052	-0.001601	-16.010140	-5.424382	0.131071
 503	2.5100e-01	19.9133	49.242600	0.000534	5.336713	1.808127	-0.043690
 504	2.5150e-01	19.8540	49.388235	-0.000356	-3.557809	-1.205418	0.029127
 505	2.5200e-01	19.8379	49.570278	-0.000445	-4.447261	-1.506773	0.036409
 506	2.5250e-01	19.7866	49.606686	-0.000089	-0.889452	-0.301355	0.007282
 507	2.5300e-01	19.7513	49.461052	0.000356	3.557809	1.205418	-0.029127
 508	2.5350e-01	19.7208	49.679503	-0.000534	-5.336713	-1.808127	0.043690
 509	2.5400e-01	19.6823	49.606686	0.000178	1.778904	0.602709	-0.014563
 510	2.5450e-01	19.6134	49.497460	0.000267	2.668357	0.904064	-0.021845
 511	2.5500e-01	19.6085	49.897955	-0.000978	-9.783975	-3.314900	0.080099
 512	2.5550e-01	19.5732	49.897955	-0.000000	-0.000000	-0.000000	0.000000
 513	2.5600e-01	19.5347	49.388235	0.001245	12.452331	4.218964	-0.101944
 514	2.5650e-01	19.4754	49.861546	-0.001156	-11.562879	-3.917609	0.094662
 515	2.5700e-01	19.4465	49.788729	0.000178	1.778904	0.602709	-0.014563
 516	2.5750e-01	19.3968	49.570278	0.000534	5.336713	1.808127	-0.043690
 517	2.5800e-01	19.4016	49.570278	0.000000	0.000000	0.000000	0.000000
 518	2.5850e-01	19.3166	49.570278	-0.000000	-0.000000	-0.000000	0.000000
 519	2.5900e-01	19.2909	49.461052	0.000267	2.668357	0.904064	-0.021845
 520	2.5950e-01	19.2315	49.242600	0.000534	5.336713	1.808127	-0.043690
 521	2.6000e-01	19.1786	49.424643	-0.000445	-4.447261	-1.506773	0.036409
 522	2.6050e-01	19.1385	49.570278	-0.000356	-3.557809	-1.205418	0.029127
 523	2.6100e-01	19.0984	49.643095	-0.000178	-1.778904	-0.602709	0.014563
 524	2.6150e-01	19.0791	49.133375	0.001245	12.452331	4.218964	-0.101944
 525	2.6200e-01	19.0246	48.987740	0.000356	3.557809	1.205418	-0.029127
 526	2.6250e-01	18.9973	49.206192	-0.000534	-5.336713	-1.808127	0.043690
 527	2.6300e-01	18.9652	48.914923	0.000712	7.115618	2.410837	-0.058254
 528	2.6350e-01	18.9251	48.805697	0.000267	2.668357	0.904064	-0.021845
 529	2.6400e-01	18.8786	49.024149	-0.000534	-5.336713	-1.808127	0.043690
 530	2.6450e-01	18.8497	48.623655	0.000978	9.783975	3.314900	-0.080099
 531	2.6500e-01	18.8112	48.587246	0.000089	0.889452	0.301355	-0.007282
 532	2.6550e-01	18.7727	48.368794	0.000534	5.336713	1.808127	-0.043690
 533	2.6600e-01	18.7262	48.405203	-0.000089	-0.889452	-0.301355	0.007282
 534	2.6650e-01	18.6781	48.186752	0.000534	5.336713	1.808127	-0.043690
 535	2.6700e-01	18.6267	48.259569	-0.000178	-1.778904	-0.602709	0.014563
 536	2.6750e-01	18.5834	48.186752	0.000178	1.778904	0.602709	-0.014563
 537	2.6800e-01	18.5449	48.259569	-0.000178	-1.778904	-0.602709	0.014563
 538	2.6850e-01	18.5161	48.259569	-0.000000	-0.000000	-0.000000	0.000000
 539	2.6900e-01	18.4663	48.113934	0.000356	3.557809	1.205418	-0.029127
 540	2.6950e-01	18.4342	47.968300	0.000356	3.557809	1.205418	-0.029127
 541	2.7000e-01	18.3909	47.276537	0.001690	16.899592	5.725737	-0.138353
 542	2.7050e-01	18.3508	47.786257	-0.001245	-12.452331	-4.218964	0.101944
 543	2.7100e-01	18.3011	47.167311	0.001512	15.120688	5.123028	-0.123789
 544	2.7150e-01	18.2706	47.422171	-0.000623	-6.226166	-2.109482	0.050972
 545	2.7200e-01	18.2530	47.385763	0.000089	0.889452	0.301355	-0.007282
 546	2.7250e-01	18.2064	46.948860	0.001067	10.673427	3.616255	-0.087381
 547	2.7300e-01	18.1423	46.839634	0.000267	2.668357	0.904064	-0.021845
 548	2.7350e-01	18.1278	47.130903	-0.000712	-7.115618	-2.410837	0.058254
 549	2.7400e-01	18.0749	46.803226	0.000801	8.005070	2.712191	-0.065535
 550	2.7450e-01	18.0492	46.511957	0.000712	7.115618	2.410837	-0.058254
 551	2.7500e-01	17.9915	46.621183	-0.000267	-2.668357	-0.904064	0.021845
 552	2.7550e-01	17.9867	46.730409	-0.000267	-2.668357	-0.904064	0.021845
 553	2.7600e-01	17.9177	46.184280	0.001334	13.341783	4.520319	-0.109226
 554	2.7650e-01	17.8712	46.329914	-0.000356	-3.557809	-1.205418	0.029127
 555	2.7700e-01	17.8455	46.293506	0.000089	0.889452	0.301355	-0.007282
 556	2.7750e-01	17.8182	46.075054	0.000534	5.336713	1.808127	-0.043690
 557	2.7800e-01	17.7621	45.965828	0.000267	2.668357	0.904064	-0.021845
 558	2.7850e-01	17.7252	45.456108	0.001245	12.452331	4.218964	-0.101944
 559	2.7900e-01	17.6819	45.929420	-0.001156	-11.562879	-3.917609	0.094662
 560	2.7950e-01	17.6498	45.710968	0.000534	5.336713	1.808127	-0.043690
 561	2.8000e-01	17.5792	45.565334	0.000356	3.557809	1.205418	-0.029127
 562	2.8050e-01	17.5631	45.419700	0.000356	3.557809	1.205418	-0.029127
 563	2.8100e-01	17.5086	45.237657	0.000445	4.447261	1.506773	-0.036409
 564	2.8150e-01	17.4685	45.201248	0.000089	0.889452	0.301355	-0.007282
 565	2.8200e-01	17.4653	45.092023	0.000267	2.668357	0.904064	-0.021845
 566	2.8250e-01	17.3995	45.055614	0.000089	0.889452	0.301355	-0.007282
 567	2.8300e-01	17.3546	44.800754	0.000623	6.226166	2.109482	-0.050972
 568	2.8350e-01	17.3177	44.436668	0.000889	8.894522	3.013546	-0.072817
 569	2.8400e-01	17.2680	44.727937	-0.000712	-7.115618	-2.410837	0.058254
 570	2.8450e-01	17.2567	44.509485	0.000534	5.336713	1.808127	-0.043690
 571	2.8500e-01	17.1910	44.291034	0.000534	5.336713	1.808127	-0.043690
 572	2.8550e-01	17.1653	44.108991	0.000445	4.447261	1.506773	-0.036409
 573	2.8600e-01	17.1124	44.036174	0.000178	1.778904	0.602709	-0.014563
 574	2.8650e-01	17.0738	43.854131	0.000445	4.447261	1.506773	-0.036409
 575	2.8700e-01	17.0081	43.890540	-0.000089	-0.889452	-0.301355	0.007282
 576	2.8750e-01	16.9936	43.781314	0.000267	2.668357	0.904064	-0.021845
 577	2.8800e-01	16.9519	43.453637	0.000801	8.005070	2.712191	-0.065535
 578	2.8850e-01	16.9022	43.672088	-0.000534	-5.336713	-1.808127	0.043690
 579	2.8900e-01	16.8846	43.344411	0.000801	8.005070	2.712191	-0.065535
 580	2.8950e-01	16.8300	43.162368	0.000445	4.447261	1.506773	-0.036409
 581	2.9000e-01	16.7787	43.271594	-0.000267	-2.668357	-0.904064	0.021845
 582	2.9050e-01	16.7402	42.943917	0.000801	8.005070	2.712191	-0.065535
 583	2.9100e-01	16.7225	42.798282	0.000356	3.557809	1.205418	-0.029127
 584	2.9150e-01	16.6744	42.761874	0.000089	0.889452	0.301355	-0.007282
 585	2.9200e-01	16.6311	42.616239	0.000356	3.557809	1.205418	-0.029127
 586	2.9250e-01	16.5910	42.215745	0.000978	9.783975	3.314900	-0.080099
 587	2.9300e-01	16.5685	42.507014	-0.000712	-7.115618	-2.410837	0.058254
 588	2.9350e-01	16.5092	42.252154	0.000623	6.226166	2.109482	-0.050972
 589	2.9400e-01	16.4739	42.215745	0.000089	0.889452	0.301355	-0.007282
 590	2.9450e-01	16.4306	41.815251	0.000978	9.783975	3.314900	-0.080099
 591	2.9500e-01	16.3696	42.033702	-0.000534	-5.336713	-1.808127	0.043690
 592	2.9550e-01	16.3407	41.378348	0.001601	16.010140	5.424382	-0.131071
 593	2.9600e-01	16.3054	41.742433	-0.000889	-8.894522	-3.013546	0.072817
 594	2.9650e-01	16.2782	41.159896	0.001423	14.231236	4.821673	-0.116507
 595	2.9700e-01	16.2348	41.159896	-0.000000	-0.000000	-0.000000	0.000000
 596	2.9750e-01	16.2140	41.269122	-0.000267	-2.668357	-0.904064	0.021845
 597	2.9800e-01	16.1418	40.868628	0.000978	9.783975	3.314900	-0.080099
 598	2.9850e-01	16.1370	40.832219	0.000089	0.889452	0.301355	-0.007282
 599	2.9900e-01	16.0969	40.977853	-0.000356	-3.557809	-1.205418	0.029127
 600	2.9950e-01	16.0423	40.722993	0.000623	6.226166	2.109482	-0.050972
 601	3.0000e-01	15.9958	40.759402	-0.000089	-0.889452	-0.301355	0.007282
 602	3.0050e-01	15.9477	40.395316	0.000889	8.894522	3.013546	-0.072817
 603	3.0100e-01	15.9220	39.994822	0.000978	9.783975	3.314900	-0.080099
 604	3.0150e-01	15.8947	40.176865	-0.000445	-4.447261	-1.506773	0.036409
 605	3.0200e-01	15.8466	39.958413	0.000534	5.336713	1.808127	-0.043690
 606	3.0250e-01	15.7808	40.031230	-0.000178	-1.778904	-0.602709	0.014563
 607	3.0300e-01	15.7536	39.994822	0.000089	0.889452	0.301355	-0.007282
 608	3.0350e-01	15.6990	39.412285	0.001423	14.231236	4.821673	-0.116507
 609	3.0400e-01	15.7022	39.703553	0.000712	7.115618	2.410837	0.058254
 610	3.0450e-01	15.6268	39.121016	0.001423	14.231236	4.821673	-0.116507
 611	3.0500e-01	15.6124	39.485102	-0.000889	-8.894522	-3.013546	0.072817
 612	3.0550e-01	15.5723	39.048199	0.001067	10.673427	3.616255	-0.087381
 613	3.0600e-01	15.5546	39.084607	-0.000089	-0.889452	-0.301355	0.007282
 614	3.0650e-01	15.4776	38.502070	0.001423	14.231236	4.821673	-0.116507
 615	3.0700e-01	15.4456	38.866156	-0.000889	-8.894522	-3.013546	0.072817
 616	3.0750e-01	15.4054	38.866156	-0.000000	-0.000000	-0.000000	0.000000
 617	3.0800e-01	15.3718	38.283619	0.001423	14.231236	4.821673	-0.116507
 618	3.0850e-01	15.3333	37.773899	0.001245	12.452331	4.218964	-0.101944
 619	3.0900e-01	15.2723	38.174393	-0.000978	-9.783975	-3.314900	0.080099
 620	3.0950e-01	15.2258	38.028759	0.000356	3.557809	1.205418	-0.029127
 621	3.1000e-01	15.2001	37.737490	0.000712	7.115618	2.410837	-0.058254
 622	3.1050e-01	15.1504	37.664673	0.000178	1.778904	0.602709	-0.014563
 623	3.1100e-01	15.0942	37.409813	0.000623	6.226166	2.109482	-0.050972
 624	3.1150e-01	15.0349	37.264179	0.000356	3.557809	1.205418	-0.029127
 625	3.1200e-01	15.0156	37.264179	-0.000000	-0.000000	-0.000000	0.000000
 626	3.1250e-01	15.0044	36.718050	0.001334	13.341783	4.520319	-0.109226
 627	3.1300e-01	14.9643	37.009318	-0.000712	-7.115618	-2.410837	0.058254
 628	3.1350e-01	14.9290	36.827276	0.000445	4.447261	1.506773	-0.036409
 629	3.1400e-01	14.8680	36.718050	0.000267	2.668357	0.904064	-0.021845
 630	3.1450e-01	14.8424	36.499598	0.000534	5.336713	1.808127	-0.043690
 631	3.1500e-01	14.7878	36.426781	0.000178	1.778904	0.602709	-0.014563
 632	3.1550e-01	14.7557	36.281147	0.000356	3.557809	1.205418	-0.029127
 633	3.1600e-01	14.7365	36.208330	0.000178	1.778904	0.602709	-0.014563
 634	3.1650e-01	14.6563	35.989878	0.000534	5.336713	1.808127	-0.043690
 635	3.1700e-01	14.6434	35.844244	0.000356	3.557809	1.205418	-0.029127
 636	3.1750e-01	14.5761	35.625793	0.000534	5.336713	1.808127	-0.043690
 637	3.1800e-01	14.5584	35.880653	-0.000623	-6.226166	-2.109482	0.050972
 638	3.1850e-01	14.5183	35.480158	0.000978	9.783975	3.314900	-0.080099
 639	3.1900e-01	14.4830	35.298115	0.000445	4.447261	1.506773	-0.036409
 640	3.1950e-01	14.4461	35.261707	0.000089	0.889452	0.301355	-0.007282
 641	3.2000e-01	14.3980	35.407341	-0.000356	-3.557809	-1.205418	0.029127
 642	3.2050e-01	14.3675	34.715578	0.001690	16.899592	5.725737	-0.138353
 643	3.2100e-01	14.3322	34.642761	0.000178	1.778904	0.602709	-0.014563
 644	3.2150e-01	14.2953	34.824804	-0.000445	-4.447261	-1.506773	0.036409
 645	3.2200e-01	14.2376	34.533535	0.000712	7.115618	2.410837	-0.058254
 646	3.2250e-01	14.2247	34.606352	-0.000178	-1.778904	-0.602709	0.014563
 647	3.2300e-01	14.1477	34.096632	0.001245	12.452331	4.218964	-0.101944
 648	3.2350e-01	14.0964	33.950998	0.000356	3.557809	1.205418	-0.029127
 649	3.2400e-01	14.0402	33.914589	0.000089	0.889452	0.301355	-0.007282
 650	3.2450e-01	14.0242	33.878181	0.000089	0.889452	0.301355	-0.007282
 651	3.2500e-01	14.0162	33.841772	0.000089	0.889452	0.301355	-0.007282
 652	3.2550e-01	13.9504	33.477687	0.000889	8.894522	3.013546	-0.072817
 653	3.2600e-01	13.9344	33.404869	0.000178	1.778904	0.602709	-0.014563
 654	3.2650e-01	13.8878	33.186418	0.000534	5.336713	1.808127	-0.043690
 655	3.2700e-01	13.8205	33.332052	-0.000356	-3.557809	-1.205418	0.029127
 656	3.2750e-01	13.8060	32.895149	0.001067	10.673427	3.616255	-0.087381
 657	3.2800e-01	13.7483	32.785924	0.000267	2.668357	0.904064	-0.021845
 658	3.2850e-01	13.7194	32.531064	0.000623	6.226166	2.109482	-0.050972
 659	3.2900e-01	13.6424	32.676698	-0.000356	-3.557809	-1.205418	0.029127
 660	3.2950e-01	13.6247	31.912118	0.001868	18.678497	6.328446	-0.152916
 661	3.3000e-01	13.6023	32.458246	-0.001334	-13.341783	-4.520319	0.109226
 662	3.3050e-01	13.5622	32.276203	0.000445	4.447261	1.506773	-0.036409
 663	3.3100e-01	13.4852	32.276203	-0.000000	-0.000000	-0.000000	0.000000
 664	3.3150e-01	13.4723	31.657258	0.001512	15.120688	5.123028	-0.123789
 665	3.3200e-01	13.4515	31.984935	-0.000801	-8.005070	-2.712191	0.065535
 666	3.3250e-01	13.3793	31.402398	0.001423	14.231236	4.821673	-0.116507
 667	3.3300e-01	13.3424	31.984935	-0.001423	-14.231236	-4.821673	0.116507
 668	3.3350e-01	13.3055	31.256763	0.001779	17.789045	6.027091	-0.145634
 669	3.3400e-01	13.2766	30.892678	0.000889	8.894522	3.013546	-0.072817
 670	3.3450e-01	13.2494	31.001903	-0.000267	-2.668357	-0.904064	0.021845
 671	3.3500e-01	13.2125	30.929086	0.000178	1.778904	0.602709	-0.014563
 672	3.3550e-01	13.1836	30.601409	0.000801	8.005070	2.712191	-0.065535
 673	3.3600e-01	13.1146	30.747043	-0.000356	-3.557809	-1.205418	0.029127
 674	3.3650e-01	13.0809	30.273732	0.001156	11.562879	3.917609	-0.094662
 675	3.3700e-01	13.0360	30.200915	0.000178	1.778904	0.602709	-0.014563
 676	3.3750e-01	12.9959	30.128097	0.000178	1.778904	0.602709	-0.014563
 677	3.3800e-01	12.9510	29.982463	0.000356	3.557809	1.205418	-0.029127
 678	3.3850e-01	12.9253	29.836829	0.000356	3.557809	1.205418	-0.029127
 679	3.3900e-01	12.9285	29.691195	-0.000356	-3.557809	-1.205418	-0.029127
 680	3.3950e-01	12.8387	29.618377	0.000178	1.778904	0.602709	-0.014563
 681	3.4000e-01	12.8146	29.035840	0.001423	14.231236	4.821673	-0.116507
 682	3.4050e-01	12.7617	29.181474	-0.000356	-3.557809	-1.205418	0.029127
 683	3.4100e-01	12.7103	29.254292	-0.000178	-1.778904	-0.602709	0.014563
 684	3.4150e-01	12.6590	28.817389	0.001067	10.673427	3.616255	-0.087381
 685	3.4200e-01	12.6253	28.817389	-0.000000	-0.000000	-0.000000	0.000000
 686	3.4250e-01	12.5980	28.562529	0.000623	6.226166	2.109482	-0.050972
 687	3.4300e-01	12.5627	28.453303	0.000267	2.668357	0.904064	-0.021845
 688	3.4350e-01	12.5355	28.307669	0.000356	3.557809	1.205418	-0.029127
 689	3.4400e-01	12.4745	28.089217	0.000534	5.336713	1.808127	-0.043690
 690	3.4450e-01	12.4184	28.125626	-0.000089	-0.889452	-0.301355	0.007282
 691	3.4500e-01	12.3847	27.870766	0.000623	6.226166	2.109482	-0.050972
 692	3.4550e-01	12.3430	27.506680	0.000889	8.894522	3.013546	-0.072817
 693	3.4600e-01	12.3269	27.688723	-0.000445	-4.447261	-1.506773	0.036409
 694	3.4650e-01	12.2788	27.615906	0.000178	1.778904	0.602709	-0.014563
 695	3.4700e-01	12.2323	27.106186	0.001245	12.452331	4.218964	-0.101944
 696	3.4750e-01	12.1809	27.142594	-0.000089	-0.889452	-0.301355	0.007282
 697	3.4800e-01	12.1601	26.924143	0.000534	5.336713	1.808127	-0.043690
 698	3.4850e-01	12.1312	26.924143	-0.000000	-0.000000	-0.000000	0.000000
 699	3.4900e-01	12.0526	26.632874	0.000712	7.115618	2.410837	-0.058254
 700	3.4950e-01	12.0077	26.414423	0.000534	5.336713	1.808127	-0.043690
 701	3.5000e-01	11.9852	26.378014	0.000089	0.889452	0.301355	-0.007282
 702	3.5050e-01	11.9708	26.378014	-0.000000	-0.000000	-0.000000	0.000000
 703	3.5100e-01	11.9146	26.086745	0.000712	7.115618	2.410837	-0.058254
 704	3.5150e-01	11.8729	25.613434	0.001156	11.562879	3.917609	-0.094662
 705	3.5200e-01	11.8184	25.540617	0.000178	1.778904	0.602709	-0.014563
 706	3.5250e-01	11.7911	25.322165	0.000534	5.336713	1.808127	-0.043690
 707	3.5300e-01	11.7622	25.212940	0.000267	2.668357	0.904064	-0.021845
 708	3.5350e-01	11.7285	25.140122	0.000178	1.778904	0.602709	-0.014563
 709	3.5400e-01	11.6804	24.994488	0.000356	3.557809	1.205418	-0.029127
 710	3.5450e-01	11.6419	25.176531	-0.000445	-4.447261	-1.506773	0.036409
 711	3.5500e-01	11.5585	24.994488	0.000445	4.447261	1.506773	-0.036409
 712	3.5550e-01	11.5681	24.521177	-0.001156	-11.562879	-3.917609	-0.094662
 713	3.5600e-01	11.5248	24.593994	-0.000178	-1.778904	-0.602709	0.014563
 714	3.5650e-01	11.4638	24.484768	0.000267	2.668357	0.904064	-0.021845
 715	3.5700e-01	11.4270	24.011457	0.001156	11.562879	3.917609	-0.094662
 716	3.5750e-01	11.3917	23.756596	0.000623	6.226166	2.109482	-0.050972
 717	3.5800e-01	11.3483	23.938639	-0.000445	-4.447261	-1.506773	0.036409
 718	3.5850e-01	11.3275	23.538145	0.000978	9.783975	3.314900	-0.080099
 719	3.5900e-01	11.2874	23.647371	-0.000267	-2.668357	-0.904064	0.021845
 720	3.5950e-01	11.2569	23.210468	0.001067	10.673427	3.616255	-0.087381
 721	3.6000e-01	11.1735	23.101242	0.000267	2.668357	0.904064	-0.021845
 722	3.6050e-01	11.1526	22.154619	0.002313	23.125758	7.835219	-0.189325
 723	3.6100e-01	11.0965	23.101242	-0.002313	-23.125758	-7.835219	0.189325
 724	3.6150e-01	11.0516	22.664339	0.001067	10.673427	3.616255	-0.087381
 725	3.6200e-01	11.0403	22.555113	0.000267	2.668357	0.904064	-0.021845
 726	3.6250e-01	11.0034	22.664339	-0.000267	-2.668357	-0.904064	0.021845
 727	3.6300e-01	10.9778	21.972576	0.001690	16.899592	5.725737	-0.138353
 728	3.6350e-01	10.9296	22.154619	-0.000445	-4.447261	-1.506773	0.036409
 729	3.6400e-01	10.8623	22.227436	-0.000178	-1.778904	-0.602709	0.014563
 730	3.6450e-01	10.8045	22.373071	-0.000356	-3.557809	-1.205418	0.029127
 731	3.6500e-01	10.7885	21.499265	0.002135	21.346854	7.232510	-0.174761
 732	3.6550e-01	10.7788	21.754125	-0.000623	-6.226166	-2.109482	0.050972
 733	3.6600e-01	10.7195	21.390039	0.000889	8.894522	3.013546	-0.072817
 734	3.6650e-01	10.6874	21.317222	0.000178	1.778904	0.602709	-0.014563
 735	3.6700e-01	10.6264	21.244405	0.000178	1.778904	0.602709	-0.014563
 736	3.6750e-01	10.5863	21.025953	0.000534	5.336713	1.808127	-0.043690
 737	3.6800e-01	10.5510	20.443416	0.001423	14.231236	4.821673	-0.116507
 738	3.6850e-01	10.5206	20.625459	-0.000445	-4.447261	-1.506773	0.036409
 739	3.6900e-01	10.4580	20.188556	0.001067	10.673427	3.616255	-0.087381
 740	3.6950e-01	10.4291	20.261373	-0.000178	-1.778904	-0.602709	0.014563
 741	3.7000e-01	10.4067	20.115739	0.000356	3.557809	1.205418	-0.029127
 742	3.7050e-01	10.3393	19.860879	0.000623	6.226166	2.109482	-0.050972
 743	3.7100e-01	10.3264	19.824470	0.000089	0.889452	0.301355	-0.007282
 744	3.7150e-01	10.3120	19.860879	-0.000089	-0.889452	-0.301355	0.007282
 745	3.7200e-01	10.2318	19.496793	0.000889	8.894522	3.013546	-0.072817
 746	3.7250e-01	10.1821	19.460384	0.000089	0.889452	0.301355	-0.007282
 747	3.7300e-01	10.1644	19.169116	0.000712	7.115618	2.410837	-0.058254
 748	3.7350e-01	10.1195	18.695804	0.001156	11.562879	3.917609	-0.094662
 749	3.7400e-01	10.0585	19.169116	-0.001156	-11.562879	-3.917609	0.094662
 750	3.7450e-01	10.0778	18.950664	-0.000534	-5.336713	-1.808127	-0.043690
 751	3.7500e-01	9.9591	18.368127	0.001423	14.231236	4.821673	-0.116507
 752	3.7550e-01	9.9559	18.222493	0.000356	3.557809	1.205418	-0.029127
 753	3.7600e-01	9.9142	17.785590	0.001067	10.673427	3.616255	-0.087381
 754	3.7650e-01	9.8452	18.004041	-0.000534	-5.336713	-1.808127	0.043690
 755	3.7700e-01	9.8227	17.639956	0.000889	8.894522	3.013546	-0.072817
 756	3.7750e-01	9.7906	17.894816	-0.000623	-6.226166	-2.109482	0.050972
 757	3.7800e-01	9.7457	17.639956	0.000623	6.226166	2.109482	-0.050972
 758	3.7850e-01	9.7329	17.530730	0.000267	2.668357	0.904064	-0.021845
 759	3.7900e-01	9.6992	17.603547	-0.000178	-1.778904	-0.602709	0.014563
 760	3.7950e-01	9.6222	16.984601	0.001512	15.120688	5.123028	-0.123789
 761	3.8000e-01	9.5933	16.802558	0.000445	4.447261	1.506773	-0.036409
 762	3.8050e-01	9.5628	16.584107	0.000534	5.336713	1.808127	-0.043690
 763	3.8100e-01	9.5548	16.329247	0.000623	6.226166	2.109482	-0.050972
 764	3.8150e-01	9.4618	16.256430	0.000178	1.778904	0.602709	-0.014563
 765	3.8200e-01	9.4136	16.001570	0.000623	6.226166	2.109482	-0.050972
 766	3.8250e-01	9.3912	16.256430	-0.000623	-6.226166	-2.109482	0.050972
 767	3.8300e-01	9.3527	15.673892	0.001423	14.231236	4.821673	-0.116507
 768	3.8350e-01	9.3350	15.965161	-0.000712	-7.115618	-2.410837	0.058254
 769	3.8400e-01	9.2997	15.491849	0.001156	11.562879	3.917609	-0.094662
 770	3.8450e-01	9.2516	15.491849	-0.000000	-0.000000	-0.000000	0.000000
 771	3.8500e-01	9.1778	15.346215	0.000356	3.557809	1.205418	-0.029127
 772	3.8550e-01	9.1586	15.018538	0.000801	8.005070	2.712191	-0.065535
 773	3.8600e-01	9.0976	14.581635	0.001067	10.673427	3.616255	-0.087381
 774	3.8650e-01	9.0607	14.727269	-0.000356	-3.557809	-1.205418	0.029127
 775	3.8700e-01	9.0559	14.326775	0.000978	9.783975	3.314900	-0.080099
 776	3.8750e-01	9.0078	14.144732	0.000445	4.447261	1.506773	-0.036409
 777	3.8800e-01	8.9388	14.144732	-0.000000	-0.000000	-0.000000	0.000000
 778	3.8850e-01	8.9083	13.380152	0.001868	18.678497	6.328446	-0.152916
 779	3.8900e-01	8.8586	13.962689	-0.001423	-14.231236	-4.821673	0.116507
 780	3.8950e-01	8.8393	13.416561	0.001334	13.341783	4.520319	-0.109226
 781	3.9000e-01	8.7944	13.307335	0.000267	2.668357	0.904064	-0.021845
 782	3.9050e-01	8.7254	13.088883	0.000534	5.336713	1.808127	-0.043690
 783	3.9100e-01	8.6869	12.943249	0.000356	3.557809	1.205418	-0.029127
 784	3.9150e-01	8.6661	12.834023	0.000267	2.668357	0.904064	-0.021845
 785	3.9200e-01	8.6260	12.724798	0.000267	2.668357	0.904064	-0.021845
 786	3.9250e-01	8.5794	12.251486	0.001156	11.562879	3.917609	-0.094662
 787	3.9300e-01	8.5875	12.215078	-0.000089	-0.889452	-0.301355	-0.007282
 788	3.9350e-01	8.5313	11.996626	0.000534	5.336713	1.808127	-0.043690
 789	3.9400e-01	8.4832	11.923809	0.000178	1.778904	0.602709	-0.014563
 790	3.9450e-01	8.4367	11.850992	0.000178	1.778904	0.602709	-0.014563
 791	3.9500e-01	8.3950	11.486906	0.000889	8.894522	3.013546	-0.072817
 792	3.9550e-01	8.3276	11.195637	0.000712	7.115618	2.410837	-0.058254
 793	3.9600e-01	8.2955	11.232046	-0.000089	-0.889452	-0.301355	0.007282
 794	3.9650e-01	8.2570	11.232046	-0.000000	-0.000000	-0.000000	0.000000
 795	3.9700e-01	8.2313	11.050003	0.000445	4.447261	1.506773	-0.036409
 796	3.9750e-01	8.1928	10.758734	0.000712	7.115618	2.410837	-0.058254
 797	3.9800e-01	8.1591	10.613100	0.000356	3.557809	1.205418	-0.029127
 798	3.9850e-01	8.0821	10.576692	0.000089	0.889452	0.301355	-0.007282
 799	3.9900e-01	8.0645	10.103380	0.001156	11.562879	3.917609	-0.094662
 800	3.9950e-01	8.0532	10.030563	0.000178	1.778904	0.602709	-0.014563
 801	4.0000e-01	7.9987	9.775703	0.000623	6.226166	2.109482	-0.050972
 802	4.0050e-01	7.9393	9.666477	0.000267	2.668357	0.904064	-0.021845
 803	4.0100e-01	7.8848	9.702886	-0.000089	-0.889452	-0.301355	0.007282
 804	4.0150e-01	7.8511	9.630069	0.000178	1.778904	0.602709	-0.014563
 805	4.0200e-01	7.8190	9.047531	0.001423	14.231236	4.821673	-0.116507
 806	4.0250e-01	7.7950	8.392177	0.001601	16.010140	5.424382	-0.131071
 807	4.0300e-01	7.7500	8.901897	-0.001245	-12.452331	-4.218964	0.101944
 808	4.0350e-01	7.7260	8.501403	0.000978	9.783975	3.314900	-0.080099
 809	4.0400e-01	7.6811	8.428586	0.000178	1.778904	0.602709	-0.014563
 810	4.0450e-01	7.6329	8.319360	0.000267	2.668357	0.904064	-0.021845
 811	4.0500e-01	7.5880	7.445554	0.002135	21.346854	7.232510	-0.174761
 812	4.0550e-01	7.5303	8.137317	-0.001690	-16.899592	-5.725737	0.138353
 813	4.0600e-01	7.5255	7.409145	0.001779	17.789045	6.027091	-0.145634
 814	4.0650e-01	7.4709	7.445554	-0.000089	-0.889452	-0.301355	0.007282
 815	4.0700e-01	7.4260	7.299920	0.000356	3.557809	1.205418	-0.029127
 816	4.0750e-01	7.3971	7.154285	0.000356	3.557809	1.205418	-0.029127
 817	4.0800e-01	7.3586	6.826608	0.000801	8.005070	2.712191	-0.065535
 818	4.0850e-01	7.3362	6.316888	0.001245	12.452331	4.218964	-0.101944
 819	4.0900e-01	7.2704	6.498931	-0.000445	-4.447261	-1.506773	0.036409
 820	4.0950e-01	7.2559	6.608157	-0.000267	-2.668357	-0.904064	0.021845
 821	4.1000e-01	7.2078	6.244071	0.000889	8.894522	3.013546	-0.072817
 822	4.1050e-01	7.1757	6.353297	-0.000267	-2.668357	-0.904064	0.021845
 823	4.1100e-01	7.1164	5.843577	0.001245	12.452331	4.218964	-0.101944
 824	4.1150e-01	7.0827	5.552308	0.000712	7.115618	2.410837	-0.058254
 825	4.1200e-01	7.0474	5.515899	0.000089	0.889452	0.301355	-0.007282
 826	4.1250e-01	6.9880	5.297448	0.000534	5.336713	1.808127	-0.043690
 827	4.1300e-01	6.9864	4.933362	0.000889	8.894522	3.013546	-0.072817
 828	4.1350e-01	6.9543	5.151814	-0.000534	-5.336713	-1.808127	0.043690
 829	4.1400e-01	6.8790	4.642094	0.001245	12.452331	4.218964	-0.101944
 830	4.1450e-01	6.8517	3.950331	0.001690	16.899592	5.725737	-0.138353
 831	4.1500e-01	6.8116	4.642094	-0.001690	-16.899592	-5.725737	0.138353
 832	4.1550e-01	6.7554	4.023148	0.001512	15.120688	5.123028	-0.123789
 833	4.1600e-01	6.6880	4.059556	-0.000089	-0.889452	-0.301355	0.007282
 834	4.1650e-01	6.6608	4.132373	-0.000178	-1.778904	-0.602709	0.014563
 835	4.1700e-01	6.6463	3.513428	0.001512	15.120688	5.123028	-0.123789
 836	4.1750e-01	6.6094	3.477019	0.000089	0.889452	0.301355	-0.007282
 837	4.1800e-01	6.5389	3.149342	0.000801	8.005070	2.712191	-0.065535
 838	4.1850e-01	6.5052	2.930890	0.000534	5.336713	1.808127	-0.043690
 839	4.1900e-01	6.4410	3.331385	-0.000978	-9.783975	-3.314900	0.080099
 840	4.1950e-01	6.4859	2.348353	-0.002402	-24.015210	-8.136573	-0.196606
 841	4.2000e-01	6.4025	2.639622	-0.000712	-7.115618	-2.410837	0.058254
 842	4.2050e-01	6.3720	2.239127	0.000978	9.783975	3.314900	-0.080099
 843	4.2100e-01	6.3239	1.875042	0.000889	8.894522	3.013546	-0.072817
 844	4.2150e-01	6.2870	1.911450	-0.000089	-0.889452	-0.301355	0.007282
 845	4.2200e-01	6.2164	1.729407	0.000445	4.447261	1.506773	-0.036409
 846	4.2250e-01	6.1907	1.474547	0.000623	6.226166	2.109482	-0.050972
 847	4.2300e-01	6.1442	1.256096	0.000534	5.336713	1.808127	-0.043690
 848	4.2350e-01	6.1121	1.256096	-0.000000	-0.000000	-0.000000	0.000000
 849	4.2400e-01	6.0913	1.183279	0.000178	1.778904	0.602709	-0.014563
 850	4.2450e-01	6.0480	0.892010	0.000712	7.115618	2.410837	-0.058254
 851	4.2500e-01	6.0159	1.037644	-0.000356	-3.557809	-1.205418	0.029127
 852	4.2550e-01	5.9517	0.236656	0.001957	19.567949	6.629801	-0.160198
 853	4.2600e-01	5.9100	0.163839	0.000178	1.778904	0.602709	-0.014563
 854	4.2650e-01	5.8811	-0.127430	0.000712	7.115618	2.410837	-0.058254
 855	4.2700e-01	5.8571	-0.637150	0.001245	12.452331	4.218964	-0.101944
 856	4.2750e-01	5.8073	-0.455107	-0.000445	-4.447261	-1.506773	0.036409
 857	4.2800e-01	5.7480	-0.928419	0.001156	11.562879	3.917609	-0.094662
 858	4.2850e-01	5.7415	-0.819193	-0.000267	-2.668357	-0.904064	0.021845
 859	4.2900e-01	5.6645	-1.037644	0.000534	5.336713	1.808127	-0.043690
 860	4.2950e-01	5.6325	-1.110462	0.000178	1.778904	0.602709	-0.014563
 861	4.3000e-01	5.5683	-1.729407	0.001512	15.120688	5.123028	-0.123789
 862	4.3050e-01	5.5506	-1.474547	-0.000623	-6.226166	-2.109482	0.050972
 863	4.3100e-01	5.5426	-1.984267	0.001245	12.452331	4.218964	-0.101944
 864	4.3150e-01	5.4736	-2.129902	0.000356	3.557809	1.205418	-0.029127
 865	4.3200e-01	5.4544	-2.311945	0.000445	4.447261	1.506773	-0.036409
 866	4.3250e-01	5.3854	-2.603213	0.000712	7.115618	2.410837	-0.058254
 867	4.3300e-01	5.3453	-2.566805	-0.000089	-0.889452	-0.301355	0.007282
 868	4.3350e-01	5.3485	-2.821665	-0.000623	-6.226166	-2.109482	-0.050972
 869	4.3400e-01	5.2683	-2.967299	0.000356	3.557809	1.205418	-0.029127
 870	4.3450e-01	5.2138	-3.222159	0.000623	6.226166	2.109482	-0.050972
 871	4.3500e-01	5.1704	-3.404202	0.000445	4.447261	1.506773	-0.036409
 872	4.3550e-01	5.1287	-3.331385	-0.000178	-1.778904	-0.602709	0.014563
 873	4.3600e-01	5.1047	-3.950331	0.001512	15.120688	5.123028	-0.123789
 874	4.3650e-01	5.1095	-3.986739	-0.000089	-0.889452	-0.301355	-0.007282
 875	4.3700e-01	5.0229	-4.132373	0.000356	3.557809	1.205418	-0.029127
 876	4.3750e-01	5.0148	-4.496459	0.000889	8.894522	3.013546	-0.072817
 877	4.3800e-01	4.9619	-4.678502	0.000445	4.447261	1.506773	-0.036409
 878	4.3850e-01	4.8929	-4.896954	0.000534	5.336713	1.808127	-0.043690
 879	4.3900e-01	4.8769	-5.115405	0.000534	5.336713	1.808127	-0.043690
 880	4.3950e-01	4.8785	-5.370265	-0.000623	-6.226166	-2.109482	-0.050972
 881	4.4000e-01	4.8063	-5.770759	0.000978	9.783975	3.314900	-0.080099
 882	4.4050e-01	4.7373	-5.515899	-0.000623	-6.226166	-2.109482	0.050972
 883	4.4100e-01	4.7036	-6.353297	0.002046	20.457401	6.931155	-0.167479
 884	4.4150e-01	4.6924	-5.989211	-0.000889	-8.894522	-3.013546	0.072817
 885	4.4200e-01	4.6410	-6.608157	0.001512	15.120688	5.123028	-0.123789
 886	4.4250e-01	4.5897	-6.426114	-0.000445	-4.447261	-1.506773	0.036409
 887	4.4300e-01	4.5721	-6.644565	0.000534	5.336713	1.808127	-0.043690
 888	4.4350e-01	4.5159	-6.826608	0.000445	4.447261	1.506773	-0.036409
 889	4.4400e-01	4.4710	-7.045060	0.000534	5.336713	1.808127	-0.043690
 890	4.4450e-01	4.4261	-7.299920	0.000623	6.226166	2.109482	-0.050972
 891	4.4500e-01	4.3988	-7.190694	-0.000267	-2.668357	-0.904064	0.021845
 892	4.4550e-01	4.3683	-8.210134	0.002490	24.904662	8.437928	-0.203888
 893	4.4600e-01	4.3009	-7.882457	-0.000801	-8.005070	-2.712191	0.065535
 894	4.4650e-01	4.2432	-8.173726	0.000712	7.115618	2.410837	-0.058254
 895	4.4700e-01	4.2272	-8.464994	0.000712	7.115618	2.410837	-0.058254
 896	4.4750e-01	4.1838	-8.282951	-0.000445	-4.447261	-1.506773	0.036409
 897	4.4800e-01	4.1646	-9.011123	0.001779	17.789045	6.027091	-0.145634
 898	4.4850e-01	4.0940	-9.047531	0.000089	0.889452	0.301355	-0.007282
 899	4.4900e-01	4.0571	-8.865488	-0.000445	-4.447261	-1.506773	0.036409
 900	4.4950e-01	4.0539	-9.083940	0.000534	5.336713	1.808127	-0.043690
 901	4.5000e-01	3.9865	-10.103380	0.002490	24.904662	8.437928	-0.203888
 902	4.5050e-01	3.9432	-10.321832	0.000534	5.336713	1.808127	-0.043690
 903	4.5100e-01	3.9464	-10.139789	0.000445	4.447261	1.506773	0.036409
 904	4.5150e-01	3.8871	-10.285423	0.000356	3.557809	1.205418	-0.029127
 905	4.5200e-01	3.8534	-10.613100	0.000801	8.005070	2.712191	-0.065535
 906	4.5250e-01	3.7796	-10.904369	0.000712	7.115618	2.410837	-0.058254
 907	4.5300e-01	3.7459	-10.212606	-0.001690	-16.899592	-5.725737	0.138353
 908	4.5350e-01	3.7042	-11.341272	0.002757	27.573019	9.341992	-0.225733
 909	4.5400e-01	3.6560	-11.304863	-0.000089	-0.889452	-0.301355	0.007282
 910	4.5450e-01	3.6095	-11.377680	0.000178	1.778904	0.602709	-0.014563
 911	4.5500e-01	3.6095	-12.142260	0.001868	18.678497	6.328446	-0.152916
 912	4.5550e-01	3.5534	-12.287895	0.000356	3.557809	1.205418	-0.029127
 913	4.5600e-01	3.5245	-12.215078	-0.000178	-1.778904	-0.602709	0.014563
 914	4.5650e-01	3.4748	-12.906841	0.001690	16.899592	5.725737	-0.138353
 915	4.5700e-01	3.4186	-12.615572	-0.000712	-7.115618	-2.410837	0.058254
 916	4.5750e-01	3.4186	-13.198109	0.001423	14.231236	4.821673	-0.116507
 917	4.5800e-01	3.3609	-13.161701	-0.000089	-0.889452	-0.301355	0.007282
 918	4.5850e-01	3.3079	-13.525786	0.000889	8.894522	3.013546	-0.072817
 919	4.5900e-01	3.2181	-13.707829	0.000445	4.447261	1.506773	-0.036409
 920	4.5950e-01	3.2293	-13.926281	-0.000534	-5.336713	-1.808127	-0.043690
 921	4.6000e-01	3.1972	-13.926281	-0.000000	-0.000000	-0.000000	0.000000
 922	4.6050e-01	3.1491	-14.763678	0.002046	20.457401	6.931155	-0.167479
 923	4.6100e-01	3.1315	-14.472409	-0.000712	-7.115618	-2.410837	0.058254
 924	4.6150e-01	3.0801	-14.909312	0.001067	10.673427	3.616255	-0.087381
 925	4.6200e-01	3.0480	-14.945721	0.000089	0.889452	0.301355	-0.007282
 926	4.6250e-01	3.0192	-15.273398	0.000801	8.005070	2.712191	-0.065535
 927	4.6300e-01	2.9630	-15.382624	0.000267	2.668357	0.904064	-0.021845
 928	4.6350e-01	2.9101	-15.673892	0.000712	7.115618	2.410837	-0.058254
 929	4.6400e-01	2.8700	-15.819527	0.000356	3.557809	1.205418	-0.029127
 930	4.6450e-01	2.8379	-15.892344	0.000178	1.778904	0.602709	-0.014563
 931	4.6500e-01	2.7801	-16.220021	0.000801	8.005070	2.712191	-0.065535
 932	4.6550e-01	2.7866	-16.547698	-0.000801	-8.005070	-2.712191	-0.065535
 933	4.6600e-01	2.6662	-16.620515	0.000178	1.778904	0.602709	-0.014563
 934	4.6650e-01	2.6486	-16.474881	-0.000356	-3.557809	-1.205418	0.029127
 935	4.6700e-01	2.6277	-17.057418	0.001423	14.231236	4.821673	-0.116507
 936	4.6750e-01	2.6133	-17.166644	0.000267	2.668357	0.904064	-0.021845
 937	4.6800e-01	2.5507	-17.494321	0.000801	8.005070	2.712191	-0.065535
 938	4.6850e-01	2.4946	-17.567138	0.000178	1.778904	0.602709	-0.014563
 939	4.6900e-01	2.4641	-18.076858	0.001245	12.452331	4.218964	-0.101944
 940	4.6950e-01	2.4449	-18.586579	0.001245	12.452331	4.218964	-0.101944
 941	4.7000e-01	2.3935	-18.258901	-0.000801	-8.005070	-2.712191	0.065535
 942	4.7050e-01	2.3213	-18.513761	0.000623	6.226166	2.109482	-0.050972
 943	4.7100e-01	2.3117	-18.877847	0.000889	8.894522	3.013546	-0.072817
 944	4.7150e-01	2.2957	-19.096299	0.000534	5.336713	1.808127	-0.043690
 945	4.7200e-01	2.2395	-19.169116	0.000178	1.778904	0.602709	-0.014563
 946	4.7250e-01	2.1802	-19.278342	0.000267	2.668357	0.904064	-0.021845
 947	4.7300e-01	2.1417	-19.933696	0.001601	16.010140	5.424382	-0.131071
 948	4.7350e-01	2.1096	-20.261373	0.000801	8.005070	2.712191	-0.065535
 949	4.7400e-01	2.0646	-20.370599	0.000267	2.668357	0.904064	-0.021845
 950	4.7450e-01	2.0181	-20.843910	0.001156	11.562879	3.917609	-0.094662
 951	4.7500e-01	1.9876	-20.698276	-0.000356	-3.557809	-1.205418	0.029127
 952	4.7550e-01	1.9251	-21.353630	0.001601	16.010140	5.424382	-0.131071
 953	4.7600e-01	1.8946	-21.462856	0.000267	2.668357	0.904064	-0.021845
 954	4.7650e-01	1.8433	-21.572082	0.000267	2.668357	0.904064	-0.021845
 955	4.7700e-01	1.8834	-21.754125	-0.000445	-4.447261	-1.506773	-0.036409
 956	4.7750e-01	1.8032	-22.409479	0.001601	16.010140	5.424382	-0.131071
 957	4.7800e-01	1.7518	-22.482296	0.000178	1.778904	0.602709	-0.014563
 958	4.7850e-01	1.7149	-22.555113	0.000178	1.778904	0.602709	-0.014563
 959	4.7900e-01	1.7085	-22.809973	0.000623	6.226166	2.109482	-0.050972
 960	4.7950e-01	1.6299	-23.283285	0.001156	11.562879	3.917609	-0.094662
 961	4.8000e-01	1.6010	-23.101242	-0.000445	-4.447261	-1.506773	0.036409
 962	4.8050e-01	1.5657	-23.902231	0.001957	19.567949	6.629801	-0.160198
 963	4.8100e-01	1.5224	-23.938639	0.000089	0.889452	0.301355	-0.007282
 964	4.8150e-01	1.4647	-23.975048	0.000089	0.889452	0.301355	-0.007282
 965	4.8200e-01	1.4117	-24.047865	0.000178	1.778904	0.602709	-0.014563
 966	4.8250e-01	1.3973	-24.739628	0.001690	16.899592	5.725737	-0.138353
 967	4.8300e-01	1.3347	-25.103714	0.000889	8.894522	3.013546	-0.072817
 968	4.8350e-01	1.3171	-25.212940	0.000267	2.668357	0.904064	-0.021845
 969	4.8400e-01	1.2641	-25.249348	0.000089	0.889452	0.301355	-0.007282
 970	4.8450e-01	1.2449	-25.540617	0.000712	7.115618	2.410837	-0.058254
 971	4.8500e-01	1.2128	-25.759068	0.000534	5.336713	1.808127	-0.043690
 972	4.8550e-01	1.1615	-26.123154	0.000889	8.894522	3.013546	-0.072817
 973	4.8600e-01	1.1567	-26.378014	0.000623	6.226166	2.109482	-0.050972
 974	4.8650e-01	1.0893	-26.705691	0.000801	8.005070	2.712191	-0.065535
 975	4.8700e-01	1.0411	-27.106186	0.000978	9.783975	3.314900	-0.080099
 976	4.8750e-01	0.9850	-27.470271	0.000889	8.894522	3.013546	-0.072817
 977	4.8800e-01	0.9417	-27.433863	-0.000089	-0.889452	-0.301355	0.007282
 978	4.8850e-01	0.9160	-28.052809	0.001512	15.120688	5.123028	-0.123789
 979	4.8900e-01	0.8631	-28.089217	0.000089	0.889452	0.301355	-0.007282
 980	4.8950e-01	0.8310	-28.344077	0.000623	6.226166	2.109482	-0.050972
 981	4.9000e-01	0.8101	-28.853797	0.001245	12.452331	4.218964	-0.101944
 982	4.9050e-01	0.7748	-28.963023	0.000267	2.668357	0.904064	-0.021845
 983	4.9100e-01	0.7043	-29.800420	0.002046	20.457401	6.931155	-0.167479
 984	4.9150e-01	0.6834	-29.581969	-0.000534	-5.336713	-1.808127	0.043690
 985	4.9200e-01	0.6321	-29.946055	0.000889	8.894522	3.013546	-0.072817
 986	4.9250e-01	0.5968	-30.164506	0.000534	5.336713	1.808127	-0.043690
 987	4.9300e-01	0.5679	-30.455775	0.000712	7.115618	2.410837	-0.058254
 988	4.9350e-01	0.4909	-30.492183	0.000089	0.889452	0.301355	-0.007282
 989	4.9400e-01	0.4700	-30.783452	0.000712	7.115618	2.410837	-0.058254
 990	4.9450e-01	0.4347	-31.293172	0.001245	12.452331	4.218964	-0.101944
 991	4.9500e-01	0.3738	-31.548032	0.000623	6.226166	2.109482	-0.050972
 992	4.9550e-01	0.3898	-32.130569	-0.001423	-14.231236	-4.821673	-0.116507
 993	4.9600e-01	0.3337	-32.094161	-0.000089	-0.889452	-0.301355	0.007282
 994	4.9650e-01	0.2839	-32.531064	0.001067	10.673427	3.616255	-0.087381
 995	4.9700e-01	0.2487	-32.349021	-0.000445	-4.447261	-1.506773	0.036409
 996	4.9750e-01	0.2053	-33.150009	0.001957	19.567949	6.629801	-0.160198
 997	4.9800e-01	0.1332	-33.623321	0.001156	11.562879	3.917609	-0.094662
 998	4.9850e-01	0.1107	-33.586912	-0.000089	-0.889452	-0.301355	0.007282
 999	4.9900e-01	0.0770	-33.950998	0.000889	8.894522	3.013546	-0.072817
1000	4.9950e-01	0.0513	-34.424310	0.001156	11.562879	3.917609	-0.094662
1001	5.0000e-01	0.0369	-34.497127	0.001156	11.562879	3.917609	-0.014563

PMax (uC/cm2):	9.87e+01
Pr (uC/cm2):	1.54e+01
-Pr (uC/cm2):	0.00e+00
PLoss (uC/cm2):	0.00e+00
C (Max-Eff) (nF):	4.94e-01
K (Eff):	1.67e+03
Vert. (+/-Pr) Shift (uC/cm2):	7.70e+00
Offset (uC/cm2):	4.99e+01

A (Loop Area - uC/cm2·Volts):	-3.14e-01



Hysteresis Version: 5.48.1 - Radiant Technologies, Inc., 1999 - 9/12/24

