»»»»»»»»»»»»»»»»»»»»»»»»»»»»»»»»»»»» Hysteresis ««««««««««««««««««««««««««««««««««««
»»»  Executed Version:	5.48.1
»»»  Vision Version:	5.48.4 (R)
»»»  Vision Compiled:	9/18/24
»»»  Driver Version:	5.47.0
»»»  Windows Version:	Windows 8 or 8.1
»»»  Processor Information:	x86 (AMD or Intel) - 32 Processors
»»»  Tester Name:	PMF21124-494 (100V)
»»»  Tester S/N:	PMF21124-494
»»»  Internal Amp Type:	100V RevK 270k
»»»  Internal Amp S/N:	iAB2-596/K     
»»»  Execution Count:	1
»»»»»»»»»»»»»»»»»»»»»»»»»»»»»»»»»»»»»»»»»»««««««««««««««««««««««««««««««««««««««««««

Stored:	10/7/2025 - 18:16:2
Configured:	10/07/25 05:55:09 PM
Executed:	10/07/25 06:14:50 PM

»»»»»»»»»»»»»»»»»»»»»»»»»»»»»»»»»»» Sample Info ««««««««««««««««««««««««««««««««««««
Sample Name:	Int. Ref. Ferroelectric
Lot Name:	N/A
Wafer Name:	N/A
Die Row/Column:	0/0
Capacitor Number:	0
Sample Area (cm2):	1.00e-04
Sample Thickness (microns):	3.00e-01

Amplifier:	Internal

»»»»»»»»»»»»»»»»»»»»»»»»»»»»»»»»»»» Tester Info «««««««««««««««««««««««««««««««««««
Tester Name:	PMF21124-494 (100V)
Tester Serial Number:	PMF21124-494
Return Signal Amp. Level:	0.02 [Index: 2]

»»»»»»»»»»»»»»»»»»»»»»»»»»»»»»»» Hysteresis Info ««««««««««««««««««««««««««««««««««
Task Name:	Hyst-1
Volts:	20.00
Field:	666.67 (kV/cm)
DCBias:	0.00
DCField:	0.00 (kV/cm)
Hysteresis Period (ms):	5.00e-01
Preset:	Enabled
Preset Delay (ms):	1.00e+03
Profile:	Standard Monopolar

»»»»»»»»»»»»»»»»»»»»»»»»»»»»»»»»»»»»»» Data «««««««««««««««««««««««««««««««««««««««
Points:	1001

Valid Data

Point	Time (ms)	Drive Voltage	Measured Polarization (uC/cm2)	Capacitance (uF)	Normalized Capacitance (uF/cm2)	Dielectric Constant	Instantaneous Current (mA)
   1	0.0000e+00	0.0353	-24.830649	0.000447	4.470195	1.514543	0.036409
   2	5.0000e-04	0.0497	-24.648607	0.000447	4.470195	1.514543	0.036409
   3	1.0000e-03	0.0882	-24.794241	-0.000358	-3.576156	-1.211635	-0.029127
   4	1.5000e-03	0.1380	-24.721424	0.000179	1.788078	0.605817	0.014563
   5	2.0000e-03	0.2182	-24.685015	0.000089	0.894039	0.302909	0.007282
   6	2.5000e-03	0.2294	-24.830649	-0.000358	-3.576156	-1.211635	-0.029127
   7	3.0000e-03	0.2807	-24.867058	-0.000089	-0.894039	-0.302909	-0.007282
   8	3.5000e-03	0.3305	-24.612198	0.000626	6.258273	2.120360	0.050972
   9	4.0000e-03	0.3529	-24.430155	0.000447	4.470195	1.514543	0.036409
  10	4.5000e-03	0.3978	-24.138887	0.000715	7.152312	2.423269	0.058254
  11	5.0000e-03	0.4091	-24.320929	-0.000447	-4.470195	-1.514543	-0.036409
  12	5.5000e-03	0.4781	-24.102478	0.000536	5.364234	1.817452	0.043690
  13	6.0000e-03	0.5166	-23.920435	0.000447	4.470195	1.514543	0.036409
  14	6.5000e-03	0.5438	-23.920435	0.000000	0.000000	0.000000	0.000000
  15	7.0000e-03	0.6000	-23.774801	0.000358	3.576156	1.211635	0.029127
  16	7.5000e-03	0.6417	-23.592758	0.000447	4.470195	1.514543	0.036409
  17	8.0000e-03	0.6609	-23.410715	0.000447	4.470195	1.514543	0.036409
  18	8.5000e-03	0.7299	-23.447124	-0.000089	-0.894039	-0.302909	-0.007282
  19	9.0000e-03	0.7428	-23.301489	0.000358	3.576156	1.211635	0.029127
  20	9.5000e-03	0.7893	-23.010221	0.000715	7.152312	2.423269	0.058254
  21	1.0000e-02	0.8486	-22.864586	0.000358	3.576156	1.211635	0.029127
  22	1.0500e-02	0.8759	-22.791769	0.000179	1.788078	0.605817	0.014563
  23	1.1000e-02	0.9032	-22.682543	0.000268	2.682117	0.908726	0.021845
  24	1.1500e-02	0.9272	-22.500501	0.000447	4.470195	1.514543	0.036409
  25	1.2000e-02	1.0026	-21.772329	0.001788	17.880781	6.058173	0.145634
  26	1.2500e-02	1.0315	-22.427683	-0.001609	-16.092703	-5.452355	-0.131071
  27	1.3000e-02	1.0732	-22.027189	0.000983	9.834430	3.331995	0.080099
  28	1.3500e-02	1.1374	-22.172823	-0.000358	-3.576156	-1.211635	-0.029127
  29	1.4000e-02	1.1599	-21.590286	0.001430	14.304625	4.846538	0.116507
  30	1.4500e-02	1.1823	-21.481060	0.000268	2.682117	0.908726	0.021845
  31	1.5000e-02	1.2561	-21.590286	-0.000268	-2.682117	-0.908726	-0.021845
  32	1.5500e-02	1.2593	-21.262609	0.000805	8.046351	2.726178	0.065535
  33	1.6000e-02	1.2994	-20.898523	0.000894	8.940391	3.029086	0.072817
  34	1.6500e-02	1.3299	-21.007749	-0.000268	-2.682117	-0.908726	-0.021845
  35	1.7000e-02	1.3732	-20.680072	0.000805	8.046351	2.726178	0.065535
  36	1.7500e-02	1.4085	-20.061126	0.001520	15.198664	5.149447	0.123789
  37	1.8000e-02	1.4422	-21.080566	-0.002503	-25.033093	-8.481442	-0.203888
  38	1.8500e-02	1.5128	-19.988309	0.002682	26.821172	9.087259	0.218451
  39	1.9000e-02	1.5304	-20.425212	-0.001073	-10.728469	-3.634904	-0.087381
  40	1.9500e-02	1.5754	-19.879083	0.001341	13.410586	4.543629	0.109226
  41	2.0000e-02	1.6315	-19.879083	0.000000	0.000000	0.000000	0.000000
  42	2.0500e-02	1.6604	-19.842674	0.000089	0.894039	0.302909	0.007282
  43	2.1000e-02	1.6973	-19.369363	0.001162	11.622508	3.937812	0.094662
  44	2.1500e-02	1.7390	-19.660632	-0.000715	-7.152312	-2.423269	-0.058254
  45	2.2000e-02	1.7903	-19.332954	0.000805	8.046351	2.726178	0.065535
  46	2.2500e-02	1.8320	-19.187320	0.000358	3.576156	1.211635	0.029127
  47	2.3000e-02	1.8657	-18.422740	0.001877	18.774820	6.361081	0.152916
  48	2.3500e-02	1.9620	-19.005277	-0.001430	-14.304625	-4.846538	-0.116507
  49	2.4000e-02	1.9459	-18.531966	-0.001162	-11.622508	-3.937812	0.094662
  50	2.4500e-02	1.9636	-18.677600	-0.000358	-3.576156	-1.211635	-0.029127
  51	2.5000e-02	2.0197	-18.058654	0.001520	15.198664	5.149447	0.123789
  52	2.5500e-02	2.0614	-18.277106	-0.000536	-5.364234	-1.817452	-0.043690
  53	2.6000e-02	2.1272	-18.022246	0.000626	6.258273	2.120360	0.050972
  54	2.6500e-02	2.1657	-17.730977	0.000715	7.152312	2.423269	0.058254
  55	2.7000e-02	2.1930	-17.803794	-0.000179	-1.788078	-0.605817	-0.014563
  56	2.7500e-02	2.2203	-17.476117	0.000805	8.046351	2.726178	0.065535
  57	2.8000e-02	2.2523	-17.658160	-0.000447	-4.470195	-1.514543	-0.036409
  58	2.8500e-02	2.2892	-17.148440	0.001252	12.516547	4.240721	0.101944
  59	2.9000e-02	2.3422	-17.330483	-0.000447	-4.470195	-1.514543	-0.036409
  60	2.9500e-02	2.3919	-16.893580	0.001073	10.728469	3.634904	0.087381
  61	3.0000e-02	2.4449	-16.638720	0.000626	6.258273	2.120360	0.050972
  62	3.0500e-02	2.4657	-16.929988	-0.000715	-7.152312	-2.423269	-0.058254
  63	3.1000e-02	2.5010	-16.675128	0.000626	6.258273	2.120360	0.050972
  64	3.1500e-02	2.5283	-16.092591	0.001430	14.304625	4.846538	0.116507
  65	3.2000e-02	2.5844	-16.238225	-0.000358	-3.576156	-1.211635	-0.029127
  66	3.2500e-02	2.6005	-16.383860	-0.000358	-3.576156	-1.211635	-0.029127
  67	3.3000e-02	2.6743	-16.201817	0.000447	4.470195	1.514543	0.036409
  68	3.3500e-02	2.6855	-16.129000	0.000179	1.788078	0.605817	0.014563
  69	3.4000e-02	2.7545	-15.728505	0.000983	9.834430	3.331995	0.080099
  70	3.4500e-02	2.7882	-15.764914	-0.000089	-0.894039	-0.302909	-0.007282
  71	3.5000e-02	2.8186	-15.655688	0.000268	2.682117	0.908726	0.021845
  72	3.5500e-02	2.8539	-15.473645	0.000447	4.470195	1.514543	0.036409
  73	3.6000e-02	2.9117	-15.400828	0.000179	1.788078	0.605817	0.014563
  74	3.6500e-02	2.9261	-15.582871	-0.000447	-4.470195	-1.514543	-0.036409
  75	3.7000e-02	2.9582	-14.781882	0.001967	19.668859	6.663990	0.160198
  76	3.7500e-02	3.0336	-14.927517	-0.000358	-3.576156	-1.211635	-0.029127
  77	3.8000e-02	3.0865	-14.490614	0.001073	10.728469	3.634904	0.087381
  78	3.8500e-02	3.1154	-14.963925	-0.001162	-11.622508	-3.937812	-0.094662
  79	3.9000e-02	3.1507	-14.381388	0.001430	14.304625	4.846538	0.116507
  80	3.9500e-02	3.2197	-14.417796	-0.000089	-0.894039	-0.302909	-0.007282
  81	4.0000e-02	3.2389	-13.980894	0.001073	10.728469	3.634904	0.087381
  82	4.0500e-02	3.2566	-14.126528	-0.000358	-3.576156	-1.211635	-0.029127
  83	4.1000e-02	3.3127	-13.871668	0.000626	6.258273	2.120360	0.050972
  84	4.1500e-02	3.3448	-14.053711	-0.000447	-4.470195	-1.514543	-0.036409
  85	4.2000e-02	3.4058	-13.653216	0.000983	9.834430	3.331995	0.080099
  86	4.2500e-02	3.4138	-13.653216	0.000000	0.000000	0.000000	0.000000
  87	4.3000e-02	3.4988	-13.034271	0.001520	15.198664	5.149447	0.123789
  88	4.3500e-02	3.5261	-13.216313	-0.000447	-4.470195	-1.514543	-0.036409
  89	4.4000e-02	3.5293	-13.252722	-0.000089	-0.894039	-0.302909	-0.007282
  90	4.4500e-02	3.5919	-13.070679	0.000447	4.470195	1.514543	0.036409
  91	4.5000e-02	3.6448	-12.852228	0.000536	5.364234	1.817452	0.043690
  92	4.5500e-02	3.6673	-12.670185	0.000447	4.470195	1.514543	0.036409
  93	4.6000e-02	3.7282	-12.779411	-0.000268	-2.682117	-0.908726	-0.021845
  94	4.6500e-02	3.7363	-12.269690	0.001252	12.516547	4.240721	0.101944
  95	4.7000e-02	3.7956	-12.488142	-0.000536	-5.364234	-1.817452	-0.043690
  96	4.7500e-02	3.8293	-12.124056	0.000894	8.940391	3.029086	0.072817
  97	4.8000e-02	3.8887	-12.014830	0.000268	2.682117	0.908726	0.021845
  98	4.8500e-02	3.8887	-12.160465	0.000358	3.576156	1.211635	-0.029127
  99	4.9000e-02	3.9641	-11.031799	0.002772	27.715211	9.390168	0.225733
 100	4.9500e-02	3.9945	-12.269690	-0.003040	-30.397328	-10.298893	-0.247578
 101	5.0000e-02	4.0395	-11.432293	0.002056	20.562898	6.966898	0.167479
 102	5.0500e-02	4.0764	-11.832788	-0.000983	-9.834430	-3.331995	-0.080099
 103	5.1000e-02	4.1004	-11.395885	0.001073	10.728469	3.634904	0.087381
 104	5.1500e-02	4.1453	-11.395885	0.000000	0.000000	0.000000	0.000000
 105	5.2000e-02	4.1854	-11.177433	0.000536	5.364234	1.817452	0.043690
 106	5.2500e-02	4.2111	-10.995390	0.000447	4.470195	1.514543	0.036409
 107	5.3000e-02	4.2689	-10.886165	0.000268	2.682117	0.908726	0.021845
 108	5.3500e-02	4.2705	-10.995390	-0.000268	-2.682117	-0.908726	-0.021845
 109	5.4000e-02	4.3459	-10.740530	0.000626	6.258273	2.120360	0.050972
 110	5.4500e-02	4.3892	-10.376444	0.000894	8.940391	3.029086	0.072817
 111	5.5000e-02	4.3956	-10.412853	-0.000089	-0.894039	-0.302909	-0.007282
 112	5.5500e-02	4.4822	-10.340036	0.000179	1.788078	0.605817	0.014563
 113	5.6000e-02	4.5287	-9.903133	0.001073	10.728469	3.634904	0.087381
 114	5.6500e-02	4.5480	-10.194402	-0.000715	-7.152312	-2.423269	-0.058254
 115	5.7000e-02	4.6009	-9.903133	0.000715	7.152312	2.423269	0.058254
 116	5.7500e-02	4.6250	-10.085176	-0.000447	-4.470195	-1.514543	-0.036409
 117	5.8000e-02	4.6603	-9.284187	0.001967	19.668859	6.663990	0.160198
 118	5.8500e-02	4.7068	-9.648273	-0.000894	-8.940391	-3.029086	-0.072817
 119	5.9000e-02	4.7517	-9.757499	-0.000268	-2.682117	-0.908726	-0.021845
 120	5.9500e-02	4.8031	-9.429821	0.000805	8.046351	2.726178	0.065535
 121	6.0000e-02	4.8127	-9.211370	0.000536	5.364234	1.817452	0.043690
 122	6.0500e-02	4.8255	-9.284187	-0.000179	-1.788078	-0.605817	-0.014563
 123	6.1000e-02	4.8785	-9.174961	0.000268	2.682117	0.908726	0.021845
 124	6.1500e-02	4.9651	-9.102144	0.000179	1.788078	0.605817	0.014563
 125	6.2000e-02	5.0020	-8.992919	0.000268	2.682117	0.908726	0.021845
 126	6.2500e-02	5.0501	-8.628833	0.000894	8.940391	3.029086	0.072817
 127	6.3000e-02	5.0806	-8.483198	0.000358	3.576156	1.211635	0.029127
 128	6.3500e-02	5.1223	-8.373973	0.000268	2.682117	0.908726	0.021845
 129	6.4000e-02	5.1448	-8.446790	-0.000179	-1.788078	-0.605817	-0.014563
 130	6.4500e-02	5.2025	-7.864253	0.001430	14.304625	4.846538	0.116507
 131	6.5000e-02	5.2555	-8.082704	-0.000536	-5.364234	-1.817452	-0.043690
 132	6.5500e-02	5.2683	-7.937070	0.000358	3.576156	1.211635	0.029127
 133	6.6000e-02	5.3052	-7.791435	0.000358	3.576156	1.211635	0.029127
 134	6.6500e-02	5.3244	-7.718618	0.000179	1.788078	0.605817	0.014563
 135	6.7000e-02	5.3822	-7.937070	-0.000536	-5.364234	-1.817452	-0.043690
 136	6.7500e-02	5.4271	-7.354533	0.001430	14.304625	4.846538	0.116507
 137	6.8000e-02	5.4592	-7.281715	0.000179	1.788078	0.605817	0.014563
 138	6.8500e-02	5.5202	-7.136081	0.000358	3.576156	1.211635	0.029127
 139	6.9000e-02	5.5490	-7.099673	0.000089	0.894039	0.302909	0.007282
 140	6.9500e-02	5.5843	-7.099673	0.000000	0.000000	0.000000	0.000000
 141	7.0000e-02	5.6260	-7.245307	-0.000358	-3.576156	-1.211635	-0.029127
 142	7.0500e-02	5.6806	-6.917630	0.000805	8.046351	2.726178	0.065535
 143	7.1000e-02	5.6950	-6.662770	0.000626	6.258273	2.120360	0.050972
 144	7.1500e-02	5.7319	-6.626361	0.000089	0.894039	0.302909	0.007282
 145	7.2000e-02	5.8186	-6.735587	-0.000268	-2.682117	-0.908726	-0.021845
 146	7.2500e-02	5.8041	-6.335092	-0.000983	-9.834430	-3.331995	0.080099
 147	7.3000e-02	5.8554	-6.335092	0.000000	0.000000	0.000000	0.000000
 148	7.3500e-02	5.8907	-6.262275	0.000179	1.788078	0.605817	0.014563
 149	7.4000e-02	5.9373	-6.116641	0.000358	3.576156	1.211635	0.029127
 150	7.4500e-02	6.0014	-5.971007	0.000358	3.576156	1.211635	0.029127
 151	7.5000e-02	6.0191	-5.752555	0.000536	5.364234	1.817452	0.043690
 152	7.5500e-02	6.0816	-5.752555	0.000000	0.000000	0.000000	0.000000
 153	7.6000e-02	6.1298	-5.643329	0.000268	2.682117	0.908726	0.021845
 154	7.6500e-02	6.1346	-5.497695	0.000358	3.576156	1.211635	0.029127
 155	7.7000e-02	6.1859	-5.606921	-0.000268	-2.682117	-0.908726	-0.021845
 156	7.7500e-02	6.2212	-5.242835	0.000894	8.940391	3.029086	0.072817
 157	7.8000e-02	6.2533	-4.915158	0.000805	8.046351	2.726178	0.065535
 158	7.8500e-02	6.3127	-5.242835	-0.000805	-8.046351	-2.726178	-0.065535
 159	7.9000e-02	6.3223	-5.097201	0.000358	3.576156	1.211635	0.029127
 160	7.9500e-02	6.3736	-4.951566	0.000358	3.576156	1.211635	0.029127
 161	8.0000e-02	6.4153	-4.915158	0.000089	0.894039	0.302909	0.007282
 162	8.0500e-02	6.4795	-4.878749	0.000089	0.894039	0.302909	0.007282
 163	8.1000e-02	6.4843	-4.514664	0.000894	8.940391	3.029086	0.072817
 164	8.1500e-02	6.5116	-4.514664	0.000000	0.000000	0.000000	0.000000
 165	8.2000e-02	6.5661	-4.332621	0.000447	4.470195	1.514543	0.036409
 166	8.2500e-02	6.6126	-4.514664	-0.000447	-4.470195	-1.514543	-0.036409
 167	8.3000e-02	6.6191	-3.932126	0.001430	14.304625	4.846538	0.116507
 168	8.3500e-02	6.7025	-3.968535	-0.000089	-0.894039	-0.302909	-0.007282
 169	8.4000e-02	6.7458	-3.895718	0.000179	1.788078	0.605817	0.014563
 170	8.4500e-02	6.7811	-4.077761	-0.000447	-4.470195	-1.514543	-0.036409
 171	8.5000e-02	6.8244	-3.677266	0.000983	9.834430	3.331995	0.080099
 172	8.5500e-02	6.8966	-3.604449	0.000179	1.788078	0.605817	0.014563
 173	8.6000e-02	6.9030	-3.385998	0.000536	5.364234	1.817452	0.043690
 174	8.6500e-02	6.9624	-3.568041	-0.000447	-4.470195	-1.514543	-0.036409
 175	8.7000e-02	6.9447	-3.203955	-0.000894	-8.940391	-3.029086	0.072817
 176	8.7500e-02	7.0185	-3.385998	-0.000447	-4.470195	-1.514543	-0.036409
 177	8.8000e-02	7.0747	-3.276772	0.000268	2.682117	0.908726	0.021845
 178	8.8500e-02	7.0875	-2.876278	0.000983	9.834430	3.331995	0.080099
 179	8.9000e-02	7.1629	-2.803460	0.000179	1.788078	0.605817	0.014563
 180	8.9500e-02	7.1693	-2.767052	0.000089	0.894039	0.302909	0.007282
 181	9.0000e-02	7.2367	-2.657826	0.000268	2.682117	0.908726	0.021845
 182	9.0500e-02	7.2367	-2.839869	0.000447	4.470195	1.514543	-0.036409
 183	9.1000e-02	7.2993	-2.621418	0.000536	5.364234	1.817452	0.043690
 184	9.1500e-02	7.3362	-2.512192	0.000268	2.682117	0.908726	0.021845
 185	9.2000e-02	7.3731	-2.694235	-0.000447	-4.470195	-1.514543	-0.036409
 186	9.2500e-02	7.4148	-2.148106	0.001341	13.410586	4.543629	0.109226
 187	9.3000e-02	7.4709	-2.002472	0.000358	3.576156	1.211635	0.029127
 188	9.3500e-02	7.5110	-1.856837	0.000358	3.576156	1.211635	0.029127
 189	9.4000e-02	7.5640	-2.002472	-0.000358	-3.576156	-1.211635	-0.029127
 190	9.4500e-02	7.5768	-1.820429	0.000447	4.470195	1.514543	0.036409
 191	9.5000e-02	7.6265	-1.747612	0.000179	1.788078	0.605817	0.014563
 192	9.5500e-02	7.6554	-1.601977	0.000358	3.576156	1.211635	0.029127
 193	9.6000e-02	7.6779	-1.638386	-0.000089	-0.894039	-0.302909	-0.007282
 194	9.6500e-02	7.7051	-1.237892	0.000983	9.834430	3.331995	0.080099
 195	9.7000e-02	7.7661	-1.165074	0.000179	1.788078	0.605817	0.014563
 196	9.7500e-02	7.8351	-1.274300	-0.000268	-2.682117	-0.908726	-0.021845
 197	9.8000e-02	7.8479	-0.800989	0.001162	11.622508	3.937812	0.094662
 198	9.8500e-02	7.9185	-1.274300	-0.001162	-11.622508	-3.937812	-0.094662
 199	9.9000e-02	7.9538	-0.473312	0.001967	19.668859	6.663990	0.160198
 200	9.9500e-02	7.9795	-1.092257	-0.001520	-15.198664	-5.149447	-0.123789
 201	1.0000e-01	8.0565	-0.800989	0.000715	7.152312	2.423269	0.058254
 202	1.0050e-01	8.0597	-0.618946	0.000447	4.470195	1.514543	0.036409
 203	1.0100e-01	8.0789	-0.182043	0.001073	10.728469	3.634904	0.087381
 204	1.0150e-01	8.1607	-0.327677	-0.000358	-3.576156	-1.211635	-0.029127
 205	1.0200e-01	8.1768	-0.218451	0.000268	2.682117	0.908726	0.021845
 206	1.0250e-01	8.2201	-0.509720	-0.000715	-7.152312	-2.423269	-0.058254
 207	1.0300e-01	8.2538	0.145634	0.001609	16.092703	5.452355	0.131071
 208	1.0350e-01	8.2907	-0.072817	-0.000536	-5.364234	-1.817452	-0.043690
 209	1.0400e-01	8.3661	0.327677	0.000983	9.834430	3.331995	0.080099
 210	1.0450e-01	8.4030	-0.036409	-0.000894	-8.940391	-3.029086	-0.072817
 211	1.0500e-01	8.4383	0.254860	0.000715	7.152312	2.423269	0.058254
 212	1.0550e-01	8.4687	0.473312	0.000536	5.364234	1.817452	0.043690
 213	1.0600e-01	8.5024	0.473312	0.000000	0.000000	0.000000	0.000000
 214	1.0650e-01	8.5313	0.764580	0.000715	7.152312	2.423269	0.058254
 215	1.0700e-01	8.5891	0.837397	0.000179	1.788078	0.605817	0.014563
 216	1.0750e-01	8.6163	0.764580	-0.000179	-1.788078	-0.605817	-0.014563
 217	1.0800e-01	8.6741	0.837397	0.000179	1.788078	0.605817	0.014563
 218	1.0850e-01	8.6853	1.201483	0.000894	8.940391	3.029086	0.072817
 219	1.0900e-01	8.7479	1.092257	-0.000268	-2.682117	-0.908726	-0.021845
 220	1.0950e-01	8.7768	1.492752	0.000983	9.834430	3.331995	0.080099
 221	1.1000e-01	8.8441	0.946623	-0.001341	-13.410586	-4.543629	-0.109226
 222	1.1050e-01	8.8602	1.492752	0.001341	13.410586	4.543629	0.109226
 223	1.1100e-01	8.9227	1.711203	0.000536	5.364234	1.817452	0.043690
 224	1.1150e-01	8.9243	1.529160	-0.000447	-4.470195	-1.514543	-0.036409
 225	1.1200e-01	8.9933	1.784020	0.000626	6.258273	2.120360	0.050972
 226	1.1250e-01	8.9837	1.820429	-0.000089	-0.894039	-0.302909	0.007282
 227	1.1300e-01	9.0784	1.820429	0.000000	0.000000	0.000000	0.000000
 228	1.1350e-01	9.0928	1.893246	0.000179	1.788078	0.605817	0.014563
 229	1.1400e-01	9.1778	1.893246	0.000000	0.000000	0.000000	0.000000
 230	1.1450e-01	9.1826	2.148106	0.000626	6.258273	2.120360	0.050972
 231	1.1500e-01	9.2163	2.257332	0.000268	2.682117	0.908726	0.021845
 232	1.1550e-01	9.2628	2.293740	0.000089	0.894039	0.302909	0.007282
 233	1.1600e-01	9.3110	2.439375	0.000358	3.576156	1.211635	0.029127
 234	1.1650e-01	9.3591	2.621418	0.000447	4.470195	1.514543	0.036409
 235	1.1700e-01	9.3703	2.621418	0.000000	0.000000	0.000000	0.000000
 236	1.1750e-01	9.4313	2.657826	0.000089	0.894039	0.302909	0.007282
 237	1.1800e-01	9.4634	2.694235	0.000089	0.894039	0.302909	0.007282
 238	1.1850e-01	9.4971	3.131138	0.001073	10.728469	3.634904	0.087381
 239	1.1900e-01	9.5243	3.203955	0.000179	1.788078	0.605817	0.014563
 240	1.1950e-01	9.5837	2.985503	-0.000536	-5.364234	-1.817452	-0.043690
 241	1.2000e-01	9.6382	3.422406	0.001073	10.728469	3.634904	0.087381
 242	1.2050e-01	9.6623	2.985503	-0.001073	-10.728469	-3.634904	-0.087381
 243	1.2100e-01	9.6992	3.349589	0.000894	8.940391	3.029086	0.072817
 244	1.2150e-01	9.7168	3.349589	0.000000	0.000000	0.000000	0.000000
 245	1.2200e-01	9.8083	3.968535	0.001520	15.198664	5.149447	0.123789
 246	1.2250e-01	9.8179	3.786492	-0.000447	-4.470195	-1.514543	-0.036409
 247	1.2300e-01	9.8532	3.822901	0.000089	0.894039	0.302909	0.007282
 248	1.2350e-01	9.9093	4.114169	0.000715	7.152312	2.423269	0.058254
 249	1.2400e-01	9.9430	3.895718	-0.000536	-5.364234	-1.817452	-0.043690
 250	1.2450e-01	9.9815	4.114169	0.000536	5.364234	1.817452	0.043690
 251	1.2500e-01	10.0345	4.004943	-0.000268	-2.682117	-0.908726	-0.021845
 252	1.2550e-01	10.0489	4.186986	0.000447	4.470195	1.514543	0.036409
 253	1.2600e-01	10.0778	4.369029	0.000447	4.470195	1.514543	0.036409
 254	1.2650e-01	10.1323	4.332621	-0.000089	-0.894039	-0.302909	-0.007282
 255	1.2700e-01	10.1724	4.514664	0.000447	4.470195	1.514543	0.036409
 256	1.2750e-01	10.2222	4.514664	0.000000	0.000000	0.000000	0.000000
 257	1.2800e-01	10.2735	4.878749	0.000894	8.940391	3.029086	0.072817
 258	1.2850e-01	10.3216	4.514664	-0.000894	-8.940391	-3.029086	-0.072817
 259	1.2900e-01	10.3521	5.242835	0.001788	17.880781	6.058173	0.145634
 260	1.2950e-01	10.3778	4.733115	-0.001252	-12.516547	-4.240721	-0.101944
 261	1.3000e-01	10.4291	5.170018	0.001073	10.728469	3.634904	0.087381
 262	1.3050e-01	10.4676	4.915158	-0.000626	-6.258273	-2.120360	-0.050972
 263	1.3100e-01	10.5190	4.878749	-0.000089	-0.894039	-0.302909	-0.007282
 264	1.3150e-01	10.5302	5.388469	0.001252	12.516547	4.240721	0.101944
 265	1.3200e-01	10.5751	5.424878	0.000089	0.894039	0.302909	0.007282
 266	1.3250e-01	10.6393	5.679738	0.000626	6.258273	2.120360	0.050972
 267	1.3300e-01	10.6569	5.242835	-0.001073	-10.728469	-3.634904	-0.087381
 268	1.3350e-01	10.7131	5.788964	0.001341	13.410586	4.543629	0.109226
 269	1.3400e-01	10.7644	5.788964	0.000000	0.000000	0.000000	0.000000
 270	1.3450e-01	10.8013	5.898189	0.000268	2.682117	0.908726	0.021845
 271	1.3500e-01	10.8254	5.716147	-0.000447	-4.470195	-1.514543	-0.036409
 272	1.3550e-01	10.8591	5.971007	0.000626	6.258273	2.120360	0.050972
 273	1.3600e-01	10.9008	5.825372	-0.000358	-3.576156	-1.211635	-0.029127
 274	1.3650e-01	10.9328	6.371501	0.001341	13.410586	4.543629	0.109226
 275	1.3700e-01	11.0098	6.626361	0.000626	6.258273	2.120360	0.050972
 276	1.3750e-01	11.0018	6.189458	0.001073	10.728469	3.634904	-0.087381
 277	1.3800e-01	11.0612	6.735587	0.001341	13.410586	4.543629	0.109226
 278	1.3850e-01	11.1157	6.589952	-0.000358	-3.576156	-1.211635	-0.029127
 279	1.3900e-01	11.1205	6.517135	-0.000179	-1.788078	-0.605817	-0.014563
 280	1.3950e-01	11.1783	6.771995	0.000626	6.258273	2.120360	0.050972
 281	1.4000e-01	11.2425	6.808404	0.000089	0.894039	0.302909	0.007282
 282	1.4050e-01	11.2713	6.954038	0.000358	3.576156	1.211635	0.029127
 283	1.4100e-01	11.3050	7.281715	0.000805	8.046351	2.726178	0.065535
 284	1.4150e-01	11.3339	6.844812	-0.001073	-10.728469	-3.634904	-0.087381
 285	1.4200e-01	11.3933	7.172490	0.000805	8.046351	2.726178	0.065535
 286	1.4250e-01	11.3997	7.281715	0.000268	2.682117	0.908726	0.021845
 287	1.4300e-01	11.4478	7.609393	0.000805	8.046351	2.726178	0.065535
 288	1.4350e-01	11.4815	7.390941	-0.000536	-5.364234	-1.817452	-0.043690
 289	1.4400e-01	11.5312	7.354533	-0.000089	-0.894039	-0.302909	-0.007282
 290	1.4450e-01	11.5890	7.755027	0.000983	9.834430	3.331995	0.080099
 291	1.4500e-01	11.6612	8.337564	0.001430	14.304625	4.846538	0.116507
 292	1.4550e-01	11.6724	7.427350	-0.002235	-22.350976	-7.572716	-0.182043
 293	1.4600e-01	11.7414	7.718618	0.000715	7.152312	2.423269	0.058254
 294	1.4650e-01	11.7526	7.755027	0.000089	0.894039	0.302909	0.007282
 295	1.4700e-01	11.7799	8.155521	0.000983	9.834430	3.331995	0.080099
 296	1.4750e-01	11.8232	8.155521	0.000000	0.000000	0.000000	0.000000
 297	1.4800e-01	11.8505	8.410381	0.000626	6.258273	2.120360	0.050972
 298	1.4850e-01	11.8826	8.373973	-0.000089	-0.894039	-0.302909	-0.007282
 299	1.4900e-01	11.9034	8.519607	0.000358	3.576156	1.211635	0.029127
 300	1.4950e-01	11.9772	8.519607	0.000000	0.000000	0.000000	0.000000
 301	1.5000e-01	12.0237	8.701650	0.000447	4.470195	1.514543	0.036409
 302	1.5050e-01	12.0558	8.847284	0.000358	3.576156	1.211635	0.029127
 303	1.5100e-01	12.1007	8.847284	0.000000	0.000000	0.000000	0.000000
 304	1.5150e-01	12.1344	8.920101	0.000179	1.788078	0.605817	0.014563
 305	1.5200e-01	12.1825	8.920101	0.000000	0.000000	0.000000	0.000000
 306	1.5250e-01	12.2307	9.029327	0.000268	2.682117	0.908726	0.021845
 307	1.5300e-01	12.2531	9.284187	0.000626	6.258273	2.120360	0.050972
 308	1.5350e-01	12.3189	8.701650	-0.001430	-14.304625	-4.846538	-0.116507
 309	1.5400e-01	12.3446	9.357004	0.001609	16.092703	5.452355	0.131071
 310	1.5450e-01	12.3686	9.539047	0.000447	4.470195	1.514543	0.036409
 311	1.5500e-01	12.4264	9.320596	-0.000536	-5.364234	-1.817452	-0.043690
 312	1.5550e-01	12.4488	9.393413	0.000179	1.788078	0.605817	0.014563
 313	1.5600e-01	12.5034	10.230810	0.002056	20.562898	6.966898	0.167479
 314	1.5650e-01	12.5387	9.429821	-0.001967	-19.668859	-6.663990	-0.160198
 315	1.5700e-01	12.5660	9.611864	0.000447	4.470195	1.514543	0.036409
 316	1.5750e-01	12.6205	9.866724	0.000626	6.258273	2.120360	0.050972
 317	1.5800e-01	12.6654	10.012359	0.000358	3.576156	1.211635	0.029127
 318	1.5850e-01	12.7023	10.230810	0.000536	5.364234	1.817452	0.043690
 319	1.5900e-01	12.7216	10.194402	-0.000089	-0.894039	-0.302909	-0.007282
 320	1.5950e-01	12.7681	10.340036	0.000358	3.576156	1.211635	0.029127
 321	1.6000e-01	12.8146	10.157993	-0.000447	-4.470195	-1.514543	-0.036409
 322	1.6050e-01	12.8515	10.522079	0.000894	8.940391	3.029086	0.072817
 323	1.6100e-01	12.9189	10.267219	-0.000626	-6.258273	-2.120360	-0.050972
 324	1.6150e-01	12.8740	10.376444	-0.000268	-2.682117	-0.908726	0.021845
 325	1.6200e-01	12.9718	10.594896	0.000536	5.364234	1.817452	0.043690
 326	1.6250e-01	13.0119	10.740530	0.000358	3.576156	1.211635	0.029127
 327	1.6300e-01	13.0633	10.776939	0.000089	0.894039	0.302909	0.007282
 328	1.6350e-01	13.1098	10.631304	-0.000358	-3.576156	-1.211635	-0.029127
 329	1.6400e-01	13.1146	11.286659	0.001609	16.092703	5.452355	0.131071
 330	1.6450e-01	13.1675	11.359476	0.000179	1.788078	0.605817	0.014563
 331	1.6500e-01	13.2157	11.323067	-0.000089	-0.894039	-0.302909	-0.007282
 332	1.6550e-01	13.2895	11.177433	-0.000358	-3.576156	-1.211635	-0.029127
 333	1.6600e-01	13.3023	11.359476	0.000447	4.470195	1.514543	0.036409
 334	1.6650e-01	13.3232	11.541519	0.000447	4.470195	1.514543	0.036409
 335	1.6700e-01	13.3986	11.395885	-0.000358	-3.576156	-1.211635	-0.029127
 336	1.6750e-01	13.4338	11.432293	0.000089	0.894039	0.302909	0.007282
 337	1.6800e-01	13.4483	11.505110	0.000179	1.788078	0.605817	0.014563
 338	1.6850e-01	13.4723	11.723562	0.000536	5.364234	1.817452	0.043690
 339	1.6900e-01	13.5558	11.723562	0.000000	0.000000	0.000000	0.000000
 340	1.6950e-01	13.5590	12.196873	0.001162	11.622508	3.937812	0.094662
 341	1.7000e-01	13.6167	11.942013	-0.000626	-6.258273	-2.120360	-0.050972
 342	1.7050e-01	13.6520	12.087648	0.000358	3.576156	1.211635	0.029127
 343	1.7100e-01	13.7050	12.415325	0.000805	8.046351	2.726178	0.065535
 344	1.7150e-01	13.7354	12.269690	-0.000358	-3.576156	-1.211635	-0.029127
 345	1.7200e-01	13.7804	12.160465	-0.000268	-2.682117	-0.908726	-0.021845
 346	1.7250e-01	13.8189	12.451733	0.000715	7.152312	2.423269	0.058254
 347	1.7300e-01	13.8493	12.342508	-0.000268	-2.682117	-0.908726	-0.021845
 348	1.7350e-01	13.8911	12.743002	0.000983	9.834430	3.331995	0.080099
 349	1.7400e-01	13.9344	12.743002	0.000000	0.000000	0.000000	0.000000
 350	1.7450e-01	13.9777	12.560959	-0.000447	-4.470195	-1.514543	-0.036409
 351	1.7500e-01	14.0146	12.670185	0.000268	2.682117	0.908726	0.021845
 352	1.7550e-01	14.0451	13.143496	0.001162	11.622508	3.937812	0.094662
 353	1.7600e-01	14.0980	12.779411	-0.000894	-8.940391	-3.029086	-0.072817
 354	1.7650e-01	14.1413	13.252722	0.001162	11.622508	3.937812	0.094662
 355	1.7700e-01	14.1750	12.706593	-0.001341	-13.410586	-4.543629	-0.109226
 356	1.7750e-01	14.2151	13.143496	0.001073	10.728469	3.634904	0.087381
 357	1.7800e-01	14.2456	12.997862	-0.000358	-3.576156	-1.211635	-0.029127
 358	1.7850e-01	14.3033	13.398356	0.000983	9.834430	3.331995	0.080099
 359	1.7900e-01	14.3242	13.325539	-0.000179	-1.788078	-0.605817	-0.014563
 360	1.7950e-01	14.3611	13.798851	0.001162	11.622508	3.937812	0.094662
 361	1.8000e-01	14.4301	13.325539	-0.001162	-11.622508	-3.937812	-0.094662
 362	1.8050e-01	14.4782	13.653216	0.000805	8.046351	2.726178	0.065535
 363	1.8100e-01	14.5039	13.689625	0.000089	0.894039	0.302909	0.007282
 364	1.8150e-01	14.4894	13.835259	-0.000358	-3.576156	-1.211635	0.029127
 365	1.8200e-01	14.5632	13.871668	0.000089	0.894039	0.302909	0.007282
 366	1.8250e-01	14.5985	13.944485	0.000179	1.788078	0.605817	0.014563
 367	1.8300e-01	14.6306	13.835259	-0.000268	-2.682117	-0.908726	-0.021845
 368	1.8350e-01	14.6916	13.980894	0.000358	3.576156	1.211635	0.029127
 369	1.8400e-01	14.7461	14.344979	0.000894	8.940391	3.029086	0.072817
 370	1.8450e-01	14.8023	14.272162	-0.000179	-1.788078	-0.605817	-0.014563
 371	1.8500e-01	14.8087	14.235754	-0.000089	-0.894039	-0.302909	-0.007282
 372	1.8550e-01	14.8408	14.818291	0.001430	14.304625	4.846538	0.116507
 373	1.8600e-01	14.8809	14.381388	-0.001073	-10.728469	-3.634904	-0.087381
 374	1.8650e-01	14.9386	14.381388	0.000000	0.000000	0.000000	0.000000
 375	1.8700e-01	14.9819	14.927517	0.001341	13.410586	4.543629	0.109226
 376	1.8750e-01	15.0044	14.563431	-0.000894	-8.940391	-3.029086	-0.072817
 377	1.8800e-01	15.0461	14.563431	0.000000	0.000000	0.000000	0.000000
 378	1.8850e-01	15.0910	14.745474	0.000447	4.470195	1.514543	0.036409
 379	1.8900e-01	15.1295	14.818291	0.000179	1.788078	0.605817	0.014563
 380	1.8950e-01	15.1696	15.000334	0.000447	4.470195	1.514543	0.036409
 381	1.9000e-01	15.2129	15.255194	0.000626	6.258273	2.120360	0.050972
 382	1.9050e-01	15.2755	15.000334	-0.000626	-6.258273	-2.120360	-0.050972
 383	1.9100e-01	15.3092	15.291602	0.000715	7.152312	2.423269	0.058254
 384	1.9150e-01	15.3413	15.655688	0.000894	8.940391	3.029086	0.072817
 385	1.9200e-01	15.3782	15.145968	-0.001252	-12.516547	-4.240721	-0.101944
 386	1.9250e-01	15.4295	15.546462	0.000983	9.834430	3.331995	0.080099
 387	1.9300e-01	15.4327	15.364419	-0.000447	-4.470195	-1.514543	-0.036409
 388	1.9350e-01	15.5065	15.510054	0.000358	3.576156	1.211635	0.029127
 389	1.9400e-01	15.5386	15.801322	0.000715	7.152312	2.423269	0.058254
 390	1.9450e-01	15.5867	15.874140	0.000179	1.788078	0.605817	0.014563
 391	1.9500e-01	15.6140	15.983365	0.000268	2.682117	0.908726	0.021845
 392	1.9550e-01	15.6429	15.837731	-0.000358	-3.576156	-1.211635	-0.029127
 393	1.9600e-01	15.7070	16.565903	0.001788	17.880781	6.058173	0.145634
 394	1.9650e-01	15.7343	15.910548	-0.001609	-16.092703	-5.452355	-0.131071
 395	1.9700e-01	15.7840	16.383860	0.001162	11.622508	3.937812	0.094662
 396	1.9750e-01	15.8161	16.092591	-0.000715	-7.152312	-2.423269	-0.058254
 397	1.9800e-01	15.8482	16.456677	0.000894	8.940391	3.029086	0.072817
 398	1.9850e-01	15.8915	16.019774	-0.001073	-10.728469	-3.634904	-0.087381
 399	1.9900e-01	15.9348	16.565903	0.001341	13.410586	4.543629	0.109226
 400	1.9950e-01	15.9637	17.002805	0.001073	10.728469	3.634904	0.087381
 401	2.0000e-01	16.0359	16.565903	-0.001073	-10.728469	-3.634904	-0.087381
 402	2.0050e-01	16.0616	16.784354	0.000536	5.364234	1.817452	0.043690
 403	2.0100e-01	16.1049	16.966397	0.000447	4.470195	1.514543	0.036409
 404	2.0150e-01	16.1402	16.711537	-0.000626	-6.258273	-2.120360	-0.050972
 405	2.0200e-01	16.1546	17.039214	0.000805	8.046351	2.726178	0.065535
 406	2.0250e-01	16.2268	16.893580	-0.000358	-3.576156	-1.211635	-0.029127
 407	2.0300e-01	16.2717	17.184848	0.000715	7.152312	2.423269	0.058254
 408	2.0350e-01	16.2862	17.221257	0.000089	0.894039	0.302909	0.007282
 409	2.0400e-01	16.3552	17.184848	-0.000089	-0.894039	-0.302909	-0.007282
 410	2.0450e-01	16.4001	17.366891	0.000447	4.470195	1.514543	0.036409
 411	2.0500e-01	16.4338	17.548934	0.000447	4.470195	1.514543	0.036409
 412	2.0550e-01	16.4466	17.585343	0.000089	0.894039	0.302909	0.007282
 413	2.0600e-01	16.5043	17.621751	0.000089	0.894039	0.302909	0.007282
 414	2.0650e-01	16.5027	17.730977	-0.000268	-2.682117	-0.908726	0.021845
 415	2.0700e-01	16.5717	17.658160	-0.000179	-1.788078	-0.605817	-0.014563
 416	2.0750e-01	16.6423	17.512526	-0.000358	-3.576156	-1.211635	-0.029127
 417	2.0800e-01	16.6551	17.949428	0.001073	10.728469	3.634904	0.087381
 418	2.0850e-01	16.6953	17.658160	-0.000715	-7.152312	-2.423269	-0.058254
 419	2.0900e-01	16.7610	18.677600	0.002503	25.033093	8.481442	0.203888
 420	2.0950e-01	16.7915	17.985837	-0.001699	-16.986742	-5.755264	-0.138353
 421	2.1000e-01	16.8124	18.022246	0.000089	0.894039	0.302909	0.007282
 422	2.1050e-01	16.8765	18.240697	0.000536	5.364234	1.817452	0.043690
 423	2.1100e-01	16.9038	18.349923	0.000268	2.682117	0.908726	0.021845
 424	2.1150e-01	16.9455	18.386331	0.000089	0.894039	0.302909	0.007282
 425	2.1200e-01	16.9920	18.531966	0.000358	3.576156	1.211635	0.029127
 426	2.1250e-01	17.0113	18.386331	-0.000358	-3.576156	-1.211635	-0.029127
 427	2.1300e-01	17.0353	18.459149	0.000179	1.788078	0.605817	0.014563
 428	2.1350e-01	17.0995	18.932460	0.001162	11.622508	3.937812	0.094662
 429	2.1400e-01	17.1541	18.641191	-0.000715	-7.152312	-2.423269	-0.058254
 430	2.1450e-01	17.1749	19.078094	0.001073	10.728469	3.634904	0.087381
 431	2.1500e-01	17.2407	18.714009	-0.000894	-8.940391	-3.029086	-0.072817
 432	2.1550e-01	17.2567	18.932460	0.000536	5.364234	1.817452	0.043690
 433	2.1600e-01	17.3017	18.896051	-0.000089	-0.894039	-0.302909	-0.007282
 434	2.1650e-01	17.3642	19.114503	0.000536	5.364234	1.817452	0.043690
 435	2.1700e-01	17.3706	19.223729	0.000268	2.682117	0.908726	0.021845
 436	2.1750e-01	17.4059	19.260137	0.000089	0.894039	0.302909	0.007282
 437	2.1800e-01	17.4637	19.442180	0.000447	4.470195	1.514543	0.036409
 438	2.1850e-01	17.4990	19.624223	0.000447	4.470195	1.514543	0.036409
 439	2.1900e-01	17.5359	19.405772	-0.000536	-5.364234	-1.817452	-0.043690
 440	2.1950e-01	17.5728	19.806266	0.000983	9.834430	3.331995	0.080099
 441	2.2000e-01	17.6273	19.769857	-0.000089	-0.894039	-0.302909	-0.007282
 442	2.2050e-01	17.6658	19.806266	0.000089	0.894039	0.302909	0.007282
 443	2.2100e-01	17.7171	20.061126	0.000626	6.258273	2.120360	0.050972
 444	2.2150e-01	17.7605	19.769857	-0.000715	-7.152312	-2.423269	-0.058254
 445	2.2200e-01	17.7589	19.806266	-0.000089	-0.894039	-0.302909	0.007282
 446	2.2250e-01	17.8054	20.097534	0.000715	7.152312	2.423269	0.058254
 447	2.2300e-01	17.8760	20.206760	0.000268	2.682117	0.908726	0.021845
 448	2.2350e-01	17.8856	20.315986	0.000268	2.682117	0.908726	0.021845
 449	2.2400e-01	17.9385	20.607255	0.000715	7.152312	2.423269	0.058254
 450	2.2450e-01	17.9786	20.133943	-0.001162	-11.622508	-3.937812	-0.094662
 451	2.2500e-01	18.0428	20.862115	0.001788	17.880781	6.058173	0.145634
 452	2.2550e-01	18.0621	20.315986	-0.001341	-13.410586	-4.543629	-0.109226
 453	2.2600e-01	18.0861	20.570846	0.000626	6.258273	2.120360	0.050972
 454	2.2650e-01	18.1423	21.116975	0.001341	13.410586	4.543629	0.109226
 455	2.2700e-01	18.1711	20.680072	-0.001073	-10.728469	-3.634904	-0.087381
 456	2.2750e-01	18.2161	20.934932	0.000626	6.258273	2.120360	0.050972
 457	2.2800e-01	18.2594	20.789297	-0.000358	-3.576156	-1.211635	-0.029127
 458	2.2850e-01	18.2931	21.116975	0.000805	8.046351	2.726178	0.065535
 459	2.2900e-01	18.3444	20.643663	-0.001162	-11.622508	-3.937812	-0.094662
 460	2.2950e-01	18.3588	21.080566	0.001073	10.728469	3.634904	0.087381
 461	2.3000e-01	18.4118	21.153383	0.000179	1.788078	0.605817	0.014563
 462	2.3050e-01	18.4679	21.226200	0.000179	1.788078	0.605817	0.014563
 463	2.3100e-01	18.4856	21.553878	0.000805	8.046351	2.726178	0.065535
 464	2.3150e-01	18.5401	21.553878	0.000000	0.000000	0.000000	0.000000
 465	2.3200e-01	18.5754	21.772329	0.000536	5.364234	1.817452	0.043690
 466	2.3250e-01	18.6444	21.189792	-0.001430	-14.304625	-4.846538	-0.116507
 467	2.3300e-01	18.6717	21.917963	0.001788	17.880781	6.058173	0.145634
 468	2.3350e-01	18.6957	21.772329	-0.000358	-3.576156	-1.211635	-0.029127
 469	2.3400e-01	18.7310	21.881555	0.000268	2.682117	0.908726	0.021845
 470	2.3450e-01	18.7808	22.282049	0.000983	9.834430	3.331995	0.080099
 471	2.3500e-01	18.8305	22.100006	-0.000447	-4.470195	-1.514543	-0.036409
 472	2.3550e-01	18.8545	22.245641	0.000358	3.576156	1.211635	0.029127
 473	2.3600e-01	18.8786	22.100006	-0.000358	-3.576156	-1.211635	-0.029127
 474	2.3650e-01	18.9476	22.209232	0.000268	2.682117	0.908726	0.021845
 475	2.3700e-01	18.9733	22.391275	0.000447	4.470195	1.514543	0.036409
 476	2.3750e-01	19.0246	22.427683	0.000089	0.894039	0.302909	0.007282
 477	2.3800e-01	19.0535	22.282049	-0.000358	-3.576156	-1.211635	-0.029127
 478	2.3850e-01	19.0984	22.573318	0.000715	7.152312	2.423269	0.058254
 479	2.3900e-01	19.1545	22.718952	0.000358	3.576156	1.211635	0.029127
 480	2.3950e-01	19.1882	22.718952	0.000000	0.000000	0.000000	0.000000
 481	2.4000e-01	19.2123	22.900995	0.000447	4.470195	1.514543	0.036409
 482	2.4050e-01	19.2572	22.282049	-0.001520	-15.198664	-5.149447	-0.123789
 483	2.4100e-01	19.3069	22.937403	0.001609	16.092703	5.452355	0.131071
 484	2.4150e-01	19.3310	22.937403	0.000000	0.000000	0.000000	0.000000
 485	2.4200e-01	19.3679	23.265081	0.000805	8.046351	2.726178	0.065535
 486	2.4250e-01	19.3920	23.046629	-0.000536	-5.364234	-1.817452	-0.043690
 487	2.4300e-01	19.4738	23.483532	0.001073	10.728469	3.634904	0.087381
 488	2.4350e-01	19.4834	23.119446	-0.000894	-8.940391	-3.029086	-0.072817
 489	2.4400e-01	19.5363	23.410715	0.000715	7.152312	2.423269	0.058254
 490	2.4450e-01	19.5845	23.374306	-0.000089	-0.894039	-0.302909	-0.007282
 491	2.4500e-01	19.6166	23.629166	0.000626	6.258273	2.120360	0.050972
 492	2.4550e-01	19.6502	23.556349	-0.000179	-1.788078	-0.605817	-0.014563
 493	2.4600e-01	19.7096	23.447124	-0.000268	-2.682117	-0.908726	-0.021845
 494	2.4650e-01	19.7337	23.993252	0.001341	13.410586	4.543629	0.109226
 495	2.4700e-01	19.7577	23.847618	-0.000358	-3.576156	-1.211635	-0.029127
 496	2.4750e-01	19.8107	23.993252	0.000358	3.576156	1.211635	0.029127
 497	2.4800e-01	19.8235	23.993252	0.000000	0.000000	0.000000	0.000000
 498	2.4850e-01	19.9005	24.138887	0.000358	3.576156	1.211635	0.029127
 499	2.4900e-01	19.9182	24.211704	0.000179	1.788078	0.605817	0.014563
 500	2.4950e-01	19.9695	24.357338	0.000358	3.576156	1.211635	0.029127
 501	2.5000e-01	20.0321	24.466564	0.000268	2.682117	0.908726	0.021845
 502	2.5050e-01	19.9887	24.430155	0.000089	0.894039	0.302909	-0.007282
 503	2.5100e-01	19.9278	24.138887	0.000715	7.152312	2.423269	-0.058254
 504	2.5150e-01	19.8732	24.575789	-0.001073	-10.728469	-3.634904	0.087381
 505	2.5200e-01	19.8283	24.867058	-0.000715	-7.152312	-2.423269	0.058254
 506	2.5250e-01	19.8187	24.320929	0.001341	13.410586	4.543629	-0.109226
 507	2.5300e-01	19.7786	24.102478	0.000536	5.364234	1.817452	-0.043690
 508	2.5350e-01	19.7176	24.539381	-0.001073	-10.728469	-3.634904	0.087381
 509	2.5400e-01	19.6759	24.612198	-0.000179	-1.788078	-0.605817	0.014563
 510	2.5450e-01	19.6214	24.284521	0.000805	8.046351	2.726178	-0.065535
 511	2.5500e-01	19.6166	24.320929	-0.000089	-0.894039	-0.302909	0.007282
 512	2.5550e-01	19.5476	24.466564	-0.000358	-3.576156	-1.211635	0.029127
 513	2.5600e-01	19.5043	24.466564	-0.000000	-0.000000	-0.000000	0.000000
 514	2.5650e-01	19.4593	24.393747	0.000179	1.788078	0.605817	-0.014563
 515	2.5700e-01	19.4497	24.320929	0.000179	1.788078	0.605817	-0.014563
 516	2.5750e-01	19.3936	24.320929	-0.000000	-0.000000	-0.000000	0.000000
 517	2.5800e-01	19.4160	24.248112	-0.000179	-1.788078	-0.605817	-0.014563
 518	2.5850e-01	19.3390	24.248112	-0.000000	-0.000000	-0.000000	0.000000
 519	2.5900e-01	19.2941	23.956844	0.000715	7.152312	2.423269	-0.058254
 520	2.5950e-01	19.2235	24.138887	-0.000447	-4.470195	-1.514543	0.036409
 521	2.6000e-01	19.1979	23.956844	0.000447	4.470195	1.514543	-0.036409
 522	2.6050e-01	19.1561	23.884026	0.000179	1.788078	0.605817	-0.014563
 523	2.6100e-01	19.0823	23.884026	-0.000000	-0.000000	-0.000000	0.000000
 524	2.6150e-01	19.0791	23.483532	0.000983	9.834430	3.331995	-0.080099
 525	2.6200e-01	19.0519	23.556349	-0.000179	-1.788078	-0.605817	0.014563
 526	2.6250e-01	19.0102	23.701984	-0.000358	-3.576156	-1.211635	0.029127
 527	2.6300e-01	18.9861	23.665575	0.000089	0.894039	0.302909	-0.007282
 528	2.6350e-01	18.9235	23.556349	0.000268	2.682117	0.908726	-0.021845
 529	2.6400e-01	18.8786	23.519941	0.000089	0.894039	0.302909	-0.007282
 530	2.6450e-01	18.8449	23.301489	0.000536	5.364234	1.817452	-0.043690
 531	2.6500e-01	18.8048	23.592758	-0.000715	-7.152312	-2.423269	0.058254
 532	2.6550e-01	18.7583	23.519941	0.000179	1.788078	0.605817	-0.014563
 533	2.6600e-01	18.7294	23.447124	0.000179	1.788078	0.605817	-0.014563
 534	2.6650e-01	18.6909	23.192264	0.000626	6.258273	2.120360	-0.050972
 535	2.6700e-01	18.6316	23.483532	-0.000715	-7.152312	-2.423269	0.058254
 536	2.6750e-01	18.5834	22.937403	0.001341	13.410586	4.543629	-0.109226
 537	2.6800e-01	18.5369	23.010221	-0.000179	-1.788078	-0.605817	0.014563
 538	2.6850e-01	18.5128	23.010221	-0.000000	-0.000000	-0.000000	0.000000
 539	2.6900e-01	18.4872	23.083038	-0.000179	-1.788078	-0.605817	0.014563
 540	2.6950e-01	18.4487	23.592758	-0.001252	-12.516547	-4.240721	0.101944
 541	2.7000e-01	18.3893	22.755361	0.002056	20.562898	6.966898	-0.167479
 542	2.7050e-01	18.3797	22.900995	-0.000358	-3.576156	-1.211635	0.029127
 543	2.7100e-01	18.3203	23.119446	-0.000536	-5.364234	-1.817452	0.043690
 544	2.7150e-01	18.2802	22.573318	0.001341	13.410586	4.543629	-0.109226
 545	2.7200e-01	18.2626	22.573318	-0.000000	-0.000000	-0.000000	0.000000
 546	2.7250e-01	18.1920	22.500501	0.000179	1.788078	0.605817	-0.014563
 547	2.7300e-01	18.1856	22.900995	-0.000983	-9.834430	-3.331995	0.080099
 548	2.7350e-01	18.1342	22.464092	0.001073	10.728469	3.634904	-0.087381
 549	2.7400e-01	18.0925	22.282049	0.000447	4.470195	1.514543	-0.036409
 550	2.7450e-01	18.0637	22.391275	-0.000268	-2.682117	-0.908726	0.021845
 551	2.7500e-01	17.9979	22.209232	0.000447	4.470195	1.514543	-0.036409
 552	2.7550e-01	17.9642	22.573318	-0.000894	-8.940391	-3.029086	0.072817
 553	2.7600e-01	17.9385	22.100006	0.001162	11.622508	3.937812	-0.094662
 554	2.7650e-01	17.8776	22.100006	-0.000000	-0.000000	-0.000000	0.000000
 555	2.7700e-01	17.8439	22.100006	-0.000000	-0.000000	-0.000000	0.000000
 556	2.7750e-01	17.7749	21.845146	0.000626	6.258273	2.120360	-0.050972
 557	2.7800e-01	17.7733	22.536909	-0.001699	-16.986742	-5.755264	0.138353
 558	2.7850e-01	17.7428	21.590286	0.002325	23.245015	7.875624	-0.189325
 559	2.7900e-01	17.6899	21.845146	-0.000626	-6.258273	-2.120360	0.050972
 560	2.7950e-01	17.6385	21.772329	0.000179	1.788078	0.605817	-0.014563
 561	2.8000e-01	17.5936	22.100006	-0.000805	-8.046351	-2.726178	0.065535
 562	2.8050e-01	17.5663	21.590286	0.001252	12.516547	4.240721	-0.101944
 563	2.8100e-01	17.5262	21.663103	-0.000179	-1.788078	-0.605817	0.014563
 564	2.8150e-01	17.4861	21.371835	0.000715	7.152312	2.423269	-0.058254
 565	2.8200e-01	17.4396	21.517469	-0.000358	-3.576156	-1.211635	0.029127
 566	2.8250e-01	17.3947	21.408243	0.000268	2.682117	0.908726	-0.021845
 567	2.8300e-01	17.3546	21.189792	0.000536	5.364234	1.817452	-0.043690
 568	2.8350e-01	17.2968	21.408243	-0.000536	-5.364234	-1.817452	0.043690
 569	2.8400e-01	17.3049	21.262609	-0.000358	-3.576156	-1.211635	-0.029127
 570	2.8450e-01	17.2439	20.898523	0.000894	8.940391	3.029086	-0.072817
 571	2.8500e-01	17.2102	20.862115	0.000089	0.894039	0.302909	-0.007282
 572	2.8550e-01	17.1653	21.080566	-0.000536	-5.364234	-1.817452	0.043690
 573	2.8600e-01	17.1091	21.044157	0.000089	0.894039	0.302909	-0.007282
 574	2.8650e-01	17.0963	20.971340	0.000179	1.788078	0.605817	-0.014563
 575	2.8700e-01	17.0498	20.934932	0.000089	0.894039	0.302909	-0.007282
 576	2.8750e-01	17.0033	20.425212	0.001252	12.516547	4.240721	-0.101944
 577	2.8800e-01	16.9583	20.461620	-0.000089	-0.894039	-0.302909	0.007282
 578	2.8850e-01	16.9567	20.680072	-0.000536	-5.364234	-1.817452	0.043690
 579	2.8900e-01	16.9118	20.534437	0.000358	3.576156	1.211635	-0.029127
 580	2.8950e-01	16.8541	20.534437	-0.000000	-0.000000	-0.000000	0.000000
 581	2.9000e-01	16.8220	20.425212	0.000268	2.682117	0.908726	-0.021845
 582	2.9050e-01	16.7578	20.243169	0.000447	4.470195	1.514543	-0.036409
 583	2.9100e-01	16.7354	20.862115	-0.001520	-15.198664	-5.149447	0.123789
 584	2.9150e-01	16.6888	19.733449	0.002772	27.715211	9.390168	-0.225733
 585	2.9200e-01	16.6471	20.643663	-0.002235	-22.350976	-7.572716	0.182043
 586	2.9250e-01	16.6134	19.915492	0.001788	17.880781	6.058173	-0.145634
 587	2.9300e-01	16.5830	19.915492	-0.000000	-0.000000	-0.000000	0.000000
 588	2.9350e-01	16.5493	20.133943	-0.000536	-5.364234	-1.817452	0.043690
 589	2.9400e-01	16.4771	19.806266	0.000805	8.046351	2.726178	-0.065535
 590	2.9450e-01	16.4402	19.951900	-0.000358	-3.576156	-1.211635	0.029127
 591	2.9500e-01	16.3888	19.660632	0.000715	7.152312	2.423269	-0.058254
 592	2.9550e-01	16.3696	19.624223	0.000089	0.894039	0.302909	-0.007282
 593	2.9600e-01	16.3118	19.915492	-0.000715	-7.152312	-2.423269	0.058254
 594	2.9650e-01	16.2862	19.551406	0.000894	8.940391	3.029086	-0.072817
 595	2.9700e-01	16.2621	19.697040	-0.000358	-3.576156	-1.211635	0.029127
 596	2.9750e-01	16.2044	19.187320	0.001252	12.516547	4.240721	-0.101944
 597	2.9800e-01	16.1707	19.296546	-0.000268	-2.682117	-0.908726	0.021845
 598	2.9850e-01	16.1354	19.405772	-0.000268	-2.682117	-0.908726	0.021845
 599	2.9900e-01	16.0792	19.005277	0.000983	9.834430	3.331995	-0.080099
 600	2.9950e-01	16.0728	19.478589	-0.001162	-11.622508	-3.937812	0.094662
 601	3.0000e-01	16.0070	19.078094	0.000983	9.834430	3.331995	-0.080099
 602	3.0050e-01	15.9653	19.005277	0.000179	1.788078	0.605817	-0.014563
 603	3.0100e-01	15.9316	18.823234	0.000447	4.470195	1.514543	-0.036409
 604	3.0150e-01	15.8771	18.932460	-0.000268	-2.682117	-0.908726	0.021845
 605	3.0200e-01	15.8675	18.932460	-0.000000	-0.000000	-0.000000	0.000000
 606	3.0250e-01	15.8129	18.823234	0.000268	2.682117	0.908726	-0.021845
 607	3.0300e-01	15.7760	18.968869	-0.000358	-3.576156	-1.211635	0.029127
 608	3.0350e-01	15.7263	18.495557	0.001162	11.622508	3.937812	-0.094662
 609	3.0400e-01	15.6718	18.531966	-0.000089	-0.894039	-0.302909	0.007282
 610	3.0450e-01	15.6782	18.531966	0.000000	0.000000	0.000000	0.000000
 611	3.0500e-01	15.5835	18.604783	-0.000179	-1.788078	-0.605817	0.014563
 612	3.0550e-01	15.5466	18.786826	-0.000447	-4.470195	-1.514543	0.036409
 613	3.0600e-01	15.5530	18.058654	-0.001788	-17.880781	-6.058173	-0.145634
 614	3.0650e-01	15.4841	18.131471	-0.000179	-1.788078	-0.605817	0.014563
 615	3.0700e-01	15.4472	18.313514	-0.000447	-4.470195	-1.514543	0.036409
 616	3.0750e-01	15.3990	18.022246	0.000715	7.152312	2.423269	-0.058254
 617	3.0800e-01	15.3798	18.349923	-0.000805	-8.046351	-2.726178	0.065535
 618	3.0850e-01	15.3300	18.240697	0.000268	2.682117	0.908726	-0.021845
 619	3.0900e-01	15.3076	17.803794	0.001073	10.728469	3.634904	-0.087381
 620	3.0950e-01	15.2482	17.840203	-0.000089	-0.894039	-0.302909	0.007282
 621	3.1000e-01	15.1953	17.439708	0.000983	9.834430	3.331995	-0.080099
 622	3.1050e-01	15.1841	17.730977	-0.000715	-7.152312	-2.423269	0.058254
 623	3.1100e-01	15.1375	17.585343	0.000358	3.576156	1.211635	-0.029127
 624	3.1150e-01	15.0814	17.840203	-0.000626	-6.258273	-2.120360	0.050972
 625	3.1200e-01	15.0766	17.439708	0.000983	9.834430	3.331995	-0.080099
 626	3.1250e-01	15.0108	17.949428	-0.001252	-12.516547	-4.240721	0.101944
 627	3.1300e-01	14.9643	17.221257	0.001788	17.880781	6.058173	-0.145634
 628	3.1350e-01	14.9049	17.294074	-0.000179	-1.788078	-0.605817	0.014563
 629	3.1400e-01	14.9001	17.366891	-0.000179	-1.788078	-0.605817	0.014563
 630	3.1450e-01	14.8728	17.257665	0.000268	2.682117	0.908726	-0.021845
 631	3.1500e-01	14.8151	17.075623	0.000447	4.470195	1.514543	-0.036409
 632	3.1550e-01	14.7557	16.857171	0.000536	5.364234	1.817452	-0.043690
 633	3.1600e-01	14.7413	16.784354	0.000179	1.788078	0.605817	-0.014563
 634	3.1650e-01	14.6691	16.966397	-0.000447	-4.470195	-1.514543	0.036409
 635	3.1700e-01	14.6418	16.966397	-0.000000	-0.000000	-0.000000	0.000000
 636	3.1750e-01	14.6162	16.820763	0.000358	3.576156	1.211635	-0.029127
 637	3.1800e-01	14.5745	16.638720	0.000447	4.470195	1.514543	-0.036409
 638	3.1850e-01	14.5071	16.893580	-0.000626	-6.258273	-2.120360	0.050972
 639	3.1900e-01	14.4622	16.456677	0.001073	10.728469	3.634904	-0.087381
 640	3.1950e-01	14.4509	16.383860	0.000179	1.788078	0.605817	-0.014563
 641	3.2000e-01	14.4253	16.784354	-0.000983	-9.834430	-3.331995	0.080099
 642	3.2050e-01	14.3868	16.529494	0.000626	6.258273	2.120360	-0.050972
 643	3.2100e-01	14.3258	16.565903	-0.000089	-0.894039	-0.302909	0.007282
 644	3.2150e-01	14.2889	16.129000	0.001073	10.728469	3.634904	-0.087381
 645	3.2200e-01	14.2632	16.056182	0.000179	1.788078	0.605817	-0.014563
 646	3.2250e-01	14.2103	16.129000	-0.000179	-1.788078	-0.605817	0.014563
 647	3.2300e-01	14.1702	16.165408	-0.000089	-0.894039	-0.302909	0.007282
 648	3.2350e-01	14.1221	15.983365	0.000447	4.470195	1.514543	-0.036409
 649	3.2400e-01	14.0948	15.946957	0.000089	0.894039	0.302909	-0.007282
 650	3.2450e-01	14.0338	15.837731	0.000268	2.682117	0.908726	-0.021845
 651	3.2500e-01	13.9985	15.764914	0.000179	1.788078	0.605817	-0.014563
 652	3.2550e-01	13.9777	15.510054	0.000626	6.258273	2.120360	-0.050972
 653	3.2600e-01	13.9488	15.546462	-0.000089	-0.894039	-0.302909	0.007282
 654	3.2650e-01	13.8975	15.255194	0.000715	7.152312	2.423269	-0.058254
 655	3.2700e-01	13.8317	15.473645	-0.000536	-5.364234	-1.817452	0.043690
 656	3.2750e-01	13.7852	15.073151	0.000983	9.834430	3.331995	-0.080099
 657	3.2800e-01	13.7483	15.328011	-0.000626	-6.258273	-2.120360	0.050972
 658	3.2850e-01	13.7515	15.036742	-0.000715	-7.152312	-2.423269	-0.058254
 659	3.2900e-01	13.6825	15.218785	-0.000447	-4.470195	-1.514543	0.036409
 660	3.2950e-01	13.6584	14.963925	0.000626	6.258273	2.120360	-0.050972
 661	3.3000e-01	13.5830	15.036742	-0.000179	-1.788078	-0.605817	0.014563
 662	3.3050e-01	13.5686	15.073151	-0.000089	-0.894039	-0.302909	0.007282
 663	3.3100e-01	13.4836	14.927517	0.000358	3.576156	1.211635	-0.029127
 664	3.3150e-01	13.4788	14.818291	0.000268	2.682117	0.908726	-0.021845
 665	3.3200e-01	13.4258	14.454205	0.000894	8.940391	3.029086	-0.072817
 666	3.3250e-01	13.4178	15.218785	-0.001877	-18.774820	-6.361081	0.152916
 667	3.3300e-01	13.3392	14.162936	0.002593	25.927132	8.784350	-0.211170
 668	3.3350e-01	13.3312	14.599839	-0.001073	-10.728469	-3.634904	0.087381
 669	3.3400e-01	13.2686	14.308571	0.000715	7.152312	2.423269	-0.058254
 670	3.3450e-01	13.2317	14.527022	-0.000536	-5.364234	-1.817452	0.043690
 671	3.3500e-01	13.2076	13.798851	0.001788	17.880781	6.058173	-0.145634
 672	3.3550e-01	13.1435	14.381388	-0.001430	-14.304625	-4.846538	0.116507
 673	3.3600e-01	13.1290	14.344979	0.000089	0.894039	0.302909	-0.007282
 674	3.3650e-01	13.0857	13.361948	0.002414	24.139054	8.178533	-0.196606
 675	3.3700e-01	13.0055	13.908076	-0.001341	-13.410586	-4.543629	0.109226
 676	3.3750e-01	13.0103	13.871668	-0.000089	-0.894039	-0.302909	-0.007282
 677	3.3800e-01	12.9301	13.616808	0.000626	6.258273	2.120360	-0.050972
 678	3.3850e-01	12.9510	13.908076	0.000715	7.152312	2.423269	0.058254
 679	3.3900e-01	12.9381	13.762442	0.000358	3.576156	1.211635	-0.029127
 680	3.3950e-01	12.8515	13.580399	0.000447	4.470195	1.514543	-0.036409
 681	3.4000e-01	12.7841	13.471173	0.000268	2.682117	0.908726	-0.021845
 682	3.4050e-01	12.7841	13.507582	-0.000089	-0.894039	-0.302909	0.007282
 683	3.4100e-01	12.7200	13.325539	0.000447	4.470195	1.514543	-0.036409
 684	3.4150e-01	12.6991	13.143496	0.000447	4.470195	1.514543	-0.036409
 685	3.4200e-01	12.6542	13.798851	-0.001609	-16.092703	-5.452355	0.131071
 686	3.4250e-01	12.6237	13.107088	0.001699	16.986742	5.755264	-0.138353
 687	3.4300e-01	12.5515	13.034271	0.000179	1.788078	0.605817	-0.014563
 688	3.4350e-01	12.5210	13.216313	-0.000447	-4.470195	-1.514543	0.036409
 689	3.4400e-01	12.4729	12.779411	0.001073	10.728469	3.634904	-0.087381
 690	3.4450e-01	12.4360	12.670185	0.000268	2.682117	0.908726	-0.021845
 691	3.4500e-01	12.3927	12.925045	-0.000626	-6.258273	-2.120360	0.050972
 692	3.4550e-01	12.3670	12.633776	0.000715	7.152312	2.423269	-0.058254
 693	3.4600e-01	12.3317	12.670185	-0.000089	-0.894039	-0.302909	0.007282
 694	3.4650e-01	12.2612	12.488142	0.000447	4.470195	1.514543	-0.036409
 695	3.4700e-01	12.2114	12.378916	0.000268	2.682117	0.908726	-0.021845
 696	3.4750e-01	12.2226	12.378916	0.000000	0.000000	0.000000	0.000000
 697	3.4800e-01	12.1569	12.160465	0.000536	5.364234	1.817452	-0.043690
 698	3.4850e-01	12.1344	12.378916	-0.000536	-5.364234	-1.817452	0.043690
 699	3.4900e-01	12.1071	12.124056	0.000626	6.258273	2.120360	-0.050972
 700	3.4950e-01	12.0430	12.306099	-0.000447	-4.470195	-1.514543	0.036409
 701	3.5000e-01	11.9916	11.759970	0.001341	13.410586	4.543629	-0.109226
 702	3.5050e-01	11.9660	11.614336	0.000358	3.576156	1.211635	-0.029127
 703	3.5100e-01	11.9531	11.905605	-0.000715	-7.152312	-2.423269	0.058254
 704	3.5150e-01	11.8633	11.687153	0.000536	5.364234	1.817452	-0.043690
 705	3.5200e-01	11.8649	11.614336	-0.000179	-1.788078	-0.605817	-0.014563
 706	3.5250e-01	11.8424	11.687153	-0.000179	-1.788078	-0.605817	0.014563
 707	3.5300e-01	11.7670	11.468702	0.000536	5.364234	1.817452	-0.043690
 708	3.5350e-01	11.7285	11.395885	0.000179	1.788078	0.605817	-0.014563
 709	3.5400e-01	11.6772	11.432293	-0.000089	-0.894039	-0.302909	0.007282
 710	3.5450e-01	11.6275	11.177433	0.000626	6.258273	2.120360	-0.050972
 711	3.5500e-01	11.5890	11.286659	-0.000268	-2.682117	-0.908726	0.021845
 712	3.5550e-01	11.5633	10.886165	0.000983	9.834430	3.331995	-0.080099
 713	3.5600e-01	11.5280	11.359476	-0.001162	-11.622508	-3.937812	0.094662
 714	3.5650e-01	11.4767	10.849756	0.001252	12.516547	4.240721	-0.101944
 715	3.5700e-01	11.4478	10.667713	0.000447	4.470195	1.514543	-0.036409
 716	3.5750e-01	11.3917	10.776939	-0.000268	-2.682117	-0.908726	0.021845
 717	3.5800e-01	11.3724	10.813347	-0.000089	-0.894039	-0.302909	0.007282
 718	3.5850e-01	11.3419	10.594896	0.000536	5.364234	1.817452	-0.043690
 719	3.5900e-01	11.3050	10.740530	-0.000358	-3.576156	-1.211635	0.029127
 720	3.5950e-01	11.2521	10.776939	-0.000089	-0.894039	-0.302909	0.007282
 721	3.6000e-01	11.2168	10.376444	0.000983	9.834430	3.331995	-0.080099
 722	3.6050e-01	11.1847	10.267219	0.000268	2.682117	0.908726	-0.021845
 723	3.6100e-01	11.0949	10.412853	-0.000358	-3.576156	-1.211635	0.029127
 724	3.6150e-01	11.0852	10.594896	-0.000447	-4.470195	-1.514543	0.036409
 725	3.6200e-01	11.0660	9.866724	0.001788	17.880781	6.058173	-0.145634
 726	3.6250e-01	11.0098	10.303627	-0.001073	-10.728469	-3.634904	0.087381
 727	3.6300e-01	10.9713	9.830316	0.001162	11.622508	3.937812	-0.094662
 728	3.6350e-01	10.9377	9.648273	0.000447	4.470195	1.514543	-0.036409
 729	3.6400e-01	10.8847	9.830316	-0.000447	-4.470195	-1.514543	0.036409
 730	3.6450e-01	10.8238	9.721090	0.000268	2.682117	0.908726	-0.021845
 731	3.6500e-01	10.7692	9.357004	0.000894	8.940391	3.029086	-0.072817
 732	3.6550e-01	10.7708	9.393413	0.000089	0.894039	0.302909	0.007282
 733	3.6600e-01	10.7050	9.539047	-0.000358	-3.576156	-1.211635	0.029127
 734	3.6650e-01	10.6858	9.247779	0.000715	7.152312	2.423269	-0.058254
 735	3.6700e-01	10.6280	9.502639	-0.000626	-6.258273	-2.120360	0.050972
 736	3.6750e-01	10.6040	9.502639	-0.000000	-0.000000	-0.000000	0.000000
 737	3.6800e-01	10.5591	9.029327	0.001162	11.622508	3.937812	-0.094662
 738	3.6850e-01	10.5398	9.247779	-0.000536	-5.364234	-1.817452	0.043690
 739	3.6900e-01	10.4724	9.138553	0.000268	2.682117	0.908726	-0.021845
 740	3.6950e-01	10.4516	9.029327	0.000268	2.682117	0.908726	-0.021845
 741	3.7000e-01	10.4051	9.029327	-0.000000	-0.000000	-0.000000	0.000000
 742	3.7050e-01	10.3746	8.956510	0.000179	1.788078	0.605817	-0.014563
 743	3.7100e-01	10.3040	8.665241	0.000715	7.152312	2.423269	-0.058254
 744	3.7150e-01	10.2414	8.592424	0.000179	1.788078	0.605817	-0.014563
 745	3.7200e-01	10.2254	8.628833	-0.000089	-0.894039	-0.302909	0.007282
 746	3.7250e-01	10.2093	8.337564	0.000715	7.152312	2.423269	-0.058254
 747	3.7300e-01	10.1516	8.191930	0.000358	3.576156	1.211635	-0.029127
 748	3.7350e-01	10.1371	8.373973	-0.000447	-4.470195	-1.514543	0.036409
 749	3.7400e-01	10.0906	8.410381	-0.000089	-0.894039	-0.302909	0.007282
 750	3.7450e-01	10.0601	7.827844	0.001430	14.304625	4.846538	-0.116507
 751	3.7500e-01	9.9992	8.082704	-0.000626	-6.258273	-2.120360	0.050972
 752	3.7550e-01	9.9478	8.046296	0.000089	0.894039	0.302909	-0.007282
 753	3.7600e-01	9.9222	7.864253	0.000447	4.470195	1.514543	-0.036409
 754	3.7650e-01	9.8564	7.645801	0.000536	5.364234	1.817452	-0.043690
 755	3.7700e-01	9.8596	8.337564	0.001699	16.986742	5.755264	0.138353
 756	3.7750e-01	9.7987	7.427350	0.002235	22.350976	7.572716	-0.182043
 757	3.7800e-01	9.7585	7.208898	0.000536	5.364234	1.817452	-0.043690
 758	3.7850e-01	9.7265	7.245307	-0.000089	-0.894039	-0.302909	0.007282
 759	3.7900e-01	9.6960	7.281715	-0.000089	-0.894039	-0.302909	0.007282
 760	3.7950e-01	9.6350	7.318124	-0.000089	-0.894039	-0.302909	0.007282
 761	3.8000e-01	9.5917	7.099673	0.000536	5.364234	1.817452	-0.043690
 762	3.8050e-01	9.5676	7.208898	-0.000268	-2.682117	-0.908726	0.021845
 763	3.8100e-01	9.5067	6.808404	0.000983	9.834430	3.331995	-0.080099
 764	3.8150e-01	9.4553	7.245307	-0.001073	-10.728469	-3.634904	0.087381
 765	3.8200e-01	9.4313	6.480727	0.001877	18.774820	6.361081	-0.152916
 766	3.8250e-01	9.3928	6.626361	-0.000358	-3.576156	-1.211635	0.029127
 767	3.8300e-01	9.3623	6.626361	-0.000000	-0.000000	-0.000000	0.000000
 768	3.8350e-01	9.3270	6.771995	-0.000358	-3.576156	-1.211635	0.029127
 769	3.8400e-01	9.2965	6.735587	0.000089	0.894039	0.302909	-0.007282
 770	3.8450e-01	9.2532	6.298684	0.001073	10.728469	3.634904	-0.087381
 771	3.8500e-01	9.2115	6.225867	0.000179	1.788078	0.605817	-0.014563
 772	3.8550e-01	9.1810	6.662770	-0.001073	-10.728469	-3.634904	0.087381
 773	3.8600e-01	9.1505	5.861781	0.001967	19.668859	6.663990	-0.160198
 774	3.8650e-01	9.1024	5.898189	-0.000089	-0.894039	-0.302909	0.007282
 775	3.8700e-01	9.0366	6.080232	-0.000447	-4.470195	-1.514543	0.036409
 776	3.8750e-01	9.0142	5.825372	0.000626	6.258273	2.120360	-0.050972
 777	3.8800e-01	8.9548	5.534104	0.000715	7.152312	2.423269	-0.058254
 778	3.8850e-01	8.9051	5.643329	-0.000268	-2.682117	-0.908726	0.021845
 779	3.8900e-01	8.8891	5.679738	-0.000089	-0.894039	-0.302909	0.007282
 780	3.8950e-01	8.8233	5.679738	-0.000000	-0.000000	-0.000000	0.000000
 781	3.9000e-01	8.7671	5.606921	0.000179	1.788078	0.605817	-0.014563
 782	3.9050e-01	8.7575	5.170018	0.001073	10.728469	3.634904	-0.087381
 783	3.9100e-01	8.7126	5.279244	-0.000268	-2.682117	-0.908726	0.021845
 784	3.9150e-01	8.6805	5.242835	0.000089	0.894039	0.302909	-0.007282
 785	3.9200e-01	8.6693	5.279244	-0.000089	-0.894039	-0.302909	0.007282
 786	3.9250e-01	8.5939	4.878749	0.000983	9.834430	3.331995	-0.080099
 787	3.9300e-01	8.5361	5.060792	-0.000447	-4.470195	-1.514543	0.036409
 788	3.9350e-01	8.5474	5.060792	0.000000	0.000000	0.000000	0.000000
 789	3.9400e-01	8.4752	4.878749	0.000447	4.470195	1.514543	-0.036409
 790	3.9450e-01	8.4335	4.369029	0.001252	12.516547	4.240721	-0.101944
 791	3.9500e-01	8.4142	5.060792	-0.001699	-16.986742	-5.755264	0.138353
 792	3.9550e-01	8.3629	4.150578	0.002235	22.350976	7.572716	-0.182043
 793	3.9600e-01	8.3228	4.223395	-0.000179	-1.788078	-0.605817	0.014563
 794	3.9650e-01	8.2794	4.842341	-0.001520	-15.198664	-5.149447	0.123789
 795	3.9700e-01	8.2297	4.369029	0.001162	11.622508	3.937812	-0.094662
 796	3.9750e-01	8.1816	4.441846	-0.000179	-1.788078	-0.605817	0.014563
 797	3.9800e-01	8.1559	3.859309	0.001430	14.304625	4.846538	-0.116507
 798	3.9850e-01	8.1094	3.932126	-0.000179	-1.788078	-0.605817	0.014563
 799	3.9900e-01	8.0998	3.895718	0.000089	0.894039	0.302909	-0.007282
 800	3.9950e-01	8.0661	3.822901	0.000179	1.788078	0.605817	-0.014563
 801	4.0000e-01	7.9971	3.750083	0.000179	1.788078	0.605817	-0.014563
 802	4.0050e-01	7.9762	3.422406	0.000805	8.046351	2.726178	-0.065535
 803	4.0100e-01	7.9185	3.932126	-0.001252	-12.516547	-4.240721	0.101944
 804	4.0150e-01	7.8864	3.203955	0.001788	17.880781	6.058173	-0.145634
 805	4.0200e-01	7.8319	3.422406	-0.000536	-5.364234	-1.817452	0.043690
 806	4.0250e-01	7.7886	3.349589	0.000179	1.788078	0.605817	-0.014563
 807	4.0300e-01	7.7773	2.839869	0.001252	12.516547	4.240721	-0.101944
 808	4.0350e-01	7.7244	2.876278	-0.000089	-0.894039	-0.302909	0.007282
 809	4.0400e-01	7.6666	2.767052	0.000268	2.682117	0.908726	-0.021845
 810	4.0450e-01	7.6602	2.767052	-0.000000	-0.000000	-0.000000	0.000000
 811	4.0500e-01	7.6185	2.803460	-0.000089	-0.894039	-0.302909	0.007282
 812	4.0550e-01	7.5656	2.803460	-0.000000	-0.000000	-0.000000	0.000000
 813	4.0600e-01	7.5142	2.585009	0.000536	5.364234	1.817452	-0.043690
 814	4.0650e-01	7.5062	2.439375	0.000358	3.576156	1.211635	-0.029127
 815	4.0700e-01	7.4677	2.439375	-0.000000	-0.000000	-0.000000	0.000000
 816	4.0750e-01	7.3827	2.075289	0.000894	8.940391	3.029086	-0.072817
 817	4.0800e-01	7.3570	2.111697	-0.000089	-0.894039	-0.302909	0.007282
 818	4.0850e-01	7.2928	2.839869	-0.001788	-17.880781	-6.058173	0.145634
 819	4.0900e-01	7.2672	2.220923	0.001520	15.198664	5.149447	-0.123789
 820	4.0950e-01	7.2688	1.929655	-0.000715	-7.152312	-2.423269	-0.058254
 821	4.1000e-01	7.1902	1.747612	0.000447	4.470195	1.514543	-0.036409
 822	4.1050e-01	7.1693	1.565569	0.000447	4.470195	1.514543	-0.036409
 823	4.1100e-01	7.1404	1.419935	0.000358	3.576156	1.211635	-0.029127
 824	4.1150e-01	7.0795	1.601977	-0.000447	-4.470195	-1.514543	0.036409
 825	4.1200e-01	7.0586	1.055849	0.001341	13.410586	4.543629	-0.109226
 826	4.1250e-01	7.0169	1.274300	-0.000536	-5.364234	-1.817452	0.043690
 827	4.1300e-01	6.9784	1.347117	-0.000179	-1.788078	-0.605817	0.014563
 828	4.1350e-01	6.9191	1.019440	0.000805	8.046351	2.726178	-0.065535
 829	4.1400e-01	6.8773	1.237892	-0.000536	-5.364234	-1.817452	0.043690
 830	4.1450e-01	6.8244	0.837397	0.000983	9.834430	3.331995	-0.080099
 831	4.1500e-01	6.8196	1.165074	-0.000805	-8.046351	-2.726178	0.065535
 832	4.1550e-01	6.7667	0.764580	0.000983	9.834430	3.331995	-0.080099
 833	4.1600e-01	6.7089	0.764580	-0.000000	-0.000000	-0.000000	0.000000
 834	4.1650e-01	6.7041	0.837397	-0.000179	-1.788078	-0.605817	0.014563
 835	4.1700e-01	6.6110	0.509720	0.000805	8.046351	2.726178	-0.065535
 836	4.1750e-01	6.5838	0.291269	0.000536	5.364234	1.817452	-0.043690
 837	4.1800e-01	6.5597	0.582537	-0.000715	-7.152312	-2.423269	0.058254
 838	4.1850e-01	6.5132	0.072817	0.001252	12.516547	4.240721	-0.101944
 839	4.1900e-01	6.4843	0.145634	-0.000179	-1.788078	-0.605817	0.014563
 840	4.1950e-01	6.4859	-0.109226	-0.000626	-6.258273	-2.120360	-0.050972
 841	4.2000e-01	6.4073	-0.000000	-0.000268	-2.682117	-0.908726	0.021845
 842	4.2050e-01	6.3528	-0.109226	0.000268	2.682117	0.908726	-0.021845
 843	4.2100e-01	6.3255	-0.109226	-0.000000	-0.000000	-0.000000	0.000000
 844	4.2150e-01	6.2790	-0.436903	0.000805	8.046351	2.726178	-0.065535
 845	4.2200e-01	6.2565	-0.327677	-0.000268	-2.682117	-0.908726	0.021845
 846	4.2250e-01	6.2244	-0.800989	0.001162	11.622508	3.937812	-0.094662
 847	4.2300e-01	6.1522	-0.400494	-0.000983	-9.834430	-3.331995	0.080099
 848	4.2350e-01	6.1105	-0.764580	0.000894	8.940391	3.029086	-0.072817
 849	4.2400e-01	6.0768	-0.764580	-0.000000	-0.000000	-0.000000	0.000000
 850	4.2450e-01	6.0464	-0.910214	0.000358	3.576156	1.211635	-0.029127
 851	4.2500e-01	6.0143	-1.055849	0.000358	3.576156	1.211635	-0.029127
 852	4.2550e-01	5.9742	-1.128666	0.000179	1.788078	0.605817	-0.014563
 853	4.2600e-01	5.9004	-1.019440	-0.000268	-2.682117	-0.908726	0.021845
 854	4.2650e-01	5.8923	-1.055849	0.000089	0.894039	0.302909	-0.007282
 855	4.2700e-01	5.8410	-1.565569	0.001252	12.516547	4.240721	-0.101944
 856	4.2750e-01	5.8234	-1.638386	0.000179	1.788078	0.605817	-0.014563
 857	4.2800e-01	5.7752	-1.529160	-0.000268	-2.682117	-0.908726	0.021845
 858	4.2850e-01	5.7207	-1.347117	-0.000447	-4.470195	-1.514543	0.036409
 859	4.2900e-01	5.6982	-1.747612	0.000983	9.834430	3.331995	-0.080099
 860	4.2950e-01	5.6357	-2.075289	0.000805	8.046351	2.726178	-0.065535
 861	4.3000e-01	5.5891	-2.184515	0.000268	2.682117	0.908726	-0.021845
 862	4.3050e-01	5.5539	-2.075289	-0.000268	-2.682117	-0.908726	0.021845
 863	4.3100e-01	5.5170	-2.402966	0.000805	8.046351	2.726178	-0.065535
 864	4.3150e-01	5.4977	-2.585009	0.000447	4.470195	1.514543	-0.036409
 865	4.3200e-01	5.4624	-2.439375	-0.000358	-3.576156	-1.211635	0.029127
 866	4.3250e-01	5.3694	-2.730643	0.000715	7.152312	2.423269	-0.058254
 867	4.3300e-01	5.3405	-2.439375	-0.000715	-7.152312	-2.423269	0.058254
 868	4.3350e-01	5.3212	-2.657826	0.000536	5.364234	1.817452	-0.043690
 869	4.3400e-01	5.2763	-2.985503	0.000805	8.046351	2.726178	-0.065535
 870	4.3450e-01	5.2507	-2.912686	-0.000179	-1.788078	-0.605817	0.014563
 871	4.3500e-01	5.1865	-2.985503	0.000179	1.788078	0.605817	-0.014563
 872	4.3550e-01	5.1432	-3.058320	0.000179	1.788078	0.605817	-0.014563
 873	4.3600e-01	5.1095	-3.276772	0.000536	5.364234	1.817452	-0.043690
 874	4.3650e-01	5.0854	-3.568041	0.000715	7.152312	2.423269	-0.058254
 875	4.3700e-01	5.0196	-3.385998	-0.000447	-4.470195	-1.514543	0.036409
 876	4.3750e-01	5.0004	-3.568041	0.000447	4.470195	1.514543	-0.036409
 877	4.3800e-01	4.9860	-3.750083	0.000447	4.470195	1.514543	-0.036409
 878	4.3850e-01	4.9362	-3.822901	0.000179	1.788078	0.605817	-0.014563
 879	4.3900e-01	4.8688	-4.114169	0.000715	7.152312	2.423269	-0.058254
 880	4.3950e-01	4.8175	-4.114169	-0.000000	-0.000000	-0.000000	0.000000
 881	4.4000e-01	4.7662	-3.859309	-0.000626	-6.258273	-2.120360	0.050972
 882	4.4050e-01	4.7549	-4.369029	0.001252	12.516547	4.240721	-0.101944
 883	4.4100e-01	4.7197	-3.895718	-0.001162	-11.622508	-3.937812	0.094662
 884	4.4150e-01	4.6394	-4.842341	0.002325	23.245015	7.875624	-0.189325
 885	4.4200e-01	4.6314	-4.441846	-0.000983	-9.834430	-3.331995	0.080099
 886	4.4250e-01	4.5977	-4.660298	0.000536	5.364234	1.817452	-0.043690
 887	4.4300e-01	4.5721	-4.478255	-0.000447	-4.470195	-1.514543	0.036409
 888	4.4350e-01	4.5368	-4.842341	0.000894	8.940391	3.029086	-0.072817
 889	4.4400e-01	4.4790	-4.805932	-0.000089	-0.894039	-0.302909	0.007282
 890	4.4450e-01	4.4501	-5.279244	0.001162	11.622508	3.937812	-0.094662
 891	4.4500e-01	4.4309	-5.024384	-0.000626	-6.258273	-2.120360	0.050972
 892	4.4550e-01	4.3378	-5.242835	0.000536	5.364234	1.817452	-0.043690
 893	4.4600e-01	4.3154	-5.570512	0.000805	8.046351	2.726178	-0.065535
 894	4.4650e-01	4.2881	-4.915158	-0.001609	-16.092703	-5.452355	0.131071
 895	4.4700e-01	4.2352	-5.971007	0.002593	25.927132	8.784350	-0.211170
 896	4.4750e-01	4.1967	-5.534104	-0.001073	-10.728469	-3.634904	0.087381
 897	4.4800e-01	4.1678	-5.861781	0.000805	8.046351	2.726178	-0.065535
 898	4.4850e-01	4.1357	-5.643329	-0.000536	-5.364234	-1.817452	0.043690
 899	4.4900e-01	4.0812	-6.043824	0.000983	9.834430	3.331995	-0.080099
 900	4.4950e-01	4.0507	-6.407910	0.000894	8.940391	3.029086	-0.072817
 901	4.5000e-01	3.9849	-6.153050	-0.000626	-6.258273	-2.120360	0.050972
 902	4.5050e-01	3.9352	-6.335092	0.000447	4.470195	1.514543	-0.036409
 903	4.5100e-01	3.9576	-6.335092	0.000000	0.000000	0.000000	0.000000
 904	4.5150e-01	3.8742	-6.517135	0.000447	4.470195	1.514543	-0.036409
 905	4.5200e-01	3.8277	-6.553544	0.000089	0.894039	0.302909	-0.007282
 906	4.5250e-01	3.7780	-6.407910	-0.000358	-3.576156	-1.211635	0.029127
 907	4.5300e-01	3.7571	-7.026855	0.001520	15.198664	5.149447	-0.123789
 908	4.5350e-01	3.7635	-6.626361	0.000983	9.834430	3.331995	0.080099
 909	4.5400e-01	3.6769	-7.063264	0.001073	10.728469	3.634904	-0.087381
 910	4.5450e-01	3.6336	-6.990447	-0.000179	-1.788078	-0.605817	0.014563
 911	4.5500e-01	3.6095	-7.427350	0.001073	10.728469	3.634904	-0.087381
 912	4.5550e-01	3.5421	-7.463758	0.000089	0.894039	0.302909	-0.007282
 913	4.5600e-01	3.5229	-7.245307	-0.000536	-5.364234	-1.817452	0.043690
 914	4.5650e-01	3.5085	-7.791435	0.001341	13.410586	4.543629	-0.109226
 915	4.5700e-01	3.4443	-7.645801	-0.000358	-3.576156	-1.211635	0.029127
 916	4.5750e-01	3.3865	-7.682210	0.000089	0.894039	0.302909	-0.007282
 917	4.5800e-01	3.3416	-8.082704	0.000983	9.834430	3.331995	-0.080099
 918	4.5850e-01	3.3320	-8.373973	0.000715	7.152312	2.423269	-0.058254
 919	4.5900e-01	3.2726	-8.046296	-0.000805	-8.046351	-2.726178	0.065535
 920	4.5950e-01	3.2373	-8.337564	0.000715	7.152312	2.423269	-0.058254
 921	4.6000e-01	3.2085	-8.337564	-0.000000	-0.000000	-0.000000	0.000000
 922	4.6050e-01	3.1684	-8.337564	-0.000000	-0.000000	-0.000000	0.000000
 923	4.6100e-01	3.1379	-8.738058	0.000983	9.834430	3.331995	-0.080099
 924	4.6150e-01	3.0641	-8.592424	-0.000358	-3.576156	-1.211635	0.029127
 925	4.6200e-01	3.0352	-9.065736	0.001162	11.622508	3.937812	-0.094662
 926	4.6250e-01	3.0288	-8.847284	-0.000536	-5.364234	-1.817452	0.043690
 927	4.6300e-01	2.9678	-9.284187	0.001073	10.728469	3.634904	-0.087381
 928	4.6350e-01	2.9374	-9.284187	-0.000000	-0.000000	-0.000000	0.000000
 929	4.6400e-01	2.8716	-9.247779	-0.000089	-0.894039	-0.302909	0.007282
 930	4.6450e-01	2.8507	-8.847284	-0.000983	-9.834430	-3.331995	0.080099
 931	4.6500e-01	2.7833	-9.866724	0.002503	25.033093	8.481442	-0.203888
 932	4.6550e-01	2.7673	-9.611864	-0.000626	-6.258273	-2.120360	0.050972
 933	4.6600e-01	2.7240	-9.903133	0.000715	7.152312	2.423269	-0.058254
 934	4.6650e-01	2.6694	-9.939542	0.000089	0.894039	0.302909	-0.007282
 935	4.6700e-01	2.5989	-9.757499	-0.000447	-4.470195	-1.514543	0.036409
 936	4.6750e-01	2.6005	-10.085176	-0.000805	-8.046351	-2.726178	-0.065535
 937	4.6800e-01	2.5523	-10.412853	0.000805	8.046351	2.726178	-0.065535
 938	4.6850e-01	2.5042	-9.830316	-0.001430	-14.304625	-4.846538	0.116507
 939	4.6900e-01	2.4817	-10.776939	0.002325	23.245015	7.875624	-0.189325
 940	4.6950e-01	2.4304	-10.594896	-0.000447	-4.470195	-1.514543	0.036409
 941	4.7000e-01	2.4128	-10.449262	-0.000358	-3.576156	-1.211635	0.029127
 942	4.7050e-01	2.3358	-10.886165	0.001073	10.728469	3.634904	-0.087381
 943	4.7100e-01	2.3181	-10.922573	0.000089	0.894039	0.302909	-0.007282
 944	4.7150e-01	2.2668	-11.141025	0.000536	5.364234	1.817452	-0.043690
 945	4.7200e-01	2.2122	-11.141025	-0.000000	-0.000000	-0.000000	0.000000
 946	4.7250e-01	2.2138	-11.031799	0.000268	2.682117	0.908726	0.021845
 947	4.7300e-01	2.1673	-11.359476	0.000805	8.046351	2.726178	-0.065535
 948	4.7350e-01	2.1352	-11.505110	0.000358	3.576156	1.211635	-0.029127
 949	4.7400e-01	2.1096	-11.650745	0.000358	3.576156	1.211635	-0.029127
 950	4.7450e-01	2.0165	-11.359476	-0.000715	-7.152312	-2.423269	0.058254
 951	4.7500e-01	2.0278	-12.014830	-0.001609	-16.092703	-5.452355	-0.131071
 952	4.7550e-01	1.9812	-12.306099	0.000715	7.152312	2.423269	-0.058254
 953	4.7600e-01	1.9171	-12.451733	0.000358	3.576156	1.211635	-0.029127
 954	4.7650e-01	1.9058	-12.196873	-0.000626	-6.258273	-2.120360	0.050972
 955	4.7700e-01	1.8336	-12.633776	0.001073	10.728469	3.634904	-0.087381
 956	4.7750e-01	1.7887	-12.633776	-0.000000	-0.000000	-0.000000	0.000000
 957	4.7800e-01	1.7486	-12.925045	0.000715	7.152312	2.423269	-0.058254
 958	4.7850e-01	1.7406	-12.925045	-0.000000	-0.000000	-0.000000	0.000000
 959	4.7900e-01	1.6700	-12.597368	-0.000805	-8.046351	-2.726178	0.065535
 960	4.7950e-01	1.6251	-13.216313	0.001520	15.198664	5.149447	-0.123789
 961	4.8000e-01	1.5898	-13.434765	0.000536	5.364234	1.817452	-0.043690
 962	4.8050e-01	1.5513	-13.325539	-0.000268	-2.682117	-0.908726	0.021845
 963	4.8100e-01	1.5401	-13.616808	0.000715	7.152312	2.423269	-0.058254
 964	4.8150e-01	1.5032	-13.507582	-0.000268	-2.682117	-0.908726	0.021845
 965	4.8200e-01	1.4486	-13.980894	0.001162	11.622508	3.937812	-0.094662
 966	4.8250e-01	1.3668	-13.908076	-0.000179	-1.788078	-0.605817	0.014563
 967	4.8300e-01	1.3684	-13.871668	0.000089	0.894039	0.302909	0.007282
 968	4.8350e-01	1.3155	-14.527022	0.001609	16.092703	5.452355	-0.131071
 969	4.8400e-01	1.2609	-14.563431	0.000089	0.894039	0.302909	-0.007282
 970	4.8450e-01	1.2337	-14.454205	-0.000268	-2.682117	-0.908726	0.021845
 971	4.8500e-01	1.1968	-15.109559	0.001609	16.092703	5.452355	-0.131071
 972	4.8550e-01	1.1919	-14.672657	-0.001073	-10.728469	-3.634904	0.087381
 973	4.8600e-01	1.1069	-15.036742	0.000894	8.940391	3.029086	-0.072817
 974	4.8650e-01	1.0941	-15.291602	0.000626	6.258273	2.120360	-0.050972
 975	4.8700e-01	1.0508	-15.073151	-0.000536	-5.364234	-1.817452	0.043690
 976	4.8750e-01	1.0155	-15.291602	0.000536	5.364234	1.817452	-0.043690
 977	4.8800e-01	0.9337	-15.655688	0.000894	8.940391	3.029086	-0.072817
 978	4.8850e-01	0.9529	-15.218785	0.001073	10.728469	3.634904	0.087381
 979	4.8900e-01	0.9112	-15.619280	0.000983	9.834430	3.331995	-0.080099
 980	4.8950e-01	0.8358	-15.983365	0.000894	8.940391	3.029086	-0.072817
 981	4.9000e-01	0.7893	-15.910548	-0.000179	-1.788078	-0.605817	0.014563
 982	4.9050e-01	0.7620	-16.274634	0.000894	8.940391	3.029086	-0.072817
 983	4.9100e-01	0.7572	-16.565903	0.000715	7.152312	2.423269	-0.058254
 984	4.9150e-01	0.6962	-16.493085	-0.000179	-1.788078	-0.605817	0.014563
 985	4.9200e-01	0.6481	-16.565903	0.000179	1.788078	0.605817	-0.014563
 986	4.9250e-01	0.5615	-16.929988	0.000894	8.940391	3.029086	-0.072817
 987	4.9300e-01	0.5567	-17.075623	0.000358	3.576156	1.211635	-0.029127
 988	4.9350e-01	0.5118	-17.075623	-0.000000	-0.000000	-0.000000	0.000000
 989	4.9400e-01	0.4604	-17.184848	0.000268	2.682117	0.908726	-0.021845
 990	4.9450e-01	0.4331	-17.366891	0.000447	4.470195	1.514543	-0.036409
 991	4.9500e-01	0.3946	-17.694568	0.000805	8.046351	2.726178	-0.065535
 992	4.9550e-01	0.3786	-17.658160	-0.000089	-0.894039	-0.302909	0.007282
 993	4.9600e-01	0.3064	-18.022246	0.000894	8.940391	3.029086	-0.072817
 994	4.9650e-01	0.2727	-18.095063	0.000179	1.788078	0.605817	-0.014563
 995	4.9700e-01	0.2342	-17.985837	-0.000268	-2.682117	-0.908726	0.021845
 996	4.9750e-01	0.1909	-18.349923	0.000894	8.940391	3.029086	-0.072817
 997	4.9800e-01	0.1283	-18.313514	-0.000089	-0.894039	-0.302909	0.007282
 998	4.9850e-01	0.1187	-18.495557	0.000447	4.470195	1.514543	-0.036409
 999	4.9900e-01	0.0898	-18.568374	0.000179	1.788078	0.605817	-0.014563
1000	4.9950e-01	0.0513	-18.896051	0.000805	8.046351	2.726178	-0.065535
1001	5.0000e-01	0.0818	-18.823234	0.000805	8.046351	2.726178	0.014563

PMax (uC/cm2):	4.93e+01
Pr (uC/cm2):	5.97e+00
-Pr (uC/cm2):	0.00e+00
PLoss (uC/cm2):	0.00e+00
C (Max-Eff) (nF):	2.46e-01
K (Eff):	8.33e+02
Vert. (+/-Pr) Shift (uC/cm2):	2.99e+00
Offset (uC/cm2):	2.48e+01

A (Loop Area - uC/cm2·Volts):	-2.82e-02



Hysteresis Version: 5.48.1 - Radiant Technologies, Inc., 1999 - 9/12/24

