»»»»»»»»»»»»»»»»»»»»»»»»»»»»»»»»»»»» Hysteresis ««««««««««««««««««««««««««««««««««««
»»»  Executed Version:	5.48.1
»»»  Vision Version:	5.48.4 (R)
»»»  Vision Compiled:	9/18/24
»»»  Driver Version:	5.47.0
»»»  Windows Version:	Windows 8 or 8.1
»»»  Processor Information:	x86 (AMD or Intel) - 32 Processors
»»»  Tester Name:	PMF21124-494 (100V)
»»»  Tester S/N:	PMF21124-494
»»»  Internal Amp Type:	100V RevK 270k
»»»  Internal Amp S/N:	iAB2-596/K     
»»»  Execution Count:	1
»»»»»»»»»»»»»»»»»»»»»»»»»»»»»»»»»»»»»»»»»»««««««««««««««««««««««««««««««««««««««««««

Stored:	10/7/2025 - 19:39:28
Configured:	10/07/25 05:55:09 PM
Executed:	10/07/25 07:38:30 PM

»»»»»»»»»»»»»»»»»»»»»»»»»»»»»»»»»»» Sample Info ««««««««««««««««««««««««««««««««««««
Sample Name:	Int. Ref. Ferroelectric
Lot Name:	N/A
Wafer Name:	N/A
Die Row/Column:	0/0
Capacitor Number:	0
Sample Area (cm2):	1.00e-04
Sample Thickness (microns):	3.00e-01

Amplifier:	Internal

»»»»»»»»»»»»»»»»»»»»»»»»»»»»»»»»»»» Tester Info «««««««««««««««««««««««««««««««««««
Tester Name:	PMF21124-494 (100V)
Tester Serial Number:	PMF21124-494
Return Signal Amp. Level:	0.02 [Index: 2]

»»»»»»»»»»»»»»»»»»»»»»»»»»»»»»»» Hysteresis Info ««««««««««««««««««««««««««««««««««
Task Name:	Hyst-1
Volts:	20.00
Field:	666.67 (kV/cm)
DCBias:	0.00
DCField:	0.00 (kV/cm)
Hysteresis Period (ms):	5.00e-01
Preset:	Enabled
Preset Delay (ms):	1.00e+03
Profile:	Standard Monopolar

»»»»»»»»»»»»»»»»»»»»»»»»»»»»»»»»»»»»»» Data «««««««««««««««««««««««««««««««««««««««
Points:	1001

Valid Data

Point	Time (ms)	Drive Voltage	Measured Polarization (uC/cm2)	Capacitance (uF)	Normalized Capacitance (uF/cm2)	Dielectric Constant	Instantaneous Current (mA)
   1	0.0000e+00	0.0481	-20.534437	-0.000724	-7.236425	-2.451767	-0.058254
   2	5.0000e-04	0.0690	-20.825706	-0.000724	-7.236425	-2.451767	-0.058254
   3	1.0000e-03	0.1235	-21.153383	-0.000814	-8.140978	-2.758238	-0.065535
   4	1.5000e-03	0.1299	-20.607255	0.001357	13.568297	4.597064	0.109226
   5	2.0000e-03	0.1957	-20.680072	-0.000181	-1.809106	-0.612942	-0.014563
   6	2.5000e-03	0.2326	-20.789297	-0.000271	-2.713659	-0.919413	-0.021845
   7	3.0000e-03	0.2791	-20.388803	0.000995	9.950085	3.371180	0.080099
   8	3.5000e-03	0.3128	-20.498029	-0.000271	-2.713659	-0.919413	-0.021845
   9	4.0000e-03	0.3642	-20.243169	0.000633	6.331872	2.145296	0.050972
  10	4.5000e-03	0.3914	-19.915492	0.000814	8.140978	2.758238	0.065535
  11	5.0000e-03	0.4251	-20.061126	-0.000362	-3.618213	-1.225884	-0.029127
  12	5.5000e-03	0.4845	-19.733449	0.000814	8.140978	2.758238	0.065535
  13	6.0000e-03	0.5390	-19.806266	-0.000181	-1.809106	-0.612942	-0.014563
  14	6.5000e-03	0.5422	-19.514997	0.000724	7.236425	2.451767	0.058254
  15	7.0000e-03	0.5888	-19.442180	0.000181	1.809106	0.612942	0.014563
  16	7.5000e-03	0.6642	-19.806266	-0.000905	-9.045532	-3.064709	-0.072817
  17	8.0000e-03	0.6914	-18.932460	0.002171	21.709276	7.355302	0.174761
  18	8.5000e-03	0.7315	-19.369363	-0.001085	-10.854638	-3.677651	-0.087381
  19	9.0000e-03	0.7636	-18.604783	0.001900	18.995616	6.435889	0.152916
  20	9.5000e-03	0.7973	-18.823234	-0.000543	-5.427319	-1.838825	-0.043690
  21	1.0000e-02	0.8326	-18.677600	0.000362	3.618213	1.225884	0.029127
  22	1.0500e-02	0.8855	-18.604783	0.000181	1.809106	0.612942	0.014563
  23	1.1000e-02	0.9064	-18.531966	0.000181	1.809106	0.612942	0.014563
  24	1.1500e-02	0.9561	-18.531966	0.000000	0.000000	0.000000	0.000000
  25	1.2000e-02	0.9946	-18.167880	0.000905	9.045532	3.064709	0.072817
  26	1.2500e-02	1.0187	-18.422740	-0.000633	-6.331872	-2.145296	-0.050972
  27	1.3000e-02	1.0829	-18.167880	0.000633	6.331872	2.145296	0.050972
  28	1.3500e-02	1.0957	-17.803794	0.000905	9.045532	3.064709	0.072817
  29	1.4000e-02	1.1695	-17.840203	-0.000090	-0.904553	-0.306471	-0.007282
  30	1.4500e-02	1.2128	-17.913020	-0.000181	-1.809106	-0.612942	-0.014563
  31	1.5000e-02	1.2641	-17.548934	0.000905	9.045532	3.064709	0.072817
  32	1.5500e-02	1.2657	-17.694568	-0.000362	-3.618213	-1.225884	-0.029127
  33	1.6000e-02	1.3443	-17.112031	0.001447	14.472851	4.903535	0.116507
  34	1.6500e-02	1.3668	-17.330483	-0.000543	-5.427319	-1.838825	-0.043690
  35	1.7000e-02	1.4230	-16.929988	0.000995	9.950085	3.371180	0.080099
  36	1.7500e-02	1.4406	-17.330483	-0.000995	-9.950085	-3.371180	-0.080099
  37	1.8000e-02	1.4695	-16.966397	0.000905	9.045532	3.064709	0.072817
  38	1.8500e-02	1.5304	-16.929988	0.000090	0.904553	0.306471	0.007282
  39	1.9000e-02	1.5609	-16.747945	0.000452	4.522766	1.532355	0.036409
  40	1.9500e-02	1.5946	-16.602311	0.000362	3.618213	1.225884	0.029127
  41	2.0000e-02	1.6219	-16.201817	0.000995	9.950085	3.371180	0.080099
  42	2.0500e-02	1.6636	-16.201817	0.000000	0.000000	0.000000	0.000000
  43	2.1000e-02	1.7213	-16.238225	-0.000090	-0.904553	-0.306471	-0.007282
  44	2.1500e-02	1.7759	-16.056182	0.000452	4.522766	1.532355	0.036409
  45	2.2000e-02	1.7967	-16.092591	-0.000090	-0.904553	-0.306471	-0.007282
  46	2.2500e-02	1.8401	-15.946957	0.000362	3.618213	1.225884	0.029127
  47	2.3000e-02	1.8994	-15.983365	-0.000090	-0.904553	-0.306471	-0.007282
  48	2.3500e-02	1.9122	-15.619280	0.000905	9.045532	3.064709	0.072817
  49	2.4000e-02	1.9700	-15.255194	0.000905	9.045532	3.064709	0.072817
  50	2.4500e-02	2.0374	-15.437237	-0.000452	-4.522766	-1.532355	-0.036409
  51	2.5000e-02	2.0582	-15.328011	0.000271	2.713659	0.919413	0.021845
  52	2.5500e-02	2.0759	-15.036742	0.000724	7.236425	2.451767	0.058254
  53	2.6000e-02	2.1031	-15.145968	-0.000271	-2.713659	-0.919413	-0.021845
  54	2.6500e-02	2.1705	-15.364419	-0.000543	-5.427319	-1.838825	-0.043690
  55	2.7000e-02	2.1946	-14.709065	0.001628	16.281957	5.516476	0.131071
  56	2.7500e-02	2.2395	-14.672657	0.000090	0.904553	0.306471	0.007282
  57	2.8000e-02	2.2748	-14.563431	0.000271	2.713659	0.919413	0.021845
  58	2.8500e-02	2.3197	-14.709065	-0.000362	-3.618213	-1.225884	-0.029127
  59	2.9000e-02	2.3807	-14.672657	0.000090	0.904553	0.306471	0.007282
  60	2.9500e-02	2.3727	-14.417796	-0.000633	-6.331872	-2.145296	0.050972
  61	3.0000e-02	2.4320	-14.272162	0.000362	3.618213	1.225884	0.029127
  62	3.0500e-02	2.4673	-14.308571	-0.000090	-0.904553	-0.306471	-0.007282
  63	3.1000e-02	2.5219	-14.162936	0.000362	3.618213	1.225884	0.029127
  64	3.1500e-02	2.5684	-13.908076	0.000633	6.331872	2.145296	0.050972
  65	3.2000e-02	2.6021	-13.944485	-0.000090	-0.904553	-0.306471	-0.007282
  66	3.2500e-02	2.6293	-13.616808	0.000814	8.140978	2.758238	0.065535
  67	3.3000e-02	2.6967	-13.908076	-0.000724	-7.236425	-2.451767	-0.058254
  68	3.3500e-02	2.7320	-13.143496	0.001900	18.995616	6.435889	0.152916
  69	3.4000e-02	2.7593	-13.871668	-0.001809	-18.091063	-6.129418	-0.145634
  70	3.4500e-02	2.8202	-13.543991	0.000814	8.140978	2.758238	0.065535
  71	3.5000e-02	2.8459	-13.289131	0.000633	6.331872	2.145296	0.050972
  72	3.5500e-02	2.8860	-12.961453	0.000814	8.140978	2.758238	0.065535
  73	3.6000e-02	2.9197	-12.925045	0.000090	0.904553	0.306471	0.007282
  74	3.6500e-02	2.9614	-12.706593	0.000543	5.427319	1.838825	0.043690
  75	3.7000e-02	2.9678	-12.706593	0.000000	0.000000	0.000000	0.000000
  76	3.7500e-02	3.0464	-12.524550	0.000452	4.522766	1.532355	0.036409
  77	3.8000e-02	3.0801	-12.925045	-0.000995	-9.950085	-3.371180	-0.080099
  78	3.8500e-02	3.1154	-12.124056	0.001990	19.900170	6.742360	0.160198
  79	3.9000e-02	3.1652	-12.524550	-0.000995	-9.950085	-3.371180	-0.080099
  80	3.9500e-02	3.1924	-12.306099	0.000543	5.427319	1.838825	0.043690
  81	4.0000e-02	3.2341	-11.942013	0.000905	9.045532	3.064709	0.072817
  82	4.0500e-02	3.2694	-12.124056	-0.000452	-4.522766	-1.532355	-0.036409
  83	4.1000e-02	3.3256	-12.087648	0.000090	0.904553	0.306471	0.007282
  84	4.1500e-02	3.3464	-11.687153	0.000995	9.950085	3.371180	0.080099
  85	4.2000e-02	3.4090	-11.832788	-0.000362	-3.618213	-1.225884	-0.029127
  86	4.2500e-02	3.4363	-11.541519	0.000724	7.236425	2.451767	0.058254
  87	4.3000e-02	3.4844	-11.541519	0.000000	0.000000	0.000000	0.000000
  88	4.3500e-02	3.5341	-11.505110	0.000090	0.904553	0.306471	0.007282
  89	4.4000e-02	3.5646	-11.577927	-0.000181	-1.809106	-0.612942	-0.014563
  90	4.4500e-02	3.5967	-11.068207	0.001266	12.663744	4.290593	0.101944
  91	4.5000e-02	3.6400	-11.177433	-0.000271	-2.713659	-0.919413	-0.021845
  92	4.5500e-02	3.6929	-11.505110	-0.000814	-8.140978	-2.758238	-0.065535
  93	4.6000e-02	3.7218	-10.922573	0.001447	14.472851	4.903535	0.116507
  94	4.6500e-02	3.7443	-10.776939	0.000362	3.618213	1.225884	0.029127
  95	4.7000e-02	3.8117	-10.995390	-0.000543	-5.427319	-1.838825	-0.043690
  96	4.7500e-02	3.8598	-10.376444	0.001538	15.377404	5.210005	0.123789
  97	4.8000e-02	3.8919	-10.412853	-0.000090	-0.904553	-0.306471	-0.007282
  98	4.8500e-02	3.9191	-10.303627	0.000271	2.713659	0.919413	0.021845
  99	4.9000e-02	3.9609	-10.449262	-0.000362	-3.618213	-1.225884	-0.029127
 100	4.9500e-02	4.0106	-10.230810	0.000543	5.427319	1.838825	0.043690
 101	5.0000e-02	4.0459	-9.939542	0.000724	7.236425	2.451767	0.058254
 102	5.0500e-02	4.0988	-10.194402	-0.000633	-6.331872	-2.145296	-0.050972
 103	5.1000e-02	4.1052	-9.975950	0.000543	5.427319	1.838825	0.043690
 104	5.1500e-02	4.1469	-9.793907	0.000452	4.522766	1.532355	0.036409
 105	5.2000e-02	4.1822	-9.539047	0.000633	6.331872	2.145296	0.050972
 106	5.2500e-02	4.2576	-9.575456	-0.000090	-0.904553	-0.306471	-0.007282
 107	5.3000e-02	4.2785	-9.684681	-0.000271	-2.713659	-0.919413	-0.021845
 108	5.3500e-02	4.3411	-9.320596	0.000905	9.045532	3.064709	0.072817
 109	5.4000e-02	4.3507	-9.539047	-0.000543	-5.427319	-1.838825	-0.043690
 110	5.4500e-02	4.3828	-9.320596	0.000543	5.427319	1.838825	0.043690
 111	5.5000e-02	4.4630	-9.575456	-0.000633	-6.331872	-2.145296	-0.050972
 112	5.5500e-02	4.4854	-9.320596	0.000633	6.331872	2.145296	0.050972
 113	5.6000e-02	4.5255	-8.847284	0.001176	11.759191	3.984122	0.094662
 114	5.6500e-02	4.5368	-8.738058	0.000271	2.713659	0.919413	0.021845
 115	5.7000e-02	4.6282	-8.628833	0.000271	2.713659	0.919413	0.021845
 116	5.7500e-02	4.6202	-8.920101	0.000724	7.236425	2.451767	-0.058254
 117	5.8000e-02	4.6731	-8.592424	0.000814	8.140978	2.758238	0.065535
 118	5.8500e-02	4.7261	-8.556016	0.000090	0.904553	0.306471	0.007282
 119	5.9000e-02	4.7646	-8.592424	-0.000090	-0.904553	-0.306471	-0.007282
 120	5.9500e-02	4.8127	-8.155521	0.001085	10.854638	3.677651	0.087381
 121	6.0000e-02	4.8416	-8.373973	-0.000543	-5.427319	-1.838825	-0.043690
 122	6.0500e-02	4.8865	-8.337564	0.000090	0.904553	0.306471	0.007282
 123	6.1000e-02	4.9025	-8.264747	0.000181	1.809106	0.612942	0.014563
 124	6.1500e-02	4.9507	-8.191930	0.000181	1.809106	0.612942	0.014563
 125	6.2000e-02	5.0052	-7.900661	0.000724	7.236425	2.451767	0.058254
 126	6.2500e-02	5.0437	-7.645801	0.000633	6.331872	2.145296	0.050972
 127	6.3000e-02	5.0758	-7.682210	-0.000090	-0.904553	-0.306471	-0.007282
 128	6.3500e-02	5.1223	-7.390941	0.000724	7.236425	2.451767	0.058254
 129	6.4000e-02	5.1720	-7.682210	-0.000724	-7.236425	-2.451767	-0.058254
 130	6.4500e-02	5.2138	-7.572984	0.000271	2.713659	0.919413	0.021845
 131	6.5000e-02	5.2426	-7.099673	0.001176	11.759191	3.984122	0.094662
 132	6.5500e-02	5.2635	-7.172490	-0.000181	-1.809106	-0.612942	-0.014563
 133	6.6000e-02	5.3004	-7.099673	0.000181	1.809106	0.612942	0.014563
 134	6.6500e-02	5.3694	-7.208898	-0.000271	-2.713659	-0.919413	-0.021845
 135	6.7000e-02	5.4031	-7.063264	0.000362	3.618213	1.225884	0.029127
 136	6.7500e-02	5.4367	-6.771995	0.000724	7.236425	2.451767	0.058254
 137	6.8000e-02	5.4785	-6.881221	-0.000271	-2.713659	-0.919413	-0.021845
 138	6.8500e-02	5.5266	-6.517135	0.000905	9.045532	3.064709	0.072817
 139	6.9000e-02	5.5683	-6.699178	-0.000452	-4.522766	-1.532355	-0.036409
 140	6.9500e-02	5.6196	-6.517135	0.000452	4.522766	1.532355	0.036409
 141	7.0000e-02	5.6613	-6.335092	0.000452	4.522766	1.532355	0.036409
 142	7.0500e-02	5.6838	-6.262275	0.000181	1.809106	0.612942	0.014563
 143	7.1000e-02	5.7287	-6.407910	-0.000362	-3.618213	-1.225884	-0.029127
 144	7.1500e-02	5.7752	-5.934598	0.001176	11.759191	3.984122	0.094662
 145	7.2000e-02	5.7881	-6.043824	-0.000271	-2.713659	-0.919413	-0.021845
 146	7.2500e-02	5.8362	-5.861781	0.000452	4.522766	1.532355	0.036409
 147	7.3000e-02	5.8699	-5.752555	0.000271	2.713659	0.919413	0.021845
 148	7.3500e-02	5.8956	-5.788964	-0.000090	-0.904553	-0.306471	-0.007282
 149	7.4000e-02	5.9533	-5.679738	0.000271	2.713659	0.919413	0.021845
 150	7.4500e-02	6.0030	-5.716147	-0.000090	-0.904553	-0.306471	-0.007282
 151	7.5000e-02	6.0447	-5.497695	0.000543	5.427319	1.838825	0.043690
 152	7.5500e-02	6.0897	-5.534104	-0.000090	-0.904553	-0.306471	-0.007282
 153	7.6000e-02	6.1153	-5.315652	0.000543	5.427319	1.838825	0.043690
 154	7.6500e-02	6.1522	-5.024384	0.000724	7.236425	2.451767	0.058254
 155	7.7000e-02	6.2036	-5.388469	-0.000905	-9.045532	-3.064709	-0.072817
 156	7.7500e-02	6.2357	-4.842341	0.001357	13.568297	4.597064	0.109226
 157	7.8000e-02	6.2982	-5.133609	-0.000724	-7.236425	-2.451767	-0.058254
 158	7.8500e-02	6.3271	-4.660298	0.001176	11.759191	3.984122	0.094662
 159	7.9000e-02	6.3479	-5.097201	-0.001085	-10.854638	-3.677651	-0.087381
 160	7.9500e-02	6.4121	-4.660298	0.001085	10.854638	3.677651	0.087381
 161	8.0000e-02	6.4266	-4.587481	0.000181	1.809106	0.612942	0.014563
 162	8.0500e-02	6.4891	-4.951566	-0.000905	-9.045532	-3.064709	-0.072817
 163	8.1000e-02	6.4827	-4.441846	-0.001266	-12.663744	-4.290593	0.101944
 164	8.1500e-02	6.5725	-4.296212	0.000362	3.618213	1.225884	0.029127
 165	8.2000e-02	6.5982	-3.822901	0.001176	11.759191	3.984122	0.094662
 166	8.2500e-02	6.6303	-3.822901	0.000000	0.000000	0.000000	0.000000
 167	8.3000e-02	6.6720	-4.369029	-0.001357	-13.568297	-4.597064	-0.109226
 168	8.3500e-02	6.7137	-3.968535	0.000995	9.950085	3.371180	0.080099
 169	8.4000e-02	6.7634	-3.859309	0.000271	2.713659	0.919413	0.021845
 170	8.4500e-02	6.8100	-3.786492	0.000181	1.809106	0.612942	0.014563
 171	8.5000e-02	6.8469	-3.677266	0.000271	2.713659	0.919413	0.021845
 172	8.5500e-02	6.8725	-3.677266	0.000000	0.000000	0.000000	0.000000
 173	8.6000e-02	6.9255	-3.568041	0.000271	2.713659	0.919413	0.021845
 174	8.6500e-02	6.9592	-3.276772	0.000724	7.236425	2.451767	0.058254
 175	8.7000e-02	6.9784	-3.495223	-0.000543	-5.427319	-1.838825	-0.043690
 176	8.7500e-02	7.0330	-3.349589	0.000362	3.618213	1.225884	0.029127
 177	8.8000e-02	7.0779	-3.167546	0.000452	4.522766	1.532355	0.036409
 178	8.8500e-02	7.1260	-3.203955	-0.000090	-0.904553	-0.306471	-0.007282
 179	8.9000e-02	7.1741	-2.839869	0.000905	9.045532	3.064709	0.072817
 180	8.9500e-02	7.1950	-2.839869	0.000000	0.000000	0.000000	0.000000
 181	9.0000e-02	7.2190	-2.803460	0.000090	0.904553	0.306471	0.007282
 182	9.0500e-02	7.2896	-2.548600	0.000633	6.331872	2.145296	0.050972
 183	9.1000e-02	7.3297	-2.439375	0.000271	2.713659	0.919413	0.021845
 184	9.1500e-02	7.3731	-2.621418	-0.000452	-4.522766	-1.532355	-0.036409
 185	9.2000e-02	7.3875	-2.767052	-0.000362	-3.618213	-1.225884	-0.029127
 186	9.2500e-02	7.4244	-2.184515	0.001447	14.472851	4.903535	0.116507
 187	9.3000e-02	7.4661	-2.038880	0.000362	3.618213	1.225884	0.029127
 188	9.3500e-02	7.5287	-2.402966	-0.000905	-9.045532	-3.064709	-0.072817
 189	9.4000e-02	7.5688	-2.002472	0.000995	9.950085	3.371180	0.080099
 190	9.4500e-02	7.6089	-2.111697	-0.000271	-2.713659	-0.919413	-0.021845
 191	9.5000e-02	7.6698	-1.820429	0.000724	7.236425	2.451767	0.058254
 192	9.5500e-02	7.6891	-1.893246	-0.000181	-1.809106	-0.612942	-0.014563
 193	9.6000e-02	7.7212	-1.856837	0.000090	0.904553	0.306471	0.007282
 194	9.6500e-02	7.7725	-1.856837	0.000000	0.000000	0.000000	0.000000
 195	9.7000e-02	7.7982	-1.565569	0.000724	7.236425	2.451767	0.058254
 196	9.7500e-02	7.8591	-1.601977	-0.000090	-0.904553	-0.306471	-0.007282
 197	9.8000e-02	7.8656	-1.383526	0.000543	5.427319	1.838825	0.043690
 198	9.8500e-02	7.8896	-1.383526	0.000000	0.000000	0.000000	0.000000
 199	9.9000e-02	7.9442	-1.237892	0.000362	3.618213	1.225884	0.029127
 200	9.9500e-02	8.0067	-0.946623	0.000724	7.236425	2.451767	0.058254
 201	1.0000e-01	8.0500	-0.910214	0.000090	0.904553	0.306471	0.007282
 202	1.0050e-01	8.0918	-1.165074	-0.000633	-6.331872	-2.145296	-0.050972
 203	1.0100e-01	8.1078	-0.764580	0.000995	9.950085	3.371180	0.080099
 204	1.0150e-01	8.1816	-0.873806	-0.000271	-2.713659	-0.919413	-0.021845
 205	1.0200e-01	8.1832	-0.873806	0.000000	0.000000	0.000000	0.000000
 206	1.0250e-01	8.2538	-0.582537	0.000724	7.236425	2.451767	0.058254
 207	1.0300e-01	8.2730	-0.509720	0.000181	1.809106	0.612942	0.014563
 208	1.0350e-01	8.3228	-0.400494	0.000271	2.713659	0.919413	0.021845
 209	1.0400e-01	8.3757	-0.618946	-0.000543	-5.427319	-1.838825	-0.043690
 210	1.0450e-01	8.4206	-0.072817	0.001357	13.568297	4.597064	0.109226
 211	1.0500e-01	8.4431	-0.182043	-0.000271	-2.713659	-0.919413	-0.021845
 212	1.0550e-01	8.4591	-0.400494	-0.000543	-5.427319	-1.838825	-0.043690
 213	1.0600e-01	8.5297	0.218451	0.001538	15.377404	5.210005	0.123789
 214	1.0650e-01	8.5666	-0.036409	-0.000633	-6.331872	-2.145296	-0.050972
 215	1.0700e-01	8.6131	-0.182043	-0.000362	-3.618213	-1.225884	-0.029127
 216	1.0750e-01	8.6516	0.182043	0.000905	9.045532	3.064709	0.072817
 217	1.0800e-01	8.6933	0.364086	0.000452	4.522766	1.532355	0.036409
 218	1.0850e-01	8.7399	0.218451	-0.000362	-3.618213	-1.225884	-0.029127
 219	1.0900e-01	8.7575	0.691763	0.001176	11.759191	3.984122	0.094662
 220	1.0950e-01	8.8297	0.145634	-0.001357	-13.568297	-4.597064	-0.109226
 221	1.1000e-01	8.8473	0.728172	0.001447	14.472851	4.903535	0.116507
 222	1.1050e-01	8.8987	0.691763	-0.000090	-0.904553	-0.306471	-0.007282
 223	1.1100e-01	8.9211	0.728172	0.000090	0.904553	0.306471	0.007282
 224	1.1150e-01	8.9580	0.764580	0.000090	0.904553	0.306471	0.007282
 225	1.1200e-01	8.9949	1.055849	0.000724	7.236425	2.451767	0.058254
 226	1.1250e-01	9.0495	0.946623	-0.000271	-2.713659	-0.919413	-0.021845
 227	1.1300e-01	9.0832	1.019440	0.000181	1.809106	0.612942	0.014563
 228	1.1350e-01	9.1169	0.983032	-0.000090	-0.904553	-0.306471	-0.007282
 229	1.1400e-01	9.1586	1.456343	0.001176	11.759191	3.984122	0.094662
 230	1.1450e-01	9.2019	1.310709	-0.000362	-3.618213	-1.225884	-0.029127
 231	1.1500e-01	9.2436	1.092257	-0.000543	-5.427319	-1.838825	-0.043690
 232	1.1550e-01	9.2709	1.784020	0.001719	17.186510	5.822947	0.138353
 233	1.1600e-01	9.3190	1.419935	-0.000905	-9.045532	-3.064709	-0.072817
 234	1.1650e-01	9.3575	1.784020	0.000905	9.045532	3.064709	0.072817
 235	1.1700e-01	9.4152	1.929655	0.000362	3.618213	1.225884	0.029127
 236	1.1750e-01	9.4618	1.747612	-0.000452	-4.522766	-1.532355	-0.036409
 237	1.1800e-01	9.4778	1.820429	0.000181	1.809106	0.612942	0.014563
 238	1.1850e-01	9.5227	2.075289	0.000633	6.331872	2.145296	0.050972
 239	1.1900e-01	9.5532	2.002472	-0.000181	-1.809106	-0.612942	-0.014563
 240	1.1950e-01	9.5917	2.366558	0.000905	9.045532	3.064709	0.072817
 241	1.2000e-01	9.6142	2.148106	-0.000543	-5.427319	-1.838825	-0.043690
 242	1.2050e-01	9.6880	2.330149	0.000452	4.522766	1.532355	0.036409
 243	1.2100e-01	9.7136	2.293740	-0.000090	-0.904553	-0.306471	-0.007282
 244	1.2150e-01	9.7409	2.912686	0.001538	15.377404	5.210005	0.123789
 245	1.2200e-01	9.8211	2.548600	-0.000905	-9.045532	-3.064709	-0.072817
 246	1.2250e-01	9.8323	2.803460	0.000633	6.331872	2.145296	0.050972
 247	1.2300e-01	9.8821	2.548600	-0.000633	-6.331872	-2.145296	-0.050972
 248	1.2350e-01	9.9126	3.422406	0.002171	21.709276	7.355302	0.174761
 249	1.2400e-01	9.9382	2.694235	-0.001809	-18.091063	-6.129418	-0.145634
 250	1.2450e-01	10.0040	3.058320	0.000905	9.045532	3.064709	0.072817
 251	1.2500e-01	10.0377	2.876278	-0.000452	-4.522766	-1.532355	-0.036409
 252	1.2550e-01	10.0874	3.094729	0.000543	5.427319	1.838825	0.043690
 253	1.2600e-01	10.1355	3.385998	0.000724	7.236425	2.451767	0.058254
 254	1.2650e-01	10.1740	3.094729	-0.000724	-7.236425	-2.451767	-0.058254
 255	1.2700e-01	10.1821	3.240363	0.000362	3.618213	1.225884	0.029127
 256	1.2750e-01	10.2414	3.568041	0.000814	8.140978	2.758238	0.065535
 257	1.2800e-01	10.2976	3.568041	0.000000	0.000000	0.000000	0.000000
 258	1.2850e-01	10.3313	3.640858	0.000181	1.809106	0.612942	0.014563
 259	1.2900e-01	10.3473	3.859309	0.000543	5.427319	1.838825	0.043690
 260	1.2950e-01	10.4002	3.568041	-0.000724	-7.236425	-2.451767	-0.058254
 261	1.3000e-01	10.4323	3.786492	0.000543	5.427319	1.838825	0.043690
 262	1.3050e-01	10.4853	3.495223	-0.000724	-7.236425	-2.451767	-0.058254
 263	1.3100e-01	10.5093	4.077761	0.001447	14.472851	4.903535	0.116507
 264	1.3150e-01	10.5831	3.822901	-0.000633	-6.331872	-2.145296	-0.050972
 265	1.3200e-01	10.5992	4.041352	0.000543	5.427319	1.838825	0.043690
 266	1.3250e-01	10.6345	4.077761	0.000090	0.904553	0.306471	0.007282
 267	1.3300e-01	10.6778	4.223395	0.000362	3.618213	1.225884	0.029127
 268	1.3350e-01	10.7099	4.332621	0.000271	2.713659	0.919413	0.021845
 269	1.3400e-01	10.7596	4.405438	0.000181	1.809106	0.612942	0.014563
 270	1.3450e-01	10.8013	4.514664	0.000271	2.713659	0.919413	0.021845
 271	1.3500e-01	10.8238	4.842341	0.000814	8.140978	2.758238	0.065535
 272	1.3550e-01	10.8767	4.332621	-0.001266	-12.663744	-4.290593	-0.101944
 273	1.3600e-01	10.9537	5.060792	0.001809	18.091063	6.129418	0.145634
 274	1.3650e-01	10.9617	4.878749	-0.000452	-4.522766	-1.532355	-0.036409
 275	1.3700e-01	11.0018	5.097201	0.000543	5.427319	1.838825	0.043690
 276	1.3750e-01	11.0339	5.206427	0.000271	2.713659	0.919413	0.021845
 277	1.3800e-01	11.0804	5.024384	-0.000452	-4.522766	-1.532355	-0.036409
 278	1.3850e-01	11.1205	5.352061	0.000814	8.140978	2.758238	0.065535
 279	1.3900e-01	11.1558	5.497695	0.000362	3.618213	1.225884	0.029127
 280	1.3950e-01	11.1959	5.570512	0.000181	1.809106	0.612942	0.014563
 281	1.4000e-01	11.2232	5.497695	-0.000181	-1.809106	-0.612942	-0.014563
 282	1.4050e-01	11.2729	5.388469	-0.000271	-2.713659	-0.919413	-0.021845
 283	1.4100e-01	11.3130	5.534104	0.000362	3.618213	1.225884	0.029127
 284	1.4150e-01	11.3628	5.570512	0.000090	0.904553	0.306471	0.007282
 285	1.4200e-01	11.3917	5.788964	0.000543	5.427319	1.838825	0.043690
 286	1.4250e-01	11.4446	6.007415	0.000543	5.427319	1.838825	0.043690
 287	1.4300e-01	11.4590	5.752555	-0.000633	-6.331872	-2.145296	-0.050972
 288	1.4350e-01	11.5072	6.153050	0.000995	9.950085	3.371180	0.080099
 289	1.4400e-01	11.5489	6.262275	0.000271	2.713659	0.919413	0.021845
 290	1.4450e-01	11.6179	5.898189	-0.000905	-9.045532	-3.064709	-0.072817
 291	1.4500e-01	11.6259	6.626361	0.001809	18.091063	6.129418	0.145634
 292	1.4550e-01	11.6628	6.116641	-0.001266	-12.663744	-4.290593	-0.101944
 293	1.4600e-01	11.7109	6.371501	0.000633	6.331872	2.145296	0.050972
 294	1.4650e-01	11.7462	6.699178	0.000814	8.140978	2.758238	0.065535
 295	1.4700e-01	11.8039	6.298684	-0.000995	-9.950085	-3.371180	-0.080099
 296	1.4750e-01	11.8585	6.553544	0.000633	6.331872	2.145296	0.050972
 297	1.4800e-01	11.9034	6.881221	0.000814	8.140978	2.758238	0.065535
 298	1.4850e-01	11.9355	6.626361	-0.000633	-6.331872	-2.145296	-0.050972
 299	1.4900e-01	11.9531	6.808404	0.000452	4.522766	1.532355	0.036409
 300	1.4950e-01	11.9884	7.208898	0.000995	9.950085	3.371180	0.080099
 301	1.5000e-01	12.0510	7.063264	-0.000362	-3.618213	-1.225884	-0.029127
 302	1.5050e-01	12.0847	7.318124	0.000633	6.331872	2.145296	0.050972
 303	1.5100e-01	12.1248	7.136081	-0.000452	-4.522766	-1.532355	-0.036409
 304	1.5150e-01	12.1537	6.917630	-0.000543	-5.427319	-1.838825	-0.043690
 305	1.5200e-01	12.2050	7.318124	0.000995	9.950085	3.371180	0.080099
 306	1.5250e-01	12.2563	7.536575	0.000543	5.427319	1.838825	0.043690
 307	1.5300e-01	12.2660	7.427350	-0.000271	-2.713659	-0.919413	-0.021845
 308	1.5350e-01	12.3173	7.536575	0.000271	2.713659	0.919413	0.021845
 309	1.5400e-01	12.3446	7.645801	0.000271	2.713659	0.919413	0.021845
 310	1.5450e-01	12.3863	7.827844	0.000452	4.522766	1.532355	0.036409
 311	1.5500e-01	12.4521	7.864253	0.000090	0.904553	0.306471	0.007282
 312	1.5550e-01	12.5002	8.046296	0.000452	4.522766	1.532355	0.036409
 313	1.5600e-01	12.5194	7.900661	-0.000362	-3.618213	-1.225884	-0.029127
 314	1.5650e-01	12.5724	7.791435	-0.000271	-2.713659	-0.919413	-0.021845
 315	1.5700e-01	12.5948	8.046296	0.000633	6.331872	2.145296	0.050972
 316	1.5750e-01	12.6590	7.973478	-0.000181	-1.809106	-0.612942	-0.014563
 317	1.5800e-01	12.7055	8.046296	0.000181	1.809106	0.612942	0.014563
 318	1.5850e-01	12.7232	8.446790	0.000995	9.950085	3.371180	0.080099
 319	1.5900e-01	12.7665	8.301156	-0.000362	-3.618213	-1.225884	-0.029127
 320	1.5950e-01	12.7922	8.373973	0.000181	1.809106	0.612942	0.014563
 321	1.6000e-01	12.8258	8.701650	0.000814	8.140978	2.758238	0.065535
 322	1.6050e-01	12.8692	8.009887	-0.001719	-17.186510	-5.822947	-0.138353
 323	1.6100e-01	12.9269	8.628833	0.001538	15.377404	5.210005	0.123789
 324	1.6150e-01	12.9157	8.592424	0.000090	0.904553	0.306471	-0.007282
 325	1.6200e-01	12.9815	8.810876	0.000543	5.427319	1.838825	0.043690
 326	1.6250e-01	13.0360	8.847284	0.000090	0.904553	0.306471	0.007282
 327	1.6300e-01	13.0809	8.665241	-0.000452	-4.522766	-1.532355	-0.036409
 328	1.6350e-01	13.1162	8.920101	0.000633	6.331872	2.145296	0.050972
 329	1.6400e-01	13.1643	9.247779	0.000814	8.140978	2.758238	0.065535
 330	1.6450e-01	13.2125	9.393413	0.000362	3.618213	1.225884	0.029127
 331	1.6500e-01	13.2445	8.992919	-0.000995	-9.950085	-3.371180	-0.080099
 332	1.6550e-01	13.2975	9.393413	0.000995	9.950085	3.371180	0.080099
 333	1.6600e-01	13.3023	9.393413	0.000000	0.000000	0.000000	0.000000
 334	1.6650e-01	13.3584	9.539047	0.000362	3.618213	1.225884	0.029127
 335	1.6700e-01	13.4018	9.648273	0.000271	2.713659	0.919413	0.021845
 336	1.6750e-01	13.4226	9.611864	-0.000090	-0.904553	-0.306471	-0.007282
 337	1.6800e-01	13.4948	9.939542	0.000814	8.140978	2.758238	0.065535
 338	1.6850e-01	13.5317	9.684681	-0.000633	-6.331872	-2.145296	-0.050972
 339	1.6900e-01	13.5638	9.757499	0.000181	1.809106	0.612942	0.014563
 340	1.6950e-01	13.5943	10.121584	0.000905	9.045532	3.064709	0.072817
 341	1.7000e-01	13.6568	9.903133	-0.000543	-5.427319	-1.838825	-0.043690
 342	1.7050e-01	13.6857	9.939542	0.000090	0.904553	0.306471	0.007282
 343	1.7100e-01	13.7146	10.085176	0.000362	3.618213	1.225884	0.029127
 344	1.7150e-01	13.7467	10.230810	0.000362	3.618213	1.225884	0.029127
 345	1.7200e-01	13.8028	10.157993	-0.000181	-1.809106	-0.612942	-0.014563
 346	1.7250e-01	13.8285	10.194402	0.000090	0.904553	0.306471	0.007282
 347	1.7300e-01	13.8638	10.631304	0.001085	10.854638	3.677651	0.087381
 348	1.7350e-01	13.8830	10.485670	-0.000362	-3.618213	-1.225884	-0.029127
 349	1.7400e-01	13.9328	10.667713	0.000452	4.522766	1.532355	0.036409
 350	1.7450e-01	13.9841	10.522079	-0.000362	-3.618213	-1.225884	-0.029127
 351	1.7500e-01	14.0563	11.141025	0.001538	15.377404	5.210005	0.123789
 352	1.7550e-01	14.0659	10.340036	-0.001990	-19.900170	-6.742360	-0.160198
 353	1.7600e-01	14.1108	11.104616	0.001900	18.995616	6.435889	0.152916
 354	1.7650e-01	14.1477	10.485670	-0.001538	-15.377404	-5.210005	-0.123789
 355	1.7700e-01	14.1910	10.958982	0.001176	11.759191	3.984122	0.094662
 356	1.7750e-01	14.2392	11.068207	0.000271	2.713659	0.919413	0.021845
 357	1.7800e-01	14.2905	11.250250	0.000452	4.522766	1.532355	0.036409
 358	1.7850e-01	14.3274	11.323067	0.000181	1.809106	0.612942	0.014563
 359	1.7900e-01	14.3643	11.213842	-0.000271	-2.713659	-0.919413	-0.021845
 360	1.7950e-01	14.4012	11.541519	0.000814	8.140978	2.758238	0.065535
 361	1.8000e-01	14.4365	11.541519	0.000000	0.000000	0.000000	0.000000
 362	1.8050e-01	14.4782	10.922573	-0.001538	-15.377404	-5.210005	-0.123789
 363	1.8100e-01	14.5087	11.541519	0.001538	15.377404	5.210005	0.123789
 364	1.8150e-01	14.5424	11.869196	0.000814	8.140978	2.758238	0.065535
 365	1.8200e-01	14.5953	11.796379	-0.000181	-1.809106	-0.612942	-0.014563
 366	1.8250e-01	14.6418	11.577927	-0.000543	-5.427319	-1.838825	-0.043690
 367	1.8300e-01	14.6771	11.869196	0.000724	7.236425	2.451767	0.058254
 368	1.8350e-01	14.7044	11.978422	0.000271	2.713659	0.919413	0.021845
 369	1.8400e-01	14.7541	12.087648	0.000271	2.713659	0.919413	0.021845
 370	1.8450e-01	14.8023	12.306099	0.000543	5.427319	1.838825	0.043690
 371	1.8500e-01	14.8440	12.233282	-0.000181	-1.809106	-0.612942	-0.014563
 372	1.8550e-01	14.8600	12.306099	0.000181	1.809106	0.612942	0.014563
 373	1.8600e-01	14.8985	12.051239	-0.000633	-6.331872	-2.145296	-0.050972
 374	1.8650e-01	14.9434	12.451733	0.000995	9.950085	3.371180	0.080099
 375	1.8700e-01	14.9867	12.524550	0.000181	1.809106	0.612942	0.014563
 376	1.8750e-01	15.0429	12.670185	0.000362	3.618213	1.225884	0.029127
 377	1.8800e-01	15.0830	12.706593	0.000090	0.904553	0.306471	0.007282
 378	1.8850e-01	15.1006	12.706593	0.000000	0.000000	0.000000	0.000000
 379	1.8900e-01	15.1488	12.888636	0.000452	4.522766	1.532355	0.036409
 380	1.8950e-01	15.2129	12.743002	-0.000362	-3.618213	-1.225884	-0.029127
 381	1.9000e-01	15.2386	12.888636	0.000362	3.618213	1.225884	0.029127
 382	1.9050e-01	15.2579	12.961453	0.000181	1.809106	0.612942	0.014563
 383	1.9100e-01	15.3188	13.034271	0.000181	1.809106	0.612942	0.014563
 384	1.9150e-01	15.3669	13.252722	0.000543	5.427319	1.838825	0.043690
 385	1.9200e-01	15.4006	13.252722	0.000000	0.000000	0.000000	0.000000
 386	1.9250e-01	15.4359	13.216313	-0.000090	-0.904553	-0.306471	-0.007282
 387	1.9300e-01	15.4536	13.034271	-0.000452	-4.522766	-1.532355	-0.036409
 388	1.9350e-01	15.5033	13.507582	0.001176	11.759191	3.984122	0.094662
 389	1.9400e-01	15.5402	13.653216	0.000362	3.618213	1.225884	0.029127
 390	1.9450e-01	15.6076	13.434765	-0.000543	-5.427319	-1.838825	-0.043690
 391	1.9500e-01	15.6477	13.835259	0.000995	9.950085	3.371180	0.080099
 392	1.9550e-01	15.6814	13.653216	-0.000452	-4.522766	-1.532355	-0.036409
 393	1.9600e-01	15.7119	13.580399	-0.000181	-1.809106	-0.612942	-0.014563
 394	1.9650e-01	15.7359	13.908076	0.000814	8.140978	2.758238	0.065535
 395	1.9700e-01	15.7728	13.871668	-0.000090	-0.904553	-0.306471	-0.007282
 396	1.9750e-01	15.8482	13.944485	0.000181	1.809106	0.612942	0.014563
 397	1.9800e-01	15.8418	13.944485	-0.000000	-0.000000	-0.000000	0.000000
 398	1.9850e-01	15.8899	14.017302	0.000181	1.809106	0.612942	0.014563
 399	1.9900e-01	15.9413	14.381388	0.000905	9.045532	3.064709	0.072817
 400	1.9950e-01	16.0135	14.272162	-0.000271	-2.713659	-0.919413	-0.021845
 401	2.0000e-01	16.0295	14.126528	-0.000362	-3.618213	-1.225884	-0.029127
 402	2.0050e-01	16.0905	14.162936	0.000090	0.904553	0.306471	0.007282
 403	2.0100e-01	16.1274	14.563431	0.000995	9.950085	3.371180	0.080099
 404	2.0150e-01	16.1610	14.527022	-0.000090	-0.904553	-0.306471	-0.007282
 405	2.0200e-01	16.1659	14.599839	0.000181	1.809106	0.612942	0.014563
 406	2.0250e-01	16.2396	14.672657	0.000181	1.809106	0.612942	0.014563
 407	2.0300e-01	16.2894	14.745474	0.000181	1.809106	0.612942	0.014563
 408	2.0350e-01	16.3231	15.000334	0.000633	6.331872	2.145296	0.050972
 409	2.0400e-01	16.3664	14.927517	-0.000181	-1.809106	-0.612942	-0.014563
 410	2.0450e-01	16.3921	14.818291	-0.000271	-2.713659	-0.919413	-0.021845
 411	2.0500e-01	16.4418	14.963925	0.000362	3.618213	1.225884	0.029127
 412	2.0550e-01	16.4723	15.145968	0.000452	4.522766	1.532355	0.036409
 413	2.0600e-01	16.5204	15.145968	0.000000	0.000000	0.000000	0.000000
 414	2.0650e-01	16.5701	15.364419	0.000543	5.427319	1.838825	0.043690
 415	2.0700e-01	16.5910	15.328011	-0.000090	-0.904553	-0.306471	-0.007282
 416	2.0750e-01	16.6503	15.364419	0.000090	0.904553	0.306471	0.007282
 417	2.0800e-01	16.6792	15.291602	-0.000181	-1.809106	-0.612942	-0.014563
 418	2.0850e-01	16.7129	15.546462	0.000633	6.331872	2.145296	0.050972
 419	2.0900e-01	16.7706	15.364419	-0.000452	-4.522766	-1.532355	-0.036409
 420	2.0950e-01	16.7883	15.619280	0.000633	6.331872	2.145296	0.050972
 421	2.1000e-01	16.8236	15.801322	0.000452	4.522766	1.532355	0.036409
 422	2.1050e-01	16.8958	15.582871	-0.000543	-5.427319	-1.838825	-0.043690
 423	2.1100e-01	16.9214	15.728505	0.000362	3.618213	1.225884	0.029127
 424	2.1150e-01	16.9519	15.764914	0.000090	0.904553	0.306471	0.007282
 425	2.1200e-01	17.0001	15.874140	0.000271	2.713659	0.919413	0.021845
 426	2.1250e-01	17.0370	15.910548	0.000090	0.904553	0.306471	0.007282
 427	2.1300e-01	17.0546	16.092591	0.000452	4.522766	1.532355	0.036409
 428	2.1350e-01	17.1091	16.347451	0.000633	6.331872	2.145296	0.050972
 429	2.1400e-01	17.1605	16.092591	-0.000633	-6.331872	-2.145296	-0.050972
 430	2.1450e-01	17.1845	16.602311	0.001266	12.663744	4.290593	0.101944
 431	2.1500e-01	17.2295	16.456677	-0.000362	-3.618213	-1.225884	-0.029127
 432	2.1550e-01	17.2872	16.420268	-0.000090	-0.904553	-0.306471	-0.007282
 433	2.1600e-01	17.2952	16.565903	0.000362	3.618213	1.225884	0.029127
 434	2.1650e-01	17.3434	16.456677	-0.000271	-2.713659	-0.919413	-0.021845
 435	2.1700e-01	17.3754	16.675128	0.000543	5.427319	1.838825	0.043690
 436	2.1750e-01	17.4412	16.638720	-0.000090	-0.904553	-0.306471	-0.007282
 437	2.1800e-01	17.4669	16.602311	-0.000090	-0.904553	-0.306471	-0.007282
 438	2.1850e-01	17.5086	17.002805	0.000995	9.950085	3.371180	0.080099
 439	2.1900e-01	17.5631	17.039214	0.000090	0.904553	0.306471	0.007282
 440	2.1950e-01	17.5952	17.075623	0.000090	0.904553	0.306471	0.007282
 441	2.2000e-01	17.6530	17.002805	-0.000181	-1.809106	-0.612942	-0.014563
 442	2.2050e-01	17.6931	16.929988	-0.000181	-1.809106	-0.612942	-0.014563
 443	2.2100e-01	17.7300	17.148440	0.000543	5.427319	1.838825	0.043690
 444	2.2150e-01	17.7492	17.439708	0.000724	7.236425	2.451767	0.058254
 445	2.2200e-01	17.7893	17.548934	0.000271	2.713659	0.919413	0.021845
 446	2.2250e-01	17.8391	17.330483	-0.000543	-5.427319	-1.838825	-0.043690
 447	2.2300e-01	17.8856	17.512526	0.000452	4.522766	1.532355	0.036409
 448	2.2350e-01	17.9353	17.548934	0.000090	0.904553	0.306471	0.007282
 449	2.2400e-01	17.9722	17.840203	0.000724	7.236425	2.451767	0.058254
 450	2.2450e-01	18.0043	17.658160	-0.000452	-4.522766	-1.532355	-0.036409
 451	2.2500e-01	18.0588	17.658160	0.000000	0.000000	0.000000	0.000000
 452	2.2550e-01	18.0909	17.767386	0.000271	2.713659	0.919413	0.021845
 453	2.2600e-01	18.1102	17.913020	0.000362	3.618213	1.225884	0.029127
 454	2.2650e-01	18.1391	17.876611	-0.000090	-0.904553	-0.306471	-0.007282
 455	2.2700e-01	18.2064	18.022246	0.000362	3.618213	1.225884	0.029127
 456	2.2750e-01	18.2465	17.913020	-0.000271	-2.713659	-0.919413	-0.021845
 457	2.2800e-01	18.2690	18.422740	0.001266	12.663744	4.290593	0.101944
 458	2.2850e-01	18.3492	18.131471	-0.000724	-7.236425	-2.451767	-0.058254
 459	2.2900e-01	18.3524	18.240697	0.000271	2.713659	0.919413	0.021845
 460	2.2950e-01	18.3909	18.349923	0.000271	2.713659	0.919413	0.021845
 461	2.3000e-01	18.4535	18.641191	0.000724	7.236425	2.451767	0.058254
 462	2.3050e-01	18.4727	17.876611	-0.001900	-18.995616	-6.435889	-0.152916
 463	2.3100e-01	18.5080	18.459149	0.001447	14.472851	4.903535	0.116507
 464	2.3150e-01	18.5513	18.641191	0.000452	4.522766	1.532355	0.036409
 465	2.3200e-01	18.5898	18.968869	0.000814	8.140978	2.758238	0.065535
 466	2.3250e-01	18.6300	18.714009	-0.000633	-6.331872	-2.145296	-0.050972
 467	2.3300e-01	18.6989	18.786826	0.000181	1.809106	0.612942	0.014563
 468	2.3350e-01	18.6925	18.823234	-0.000090	-0.904553	-0.306471	0.007282
 469	2.3400e-01	18.7503	18.968869	0.000362	3.618213	1.225884	0.029127
 470	2.3450e-01	18.7936	18.786826	-0.000452	-4.522766	-1.532355	-0.036409
 471	2.3500e-01	18.8337	18.968869	0.000452	4.522766	1.532355	0.036409
 472	2.3550e-01	18.8722	19.005277	0.000090	0.904553	0.306471	0.007282
 473	2.3600e-01	18.9123	19.114503	0.000271	2.713659	0.919413	0.021845
 474	2.3650e-01	18.9556	19.405772	0.000724	7.236425	2.451767	0.058254
 475	2.3700e-01	19.0070	19.114503	-0.000724	-7.236425	-2.451767	-0.058254
 476	2.3750e-01	19.0471	18.932460	-0.000452	-4.522766	-1.532355	-0.036409
 477	2.3800e-01	19.0695	19.478589	0.001357	13.568297	4.597064	0.109226
 478	2.3850e-01	19.1032	19.223729	-0.000633	-6.331872	-2.145296	-0.050972
 479	2.3900e-01	19.1449	19.988309	0.001900	18.995616	6.435889	0.152916
 480	2.3950e-01	19.1930	19.587814	-0.000995	-9.950085	-3.371180	-0.080099
 481	2.4000e-01	19.2299	19.660632	0.000181	1.809106	0.612942	0.014563
 482	2.4050e-01	19.2733	19.587814	-0.000181	-1.809106	-0.612942	-0.014563
 483	2.4100e-01	19.3214	19.951900	0.000905	9.045532	3.064709	0.072817
 484	2.4150e-01	19.3487	20.170352	0.000543	5.427319	1.838825	0.043690
 485	2.4200e-01	19.4016	20.133943	-0.000090	-0.904553	-0.306471	-0.007282
 486	2.4250e-01	19.4032	20.097534	-0.000090	-0.904553	-0.306471	-0.007282
 487	2.4300e-01	19.4914	20.024717	-0.000181	-1.809106	-0.612942	-0.014563
 488	2.4350e-01	19.5267	20.425212	0.000995	9.950085	3.371180	0.080099
 489	2.4400e-01	19.5572	20.279577	-0.000362	-3.618213	-1.225884	-0.029127
 490	2.4450e-01	19.5893	20.024717	-0.000633	-6.331872	-2.145296	-0.050972
 491	2.4500e-01	19.6166	20.388803	0.000905	9.045532	3.064709	0.072817
 492	2.4550e-01	19.6711	20.352395	-0.000090	-0.904553	-0.306471	-0.007282
 493	2.4600e-01	19.7224	20.243169	-0.000271	-2.713659	-0.919413	-0.021845
 494	2.4650e-01	19.7513	20.825706	0.001447	14.472851	4.903535	0.116507
 495	2.4700e-01	19.7978	20.607255	-0.000543	-5.427319	-1.838825	-0.043690
 496	2.4750e-01	19.8315	20.607255	0.000000	0.000000	0.000000	0.000000
 497	2.4800e-01	19.8732	20.934932	0.000814	8.140978	2.758238	0.065535
 498	2.4850e-01	19.8941	20.752889	-0.000452	-4.522766	-1.532355	-0.036409
 499	2.4900e-01	19.9422	20.643663	-0.000271	-2.713659	-0.919413	-0.021845
 500	2.4950e-01	19.9727	20.971340	0.000814	8.140978	2.758238	0.065535
 501	2.5000e-01	20.0240	21.153383	0.000452	4.522766	1.532355	0.036409
 502	2.5050e-01	19.9791	20.825706	0.000814	8.140978	2.758238	-0.065535
 503	2.5100e-01	19.9454	20.789297	0.000090	0.904553	0.306471	-0.007282
 504	2.5150e-01	19.9133	20.534437	0.000633	6.331872	2.145296	-0.050972
 505	2.5200e-01	19.8764	20.534437	-0.000000	-0.000000	-0.000000	0.000000
 506	2.5250e-01	19.8091	20.570846	-0.000090	-0.904553	-0.306471	0.007282
 507	2.5300e-01	19.7850	20.680072	-0.000271	-2.713659	-0.919413	0.021845
 508	2.5350e-01	19.7401	20.498029	0.000452	4.522766	1.532355	-0.036409
 509	2.5400e-01	19.6984	20.315986	0.000452	4.522766	1.532355	-0.036409
 510	2.5450e-01	19.6791	19.915492	0.000995	9.950085	3.371180	-0.080099
 511	2.5500e-01	19.6278	20.315986	-0.000995	-9.950085	-3.371180	0.080099
 512	2.5550e-01	19.5748	20.206760	0.000271	2.713659	0.919413	-0.021845
 513	2.5600e-01	19.5251	20.352395	-0.000362	-3.618213	-1.225884	0.029127
 514	2.5650e-01	19.4866	20.097534	0.000633	6.331872	2.145296	-0.050972
 515	2.5700e-01	19.4642	19.951900	0.000362	3.618213	1.225884	-0.029127
 516	2.5750e-01	19.4144	20.061126	-0.000271	-2.713659	-0.919413	0.021845
 517	2.5800e-01	19.4176	20.206760	0.000362	3.618213	1.225884	0.029127
 518	2.5850e-01	19.3342	20.061126	0.000362	3.618213	1.225884	-0.029127
 519	2.5900e-01	19.2893	19.842674	0.000543	5.427319	1.838825	-0.043690
 520	2.5950e-01	19.2700	19.624223	0.000543	5.427319	1.838825	-0.043690
 521	2.6000e-01	19.2251	19.842674	-0.000543	-5.427319	-1.838825	0.043690
 522	2.6050e-01	19.1818	19.587814	0.000633	6.331872	2.145296	-0.050972
 523	2.6100e-01	19.1257	19.478589	0.000271	2.713659	0.919413	-0.021845
 524	2.6150e-01	19.0968	19.733449	-0.000633	-6.331872	-2.145296	0.050972
 525	2.6200e-01	19.0759	19.951900	-0.000543	-5.427319	-1.838825	0.043690
 526	2.6250e-01	19.0134	19.442180	0.001266	12.663744	4.290593	-0.101944
 527	2.6300e-01	18.9749	19.478589	-0.000090	-0.904553	-0.306471	0.007282
 528	2.6350e-01	18.9203	19.514997	-0.000090	-0.904553	-0.306471	0.007282
 529	2.6400e-01	18.8995	19.223729	0.000724	7.236425	2.451767	-0.058254
 530	2.6450e-01	18.8626	19.296546	-0.000181	-1.809106	-0.612942	0.014563
 531	2.6500e-01	18.8257	19.005277	0.000724	7.236425	2.451767	-0.058254
 532	2.6550e-01	18.7679	19.296546	-0.000724	-7.236425	-2.451767	0.058254
 533	2.6600e-01	18.7310	19.296546	-0.000000	-0.000000	-0.000000	0.000000
 534	2.6650e-01	18.6845	19.041686	0.000633	6.331872	2.145296	-0.050972
 535	2.6700e-01	18.6685	18.859643	0.000452	4.522766	1.532355	-0.036409
 536	2.6750e-01	18.6171	19.296546	-0.001085	-10.854638	-3.677651	0.087381
 537	2.6800e-01	18.5963	19.041686	0.000633	6.331872	2.145296	-0.050972
 538	2.6850e-01	18.5289	18.823234	0.000543	5.427319	1.838825	-0.043690
 539	2.6900e-01	18.4920	18.641191	0.000452	4.522766	1.532355	-0.036409
 540	2.6950e-01	18.4471	18.714009	-0.000181	-1.809106	-0.612942	0.014563
 541	2.7000e-01	18.4262	18.459149	0.000633	6.331872	2.145296	-0.050972
 542	2.7050e-01	18.3685	18.641191	-0.000452	-4.522766	-1.532355	0.036409
 543	2.7100e-01	18.3444	18.568374	0.000181	1.809106	0.612942	-0.014563
 544	2.7150e-01	18.3075	18.131471	0.001085	10.854638	3.677651	-0.087381
 545	2.7200e-01	18.2514	18.386331	-0.000633	-6.331872	-2.145296	0.050972
 546	2.7250e-01	18.2096	18.386331	-0.000000	-0.000000	-0.000000	0.000000
 547	2.7300e-01	18.1824	18.349923	0.000090	0.904553	0.306471	-0.007282
 548	2.7350e-01	18.1359	18.422740	-0.000181	-1.809106	-0.612942	0.014563
 549	2.7400e-01	18.0909	18.095063	0.000814	8.140978	2.758238	-0.065535
 550	2.7450e-01	18.0348	17.949428	0.000362	3.618213	1.225884	-0.029127
 551	2.7500e-01	18.0203	17.840203	0.000271	2.713659	0.919413	-0.021845
 552	2.7550e-01	17.9963	17.840203	-0.000000	-0.000000	-0.000000	0.000000
 553	2.7600e-01	17.9401	18.022246	-0.000452	-4.522766	-1.532355	0.036409
 554	2.7650e-01	17.8920	17.621751	0.000995	9.950085	3.371180	-0.080099
 555	2.7700e-01	17.8487	17.658160	-0.000090	-0.904553	-0.306471	0.007282
 556	2.7750e-01	17.8423	17.730977	-0.000181	-1.809106	-0.612942	0.014563
 557	2.7800e-01	17.7861	17.767386	-0.000090	-0.904553	-0.306471	0.007282
 558	2.7850e-01	17.7284	17.548934	0.000543	5.427319	1.838825	-0.043690
 559	2.7900e-01	17.7011	17.330483	0.000543	5.427319	1.838825	-0.043690
 560	2.7950e-01	17.6594	17.621751	-0.000724	-7.236425	-2.451767	0.058254
 561	2.8000e-01	17.6177	17.730977	-0.000271	-2.713659	-0.919413	0.021845
 562	2.8050e-01	17.5744	17.075623	0.001628	16.281957	5.516476	-0.131071
 563	2.8100e-01	17.5262	17.694568	-0.001538	-15.377404	-5.210005	0.123789
 564	2.8150e-01	17.5054	17.112031	0.001447	14.472851	4.903535	-0.116507
 565	2.8200e-01	17.4717	17.221257	-0.000271	-2.713659	-0.919413	0.021845
 566	2.8250e-01	17.4348	17.184848	0.000090	0.904553	0.306471	-0.007282
 567	2.8300e-01	17.3754	17.184848	-0.000000	-0.000000	-0.000000	0.000000
 568	2.8350e-01	17.3578	17.184848	-0.000000	-0.000000	-0.000000	0.000000
 569	2.8400e-01	17.3113	17.257665	-0.000181	-1.809106	-0.612942	0.014563
 570	2.8450e-01	17.2567	16.893580	0.000905	9.045532	3.064709	-0.072817
 571	2.8500e-01	17.2070	16.820763	0.000181	1.809106	0.612942	-0.014563
 572	2.8550e-01	17.1637	16.274634	0.001357	13.568297	4.597064	-0.109226
 573	2.8600e-01	17.1316	16.966397	-0.001719	-17.186510	-5.822947	0.138353
 574	2.8650e-01	17.0995	16.529494	0.001085	10.854638	3.677651	-0.087381
 575	2.8700e-01	17.0787	16.565903	-0.000090	-0.904553	-0.306471	0.007282
 576	2.8750e-01	17.0257	16.565903	-0.000000	-0.000000	-0.000000	0.000000
 577	2.8800e-01	16.9888	16.529494	0.000090	0.904553	0.306471	-0.007282
 578	2.8850e-01	16.9471	16.602311	-0.000181	-1.809106	-0.612942	0.014563
 579	2.8900e-01	16.8990	16.456677	0.000362	3.618213	1.225884	-0.029127
 580	2.8950e-01	16.8477	16.165408	0.000724	7.236425	2.451767	-0.058254
 581	2.9000e-01	16.8188	16.274634	-0.000271	-2.713659	-0.919413	0.021845
 582	2.9050e-01	16.7658	15.801322	0.001176	11.759191	3.984122	-0.094662
 583	2.9100e-01	16.7530	15.983365	-0.000452	-4.522766	-1.532355	0.036409
 584	2.9150e-01	16.6888	15.983365	-0.000000	-0.000000	-0.000000	0.000000
 585	2.9200e-01	16.6728	15.910548	0.000181	1.809106	0.612942	-0.014563
 586	2.9250e-01	16.6231	15.910548	-0.000000	-0.000000	-0.000000	0.000000
 587	2.9300e-01	16.5428	15.728505	0.000452	4.522766	1.532355	-0.036409
 588	2.9350e-01	16.5300	15.255194	0.001176	11.759191	3.984122	-0.094662
 589	2.9400e-01	16.4739	15.582871	-0.000814	-8.140978	-2.758238	0.065535
 590	2.9450e-01	16.4466	15.291602	0.000724	7.236425	2.451767	-0.058254
 591	2.9500e-01	16.4001	15.655688	-0.000905	-9.045532	-3.064709	0.072817
 592	2.9550e-01	16.3872	15.145968	0.001266	12.663744	4.290593	-0.101944
 593	2.9600e-01	16.3327	15.546462	-0.000995	-9.950085	-3.371180	0.080099
 594	2.9650e-01	16.2974	15.400828	0.000362	3.618213	1.225884	-0.029127
 595	2.9700e-01	16.2493	15.036742	0.000905	9.045532	3.064709	-0.072817
 596	2.9750e-01	16.2300	15.036742	-0.000000	-0.000000	-0.000000	0.000000
 597	2.9800e-01	16.1418	15.109559	-0.000181	-1.809106	-0.612942	0.014563
 598	2.9850e-01	16.1594	15.000334	-0.000271	-2.713659	-0.919413	-0.021845
 599	2.9900e-01	16.0953	15.073151	-0.000181	-1.809106	-0.612942	0.014563
 600	2.9950e-01	16.0648	14.891108	0.000452	4.522766	1.532355	-0.036409
 601	3.0000e-01	16.0247	14.344979	0.001357	13.568297	4.597064	-0.109226
 602	3.0050e-01	15.9894	14.963925	-0.001538	-15.377404	-5.210005	0.123789
 603	3.0100e-01	15.9284	14.709065	0.000633	6.331872	2.145296	-0.050972
 604	3.0150e-01	15.9060	14.745474	-0.000090	-0.904553	-0.306471	0.007282
 605	3.0200e-01	15.8691	14.490614	0.000633	6.331872	2.145296	-0.050972
 606	3.0250e-01	15.8418	14.199345	0.000724	7.236425	2.451767	-0.058254
 607	3.0300e-01	15.7776	14.527022	-0.000814	-8.140978	-2.758238	0.065535
 608	3.0350e-01	15.7407	14.344979	0.000452	4.522766	1.532355	-0.036409
 609	3.0400e-01	15.7167	14.454205	-0.000271	-2.713659	-0.919413	0.021845
 610	3.0450e-01	15.6509	14.162936	0.000724	7.236425	2.451767	-0.058254
 611	3.0500e-01	15.6188	14.126528	0.000090	0.904553	0.306471	-0.007282
 612	3.0550e-01	15.5947	14.053711	0.000181	1.809106	0.612942	-0.014563
 613	3.0600e-01	15.5530	13.908076	0.000362	3.618213	1.225884	-0.029127
 614	3.0650e-01	15.5017	13.944485	-0.000090	-0.904553	-0.306471	0.007282
 615	3.0700e-01	15.4456	13.980894	-0.000090	-0.904553	-0.306471	0.007282
 616	3.0750e-01	15.4199	14.126528	-0.000362	-3.618213	-1.225884	0.029127
 617	3.0800e-01	15.3605	13.762442	0.000905	9.045532	3.064709	-0.072817
 618	3.0850e-01	15.3236	13.653216	0.000271	2.713659	0.919413	-0.021845
 619	3.0900e-01	15.2819	13.507582	0.000362	3.618213	1.225884	-0.029127
 620	3.0950e-01	15.2498	13.543991	-0.000090	-0.904553	-0.306471	0.007282
 621	3.1000e-01	15.2242	13.653216	-0.000271	-2.713659	-0.919413	0.021845
 622	3.1050e-01	15.1728	13.179905	0.001176	11.759191	3.984122	-0.094662
 623	3.1100e-01	15.1407	13.252722	-0.000181	-1.809106	-0.612942	0.014563
 624	3.1150e-01	15.0878	13.143496	0.000271	2.713659	0.919413	-0.021845
 625	3.1200e-01	15.0637	13.070679	0.000181	1.809106	0.612942	-0.014563
 626	3.1250e-01	15.0092	13.034271	0.000090	0.904553	0.306471	-0.007282
 627	3.1300e-01	14.9691	13.034271	-0.000000	-0.000000	-0.000000	0.000000
 628	3.1350e-01	14.9322	12.743002	0.000724	7.236425	2.451767	-0.058254
 629	3.1400e-01	14.9033	12.743002	-0.000000	-0.000000	-0.000000	0.000000
 630	3.1450e-01	14.8504	12.997862	-0.000633	-6.331872	-2.145296	0.050972
 631	3.1500e-01	14.8456	12.488142	0.001266	12.663744	4.290593	-0.101944
 632	3.1550e-01	14.7638	12.852228	-0.000905	-9.045532	-3.064709	0.072817
 633	3.1600e-01	14.7365	12.415325	0.001085	10.854638	3.677651	-0.087381
 634	3.1650e-01	14.6964	12.597368	-0.000452	-4.522766	-1.532355	0.036409
 635	3.1700e-01	14.6499	12.597368	-0.000000	-0.000000	-0.000000	0.000000
 636	3.1750e-01	14.6001	12.560959	0.000090	0.904553	0.306471	-0.007282
 637	3.1800e-01	14.5745	12.560959	-0.000000	-0.000000	-0.000000	0.000000
 638	3.1850e-01	14.5247	12.415325	0.000362	3.618213	1.225884	-0.029127
 639	3.1900e-01	14.5055	12.342508	0.000181	1.809106	0.612942	-0.014563
 640	3.1950e-01	14.4734	12.342508	-0.000000	-0.000000	-0.000000	0.000000
 641	3.2000e-01	14.4253	12.051239	0.000724	7.236425	2.451767	-0.058254
 642	3.2050e-01	14.3659	12.087648	-0.000090	-0.904553	-0.306471	0.007282
 643	3.2100e-01	14.3563	11.614336	0.001176	11.759191	3.984122	-0.094662
 644	3.2150e-01	14.2937	12.306099	-0.001719	-17.186510	-5.822947	0.138353
 645	3.2200e-01	14.2488	11.869196	0.001085	10.854638	3.677651	-0.087381
 646	3.2250e-01	14.2135	11.869196	-0.000000	-0.000000	-0.000000	0.000000
 647	3.2300e-01	14.1862	11.796379	0.000181	1.809106	0.612942	-0.014563
 648	3.2350e-01	14.1477	11.759970	0.000090	0.904553	0.306471	-0.007282
 649	3.2400e-01	14.0787	11.759970	-0.000000	-0.000000	-0.000000	0.000000
 650	3.2450e-01	14.0659	11.577927	0.000452	4.522766	1.532355	-0.036409
 651	3.2500e-01	14.0098	11.395885	0.000452	4.522766	1.532355	-0.036409
 652	3.2550e-01	13.9809	11.177433	0.000543	5.427319	1.838825	-0.043690
 653	3.2600e-01	13.9231	11.031799	0.000362	3.618213	1.225884	-0.029127
 654	3.2650e-01	13.9135	11.505110	-0.001176	-11.759191	-3.984122	0.094662
 655	3.2700e-01	13.8461	11.323067	0.000452	4.522766	1.532355	-0.036409
 656	3.2750e-01	13.8173	11.250250	0.000181	1.809106	0.612942	-0.014563
 657	3.2800e-01	13.7739	10.740530	0.001266	12.663744	4.290593	-0.101944
 658	3.2850e-01	13.7563	10.995390	-0.000633	-6.331872	-2.145296	0.050972
 659	3.2900e-01	13.7018	10.485670	0.001266	12.663744	4.290593	-0.101944
 660	3.2950e-01	13.6761	10.922573	-0.001085	-10.854638	-3.677651	0.087381
 661	3.3000e-01	13.5862	11.031799	-0.000271	-2.713659	-0.919413	0.021845
 662	3.3050e-01	13.5927	10.667713	-0.000905	-9.045532	-3.064709	-0.072817
 663	3.3100e-01	13.5461	10.594896	0.000181	1.809106	0.612942	-0.014563
 664	3.3150e-01	13.4980	10.594896	-0.000000	-0.000000	-0.000000	0.000000
 665	3.3200e-01	13.4563	10.267219	0.000814	8.140978	2.758238	-0.065535
 666	3.3250e-01	13.4002	10.704122	-0.001085	-10.854638	-3.677651	0.087381
 667	3.3300e-01	13.3793	10.522079	0.000452	4.522766	1.532355	-0.036409
 668	3.3350e-01	13.3552	10.121584	0.000995	9.950085	3.371180	-0.080099
 669	3.3400e-01	13.3087	10.194402	-0.000181	-1.809106	-0.612942	0.014563
 670	3.3450e-01	13.2494	10.012359	0.000452	4.522766	1.532355	-0.036409
 671	3.3500e-01	13.2060	10.085176	-0.000181	-1.809106	-0.612942	0.014563
 672	3.3550e-01	13.1643	9.684681	0.000995	9.950085	3.371180	-0.080099
 673	3.3600e-01	13.1451	9.866724	-0.000452	-4.522766	-1.532355	0.036409
 674	3.3650e-01	13.0937	10.012359	-0.000362	-3.618213	-1.225884	0.029127
 675	3.3700e-01	13.0569	9.611864	0.000995	9.950085	3.371180	-0.080099
 676	3.3750e-01	13.0200	9.757499	-0.000362	-3.618213	-1.225884	0.029127
 677	3.3800e-01	12.9911	9.757499	-0.000000	-0.000000	-0.000000	0.000000
 678	3.3850e-01	12.9686	9.684681	0.000181	1.809106	0.612942	-0.014563
 679	3.3900e-01	12.9157	9.065736	0.001538	15.377404	5.210005	-0.123789
 680	3.3950e-01	12.8563	9.611864	-0.001357	-13.568297	-4.597064	0.109226
 681	3.4000e-01	12.8290	9.611864	-0.000000	-0.000000	-0.000000	0.000000
 682	3.4050e-01	12.7841	9.320596	0.000724	7.236425	2.451767	-0.058254
 683	3.4100e-01	12.7601	9.284187	0.000090	0.904553	0.306471	-0.007282
 684	3.4150e-01	12.6847	9.065736	0.000543	5.427319	1.838825	-0.043690
 685	3.4200e-01	12.7055	8.920101	-0.000362	-3.618213	-1.225884	-0.029127
 686	3.4250e-01	12.6237	8.592424	0.000814	8.140978	2.758238	-0.065535
 687	3.4300e-01	12.5611	8.774467	-0.000452	-4.522766	-1.532355	0.036409
 688	3.4350e-01	12.5467	8.738058	0.000090	0.904553	0.306471	-0.007282
 689	3.4400e-01	12.5130	8.956510	-0.000543	-5.427319	-1.838825	0.043690
 690	3.4450e-01	12.4440	8.665241	0.000724	7.236425	2.451767	-0.058254
 691	3.4500e-01	12.4328	8.592424	0.000181	1.809106	0.612942	-0.014563
 692	3.4550e-01	12.3815	8.738058	-0.000362	-3.618213	-1.225884	0.029127
 693	3.4600e-01	12.3221	8.810876	-0.000181	-1.809106	-0.612942	0.014563
 694	3.4650e-01	12.2932	8.483198	0.000814	8.140978	2.758238	-0.065535
 695	3.4700e-01	12.2692	8.191930	0.000724	7.236425	2.451767	-0.058254
 696	3.4750e-01	12.2291	8.592424	-0.000995	-9.950085	-3.371180	0.080099
 697	3.4800e-01	12.1761	8.046296	0.001357	13.568297	4.597064	-0.109226
 698	3.4850e-01	12.1424	8.264747	-0.000543	-5.427319	-1.838825	0.043690
 699	3.4900e-01	12.1152	8.301156	-0.000090	-0.904553	-0.306471	0.007282
 700	3.4950e-01	12.0606	7.791435	0.001266	12.663744	4.290593	-0.101944
 701	3.5000e-01	12.0285	7.937070	-0.000362	-3.618213	-1.225884	0.029127
 702	3.5050e-01	11.9804	7.900661	0.000090	0.904553	0.306471	-0.007282
 703	3.5100e-01	11.9371	7.827844	0.000181	1.809106	0.612942	-0.014563
 704	3.5150e-01	11.9114	7.791435	0.000090	0.904553	0.306471	-0.007282
 705	3.5200e-01	11.8633	7.390941	0.000995	9.950085	3.371180	-0.080099
 706	3.5250e-01	11.8280	7.427350	-0.000090	-0.904553	-0.306471	0.007282
 707	3.5300e-01	11.7895	7.500167	-0.000181	-1.809106	-0.612942	0.014563
 708	3.5350e-01	11.7462	7.427350	0.000181	1.809106	0.612942	-0.014563
 709	3.5400e-01	11.6820	7.427350	-0.000000	-0.000000	-0.000000	0.000000
 710	3.5450e-01	11.6403	7.281715	0.000362	3.618213	1.225884	-0.029127
 711	3.5500e-01	11.6291	7.063264	0.000543	5.427319	1.838825	-0.043690
 712	3.5550e-01	11.5810	7.208898	-0.000362	-3.618213	-1.225884	0.029127
 713	3.5600e-01	11.5473	6.954038	0.000633	6.331872	2.145296	-0.050972
 714	3.5650e-01	11.5040	6.917630	0.000090	0.904553	0.306471	-0.007282
 715	3.5700e-01	11.4494	6.917630	-0.000000	-0.000000	-0.000000	0.000000
 716	3.5750e-01	11.4237	6.881221	0.000090	0.904553	0.306471	-0.007282
 717	3.5800e-01	11.3724	6.771995	0.000271	2.713659	0.919413	-0.021845
 718	3.5850e-01	11.3307	6.626361	0.000362	3.618213	1.225884	-0.029127
 719	3.5900e-01	11.3163	6.662770	-0.000090	-0.904553	-0.306471	0.007282
 720	3.5950e-01	11.2697	6.480727	0.000452	4.522766	1.532355	-0.036409
 721	3.6000e-01	11.2248	6.444318	0.000090	0.904553	0.306471	-0.007282
 722	3.6050e-01	11.1847	6.407910	0.000090	0.904553	0.306471	-0.007282
 723	3.6100e-01	11.1366	6.480727	-0.000181	-1.809106	-0.612942	0.014563
 724	3.6150e-01	11.1061	6.262275	0.000543	5.427319	1.838825	-0.043690
 725	3.6200e-01	11.0660	6.298684	-0.000090	-0.904553	-0.306471	0.007282
 726	3.6250e-01	11.0339	6.225867	0.000181	1.809106	0.612942	-0.014563
 727	3.6300e-01	10.9730	5.825372	0.000995	9.950085	3.371180	-0.080099
 728	3.6350e-01	10.9345	5.788964	0.000090	0.904553	0.306471	-0.007282
 729	3.6400e-01	10.8815	6.007415	-0.000543	-5.427319	-1.838825	0.043690
 730	3.6450e-01	10.8446	5.279244	0.001809	18.091063	6.129418	-0.145634
 731	3.6500e-01	10.8446	6.043824	-0.001900	-18.995616	-6.435889	0.152916
 732	3.6550e-01	10.7628	5.424878	0.001538	15.377404	5.210005	-0.123789
 733	3.6600e-01	10.7548	5.606921	-0.000452	-4.522766	-1.532355	0.036409
 734	3.6650e-01	10.7179	5.424878	0.000452	4.522766	1.532355	-0.036409
 735	3.6700e-01	10.6714	5.570512	-0.000362	-3.618213	-1.225884	0.029127
 736	3.6750e-01	10.6345	5.206427	0.000905	9.045532	3.064709	-0.072817
 737	3.6800e-01	10.5655	5.534104	-0.000814	-8.140978	-2.758238	0.065535
 738	3.6850e-01	10.5478	5.060792	0.001176	11.759191	3.984122	-0.094662
 739	3.6900e-01	10.4933	4.805932	0.000633	6.331872	2.145296	-0.050972
 740	3.6950e-01	10.4628	5.388469	-0.001447	-14.472851	-4.903535	0.116507
 741	3.7000e-01	10.4211	4.915158	0.001176	11.759191	3.984122	-0.094662
 742	3.7050e-01	10.3954	5.060792	-0.000362	-3.618213	-1.225884	0.029127
 743	3.7100e-01	10.3377	4.915158	0.000362	3.618213	1.225884	-0.029127
 744	3.7150e-01	10.2863	4.733115	0.000452	4.522766	1.532355	-0.036409
 745	3.7200e-01	10.2559	4.769524	-0.000090	-0.904553	-0.306471	0.007282
 746	3.7250e-01	10.1965	4.441846	0.000814	8.140978	2.758238	-0.065535
 747	3.7300e-01	10.1724	4.296212	0.000362	3.618213	1.225884	-0.029127
 748	3.7350e-01	10.1580	4.478255	-0.000452	-4.522766	-1.532355	0.036409
 749	3.7400e-01	10.1051	4.150578	0.000814	8.140978	2.758238	-0.065535
 750	3.7450e-01	10.0746	4.259804	-0.000271	-2.713659	-0.919413	0.021845
 751	3.7500e-01	10.0200	4.441846	-0.000452	-4.522766	-1.532355	0.036409
 752	3.7550e-01	9.9912	4.114169	0.000814	8.140978	2.758238	-0.065535
 753	3.7600e-01	9.9462	3.932126	0.000452	4.522766	1.532355	-0.036409
 754	3.7650e-01	9.8869	3.968535	-0.000090	-0.904553	-0.306471	0.007282
 755	3.7700e-01	9.8628	3.786492	0.000452	4.522766	1.532355	-0.036409
 756	3.7750e-01	9.7970	3.859309	-0.000181	-1.809106	-0.612942	0.014563
 757	3.7800e-01	9.7826	3.167546	0.001719	17.186510	5.822947	-0.138353
 758	3.7850e-01	9.7361	3.750083	-0.001447	-14.472851	-4.903535	0.116507
 759	3.7900e-01	9.7168	3.021912	0.001809	18.091063	6.129418	-0.145634
 760	3.7950e-01	9.6719	3.713675	-0.001719	-17.186510	-5.822947	0.138353
 761	3.8000e-01	9.6142	3.349589	0.000905	9.045532	3.064709	-0.072817
 762	3.8050e-01	9.5773	3.094729	0.000633	6.331872	2.145296	-0.050972
 763	3.8100e-01	9.5324	3.422406	-0.000814	-8.140978	-2.758238	0.065535
 764	3.8150e-01	9.4955	2.694235	0.001809	18.091063	6.129418	-0.145634
 765	3.8200e-01	9.4634	2.730643	-0.000090	-0.904553	-0.306471	0.007282
 766	3.8250e-01	9.4168	3.131138	-0.000995	-9.950085	-3.371180	0.080099
 767	3.8300e-01	9.3960	2.730643	0.000995	9.950085	3.371180	-0.080099
 768	3.8350e-01	9.3254	2.949095	-0.000543	-5.427319	-1.838825	0.043690
 769	3.8400e-01	9.2933	2.657826	0.000724	7.236425	2.451767	-0.058254
 770	3.8450e-01	9.2596	2.985503	-0.000814	-8.140978	-2.758238	0.065535
 771	3.8500e-01	9.2259	2.512192	0.001176	11.759191	3.984122	-0.094662
 772	3.8550e-01	9.1778	2.512192	-0.000000	-0.000000	-0.000000	0.000000
 773	3.8600e-01	9.1393	2.694235	-0.000452	-4.522766	-1.532355	0.036409
 774	3.8650e-01	9.1024	2.184515	0.001266	12.663744	4.290593	-0.101944
 775	3.8700e-01	9.0703	2.220923	-0.000090	-0.904553	-0.306471	0.007282
 776	3.8750e-01	9.0318	2.148106	0.000181	1.809106	0.612942	-0.014563
 777	3.8800e-01	8.9853	2.148106	-0.000000	-0.000000	-0.000000	0.000000
 778	3.8850e-01	8.9308	2.366558	-0.000543	-5.427319	-1.838825	0.043690
 779	3.8900e-01	8.9003	1.784020	0.001447	14.472851	4.903535	-0.116507
 780	3.8950e-01	8.8666	1.711203	0.000181	1.809106	0.612942	-0.014563
 781	3.9000e-01	8.8265	2.257332	-0.001357	-13.568297	-4.597064	0.109226
 782	3.9050e-01	8.7880	1.565569	0.001719	17.186510	5.822947	-0.138353
 783	3.9100e-01	8.7222	1.638386	-0.000181	-1.809106	-0.612942	0.014563
 784	3.9150e-01	8.7014	1.492752	0.000362	3.618213	1.225884	-0.029127
 785	3.9200e-01	8.6484	1.601977	-0.000271	-2.713659	-0.919413	0.021845
 786	3.9250e-01	8.6308	1.201483	0.000995	9.950085	3.371180	-0.080099
 787	3.9300e-01	8.5698	1.601977	-0.000995	-9.950085	-3.371180	0.080099
 788	3.9350e-01	8.5474	0.946623	0.001628	16.281957	5.516476	-0.131071
 789	3.9400e-01	8.5008	1.310709	-0.000905	-9.045532	-3.064709	0.072817
 790	3.9450e-01	8.4463	1.274300	0.000090	0.904553	0.306471	-0.007282
 791	3.9500e-01	8.4206	0.873806	0.000995	9.950085	3.371180	-0.080099
 792	3.9550e-01	8.3741	0.655354	0.000543	5.427319	1.838825	-0.043690
 793	3.9600e-01	8.3372	0.800989	-0.000362	-3.618213	-1.225884	0.029127
 794	3.9650e-01	8.2827	0.655354	0.000362	3.618213	1.225884	-0.029127
 795	3.9700e-01	8.2393	0.618946	0.000090	0.904553	0.306471	-0.007282
 796	3.9750e-01	8.1944	0.436903	0.000452	4.522766	1.532355	-0.036409
 797	3.9800e-01	8.1704	0.364086	0.000181	1.809106	0.612942	-0.014563
 798	3.9850e-01	8.1431	0.400494	-0.000090	-0.904553	-0.306471	0.007282
 799	3.9900e-01	8.1174	0.728172	-0.000814	-8.140978	-2.758238	0.065535
 800	3.9950e-01	8.0805	0.400494	0.000814	8.140978	2.758238	-0.065535
 801	4.0000e-01	8.0228	0.182043	0.000543	5.427319	1.838825	-0.043690
 802	4.0050e-01	7.9907	0.327677	-0.000362	-3.618213	-1.225884	0.029127
 803	4.0100e-01	7.9570	0.072817	0.000633	6.331872	2.145296	-0.050972
 804	4.0150e-01	7.9089	-0.036409	0.000271	2.713659	0.919413	-0.021845
 805	4.0200e-01	7.8672	-0.145634	0.000271	2.713659	0.919413	-0.021845
 806	4.0250e-01	7.8238	-0.364086	0.000543	5.427319	1.838825	-0.043690
 807	4.0300e-01	7.7853	-0.291269	-0.000181	-1.809106	-0.612942	0.014563
 808	4.0350e-01	7.7468	-0.254860	-0.000090	-0.904553	-0.306471	0.007282
 809	4.0400e-01	7.7003	-0.400494	0.000362	3.618213	1.225884	-0.029127
 810	4.0450e-01	7.6602	-0.218451	-0.000452	-4.522766	-1.532355	0.036409
 811	4.0500e-01	7.6329	-0.618946	0.000995	9.950085	3.371180	-0.080099
 812	4.0550e-01	7.5912	-0.728172	0.000271	2.713659	0.919413	-0.021845
 813	4.0600e-01	7.5287	-0.582537	-0.000362	-3.618213	-1.225884	0.029127
 814	4.0650e-01	7.4821	-0.983032	0.000995	9.950085	3.371180	-0.080099
 815	4.0700e-01	7.4597	-0.910214	-0.000181	-1.809106	-0.612942	0.014563
 816	4.0750e-01	7.4164	-0.946623	0.000090	0.904553	0.306471	-0.007282
 817	4.0800e-01	7.3763	-1.055849	0.000271	2.713659	0.919413	-0.021845
 818	4.0850e-01	7.3201	-1.310709	0.000633	6.331872	2.145296	-0.050972
 819	4.0900e-01	7.3169	-1.019440	-0.000724	-7.236425	-2.451767	0.058254
 820	4.0950e-01	7.2575	-1.274300	0.000633	6.331872	2.145296	-0.050972
 821	4.1000e-01	7.2351	-1.492752	0.000543	5.427319	1.838825	-0.043690
 822	4.1050e-01	7.1902	-1.674795	0.000452	4.522766	1.532355	-0.036409
 823	4.1100e-01	7.1324	-1.201483	-0.001176	-11.759191	-3.984122	0.094662
 824	4.1150e-01	7.0987	-2.038880	0.002080	20.804723	7.048831	-0.167479
 825	4.1200e-01	7.0330	-1.419935	-0.001538	-15.377404	-5.210005	0.123789
 826	4.1250e-01	7.0426	-2.184515	-0.001900	-18.995616	-6.435889	-0.152916
 827	4.1300e-01	6.9768	-1.929655	-0.000633	-6.331872	-2.145296	0.050972
 828	4.1350e-01	6.9207	-2.148106	0.000543	5.427319	1.838825	-0.043690
 829	4.1400e-01	6.8870	-2.038880	-0.000271	-2.713659	-0.919413	0.021845
 830	4.1450e-01	6.8677	-2.257332	0.000543	5.427319	1.838825	-0.043690
 831	4.1500e-01	6.8100	-2.293740	0.000090	0.904553	0.306471	-0.007282
 832	4.1550e-01	6.7859	-2.512192	0.000543	5.427319	1.838825	-0.043690
 833	4.1600e-01	6.7346	-2.184515	-0.000814	-8.140978	-2.758238	0.065535
 834	4.1650e-01	6.7185	-2.730643	0.001357	13.568297	4.597064	-0.109226
 835	4.1700e-01	6.6656	-2.803460	0.000181	1.809106	0.612942	-0.014563
 836	4.1750e-01	6.6014	-2.803460	-0.000000	-0.000000	-0.000000	0.000000
 837	4.1800e-01	6.5741	-2.439375	-0.000905	-9.045532	-3.064709	0.072817
 838	4.1850e-01	6.5469	-2.730643	0.000724	7.236425	2.451767	-0.058254
 839	4.1900e-01	6.5020	-3.422406	0.001719	17.186510	5.822947	-0.138353
 840	4.1950e-01	6.4859	-3.276772	-0.000362	-3.618213	-1.225884	0.029127
 841	4.2000e-01	6.4137	-3.094729	-0.000452	-4.522766	-1.532355	0.036409
 842	4.2050e-01	6.3704	-3.349589	0.000633	6.331872	2.145296	-0.050972
 843	4.2100e-01	6.3640	-3.167546	-0.000452	-4.522766	-1.532355	0.036409
 844	4.2150e-01	6.2918	-3.713675	0.001357	13.568297	4.597064	-0.109226
 845	4.2200e-01	6.2469	-3.021912	-0.001719	-17.186510	-5.822947	0.138353
 846	4.2250e-01	6.2389	-3.531632	0.001266	12.663744	4.290593	-0.101944
 847	4.2300e-01	6.1843	-3.568041	0.000090	0.904553	0.306471	-0.007282
 848	4.2350e-01	6.1619	-3.822901	0.000633	6.331872	2.145296	-0.050972
 849	4.2400e-01	6.0961	-3.677266	-0.000362	-3.618213	-1.225884	0.029127
 850	4.2450e-01	6.0608	-4.077761	0.000995	9.950085	3.371180	-0.080099
 851	4.2500e-01	6.0239	-4.077761	-0.000000	-0.000000	-0.000000	0.000000
 852	4.2550e-01	5.9902	-4.114169	0.000090	0.904553	0.306471	-0.007282
 853	4.2600e-01	5.9485	-4.332621	0.000543	5.427319	1.838825	-0.043690
 854	4.2650e-01	5.8875	-4.041352	-0.000724	-7.236425	-2.451767	0.058254
 855	4.2700e-01	5.8538	-4.259804	0.000543	5.427319	1.838825	-0.043690
 856	4.2750e-01	5.8234	-4.369029	0.000271	2.713659	0.919413	-0.021845
 857	4.2800e-01	5.7913	-4.660298	0.000724	7.236425	2.451767	-0.058254
 858	4.2850e-01	5.7383	-4.660298	-0.000000	-0.000000	-0.000000	0.000000
 859	4.2900e-01	5.7095	-5.060792	0.000995	9.950085	3.371180	-0.080099
 860	4.2950e-01	5.6485	-4.696706	-0.000905	-9.045532	-3.064709	0.072817
 861	4.3000e-01	5.6244	-4.623889	-0.000181	-1.809106	-0.612942	0.014563
 862	4.3050e-01	5.5587	-4.842341	0.000543	5.427319	1.838825	-0.043690
 863	4.3100e-01	5.5442	-5.060792	0.000543	5.427319	1.838825	-0.043690
 864	4.3150e-01	5.5121	-5.279244	0.000543	5.427319	1.838825	-0.043690
 865	4.3200e-01	5.4720	-5.424878	0.000362	3.618213	1.225884	-0.029127
 866	4.3250e-01	5.4416	-5.497695	0.000181	1.809106	0.612942	-0.014563
 867	4.3300e-01	5.3742	-5.570512	0.000181	1.809106	0.612942	-0.014563
 868	4.3350e-01	5.3758	-5.534104	0.000090	0.904553	0.306471	0.007282
 869	4.3400e-01	5.3004	-5.716147	0.000452	4.522766	1.532355	-0.036409
 870	4.3450e-01	5.2571	-5.716147	-0.000000	-0.000000	-0.000000	0.000000
 871	4.3500e-01	5.2282	-5.788964	0.000181	1.809106	0.612942	-0.014563
 872	4.3550e-01	5.1881	-5.861781	0.000181	1.809106	0.612942	-0.014563
 873	4.3600e-01	5.1351	-5.716147	-0.000362	-3.618213	-1.225884	0.029127
 874	4.3650e-01	5.1031	-6.189458	0.001176	11.759191	3.984122	-0.094662
 875	4.3700e-01	5.0598	-6.335092	0.000362	3.618213	1.225884	-0.029127
 876	4.3750e-01	5.0180	-5.861781	-0.001176	-11.759191	-3.984122	0.094662
 877	4.3800e-01	4.9924	-6.589952	0.001809	18.091063	6.129418	-0.145634
 878	4.3850e-01	4.9314	-6.298684	-0.000724	-7.236425	-2.451767	0.058254
 879	4.3900e-01	4.9041	-6.517135	0.000543	5.427319	1.838825	-0.043690
 880	4.3950e-01	4.8705	-6.990447	0.001176	11.759191	3.984122	-0.094662
 881	4.4000e-01	4.8384	-6.589952	-0.000995	-9.950085	-3.371180	0.080099
 882	4.4050e-01	4.7437	-6.808404	0.000543	5.427319	1.838825	-0.043690
 883	4.4100e-01	4.7501	-7.063264	-0.000633	-6.331872	-2.145296	-0.050972
 884	4.4150e-01	4.6956	-6.881221	-0.000452	-4.522766	-1.532355	0.036409
 885	4.4200e-01	4.6475	-7.099673	0.000543	5.427319	1.838825	-0.043690
 886	4.4250e-01	4.6426	-7.208898	0.000271	2.713659	0.919413	-0.021845
 887	4.4300e-01	4.5865	-7.318124	0.000271	2.713659	0.919413	-0.021845
 888	4.4350e-01	4.5689	-7.354533	0.000090	0.904553	0.306471	-0.007282
 889	4.4400e-01	4.4790	-7.609393	0.000633	6.331872	2.145296	-0.050972
 890	4.4450e-01	4.4758	-7.536575	-0.000181	-1.809106	-0.612942	0.014563
 891	4.4500e-01	4.4116	-7.099673	-0.001085	-10.854638	-3.677651	0.087381
 892	4.4550e-01	4.3812	-7.755027	0.001628	16.281957	5.516476	-0.131071
 893	4.4600e-01	4.3346	-7.718618	-0.000090	-0.904553	-0.306471	0.007282
 894	4.4650e-01	4.3009	-7.937070	0.000543	5.427319	1.838825	-0.043690
 895	4.4700e-01	4.2432	-7.937070	-0.000000	-0.000000	-0.000000	0.000000
 896	4.4750e-01	4.2159	-8.155521	0.000543	5.427319	1.838825	-0.043690
 897	4.4800e-01	4.1919	-8.082704	-0.000181	-1.809106	-0.612942	0.014563
 898	4.4850e-01	4.1502	-8.301156	0.000543	5.427319	1.838825	-0.043690
 899	4.4900e-01	4.0892	-8.373973	0.000181	1.809106	0.612942	-0.014563
 900	4.4950e-01	4.0748	-8.519607	0.000362	3.618213	1.225884	-0.029127
 901	4.5000e-01	4.0058	-8.446790	-0.000181	-1.809106	-0.612942	0.014563
 902	4.5050e-01	3.9913	-8.920101	0.001176	11.759191	3.984122	-0.094662
 903	4.5100e-01	3.9304	-8.810876	-0.000271	-2.713659	-0.919413	0.021845
 904	4.5150e-01	3.9015	-9.029327	0.000543	5.427319	1.838825	-0.043690
 905	4.5200e-01	3.8646	-8.883693	-0.000362	-3.618213	-1.225884	0.029127
 906	4.5250e-01	3.8309	-9.102144	0.000543	5.427319	1.838825	-0.043690
 907	4.5300e-01	3.7924	-8.992919	-0.000271	-2.713659	-0.919413	0.021845
 908	4.5350e-01	3.7555	-9.502639	0.001266	12.663744	4.290593	-0.101944
 909	4.5400e-01	3.6962	-9.211370	-0.000724	-7.236425	-2.451767	0.058254
 910	4.5450e-01	3.6480	-9.320596	0.000271	2.713659	0.919413	-0.021845
 911	4.5500e-01	3.6175	-9.648273	0.000814	8.140978	2.758238	-0.065535
 912	4.5550e-01	3.5726	-9.648273	-0.000000	-0.000000	-0.000000	0.000000
 913	4.5600e-01	3.5534	-9.611864	-0.000090	-0.904553	-0.306471	0.007282
 914	4.5650e-01	3.4924	-9.903133	0.000724	7.236425	2.451767	-0.058254
 915	4.5700e-01	3.4475	-9.793907	-0.000271	-2.713659	-0.919413	0.021845
 916	4.5750e-01	3.3994	-9.793907	-0.000000	-0.000000	-0.000000	0.000000
 917	4.5800e-01	3.3833	-10.012359	0.000543	5.427319	1.838825	-0.043690
 918	4.5850e-01	3.3304	-10.230810	0.000543	5.427319	1.838825	-0.043690
 919	4.5900e-01	3.2967	-10.121584	-0.000271	-2.713659	-0.919413	0.021845
 920	4.5950e-01	3.2454	-10.376444	0.000633	6.331872	2.145296	-0.050972
 921	4.6000e-01	3.2245	-10.704122	0.000814	8.140978	2.758238	-0.065535
 922	4.6050e-01	3.1619	-10.740530	0.000090	0.904553	0.306471	-0.007282
 923	4.6100e-01	3.1571	-10.631304	-0.000271	-2.713659	-0.919413	0.021845
 924	4.6150e-01	3.0881	-10.558487	-0.000181	-1.809106	-0.612942	0.014563
 925	4.6200e-01	3.0432	-10.776939	0.000543	5.427319	1.838825	-0.043690
 926	4.6250e-01	3.0176	-11.213842	0.001085	10.854638	3.677651	-0.087381
 927	4.6300e-01	2.9919	-10.995390	-0.000543	-5.427319	-1.838825	0.043690
 928	4.6350e-01	2.9534	-10.886165	-0.000271	-2.713659	-0.919413	0.021845
 929	4.6400e-01	2.9293	-10.995390	0.000271	2.713659	0.919413	-0.021845
 930	4.6450e-01	2.8571	-11.323067	0.000814	8.140978	2.758238	-0.065535
 931	4.6500e-01	2.8218	-11.650745	0.000814	8.140978	2.758238	-0.065535
 932	4.6550e-01	2.7737	-11.796379	0.000362	3.618213	1.225884	-0.029127
 933	4.6600e-01	2.7208	-11.759970	-0.000090	-0.904553	-0.306471	0.007282
 934	4.6650e-01	2.7047	-11.832788	0.000181	1.809106	0.612942	-0.014563
 935	4.6700e-01	2.6662	-12.124056	0.000724	7.236425	2.451767	-0.058254
 936	4.6750e-01	2.6261	-11.905605	-0.000543	-5.427319	-1.838825	0.043690
 937	4.6800e-01	2.5908	-12.051239	0.000362	3.618213	1.225884	-0.029127
 938	4.6850e-01	2.5700	-12.124056	0.000181	1.809106	0.612942	-0.014563
 939	4.6900e-01	2.4882	-12.269690	0.000362	3.618213	1.225884	-0.029127
 940	4.6950e-01	2.4737	-12.488142	0.000543	5.427319	1.838825	-0.043690
 941	4.7000e-01	2.4224	-12.633776	0.000362	3.618213	1.225884	-0.029127
 942	4.7050e-01	2.3935	-12.743002	0.000271	2.713659	0.919413	-0.021845
 943	4.7100e-01	2.3358	-12.524550	-0.000543	-5.427319	-1.838825	0.043690
 944	4.7150e-01	2.3149	-12.743002	0.000543	5.427319	1.838825	-0.043690
 945	4.7200e-01	2.2604	-13.070679	0.000814	8.140978	2.758238	-0.065535
 946	4.7250e-01	2.2363	-12.961453	-0.000271	-2.713659	-0.919413	0.021845
 947	4.7300e-01	2.1898	-13.216313	0.000633	6.331872	2.145296	-0.050972
 948	4.7350e-01	2.1449	-13.398356	0.000452	4.522766	1.532355	-0.036409
 949	4.7400e-01	2.1128	-13.653216	0.000633	6.331872	2.145296	-0.050972
 950	4.7450e-01	2.0807	-13.434765	-0.000543	-5.427319	-1.838825	0.043690
 951	4.7500e-01	2.0213	-13.689625	0.000633	6.331872	2.145296	-0.050972
 952	4.7550e-01	1.9684	-14.053711	0.000905	9.045532	3.064709	-0.072817
 953	4.7600e-01	1.9379	-13.726034	-0.000814	-8.140978	-2.758238	0.065535
 954	4.7650e-01	1.9155	-13.944485	0.000543	5.427319	1.838825	-0.043690
 955	4.7700e-01	1.8609	-13.871668	-0.000181	-1.809106	-0.612942	0.014563
 956	4.7750e-01	1.8417	-14.162936	0.000724	7.236425	2.451767	-0.058254
 957	4.7800e-01	1.7695	-14.563431	0.000995	9.950085	3.371180	-0.080099
 958	4.7850e-01	1.7246	-14.272162	-0.000724	-7.236425	-2.451767	0.058254
 959	4.7900e-01	1.6941	-14.745474	0.001176	11.759191	3.984122	-0.094662
 960	4.7950e-01	1.6604	-14.781882	0.000090	0.904553	0.306471	-0.007282
 961	4.8000e-01	1.6187	-14.891108	0.000271	2.713659	0.919413	-0.021845
 962	4.8050e-01	1.5994	-15.036742	0.000362	3.618213	1.225884	-0.029127
 963	4.8100e-01	1.5385	-14.891108	-0.000362	-3.618213	-1.225884	0.029127
 964	4.8150e-01	1.4951	-15.328011	0.001085	10.854638	3.677651	-0.087381
 965	4.8200e-01	1.4679	-14.927517	-0.000995	-9.950085	-3.371180	0.080099
 966	4.8250e-01	1.4294	-15.328011	0.000995	9.950085	3.371180	-0.080099
 967	4.8300e-01	1.3909	-15.728505	0.000995	9.950085	3.371180	-0.080099
 968	4.8350e-01	1.3379	-15.255194	-0.001176	-11.759191	-3.984122	0.094662
 969	4.8400e-01	1.3026	-15.473645	0.000543	5.427319	1.838825	-0.043690
 970	4.8450e-01	1.2577	-15.764914	0.000724	7.236425	2.451767	-0.058254
 971	4.8500e-01	1.2224	-15.946957	0.000452	4.522766	1.532355	-0.036409
 972	4.8550e-01	1.1631	-16.092591	0.000362	3.618213	1.225884	-0.029127
 973	4.8600e-01	1.1246	-16.056182	-0.000090	-0.904553	-0.306471	0.007282
 974	4.8650e-01	1.0909	-16.201817	0.000362	3.618213	1.225884	-0.029127
 975	4.8700e-01	1.0492	-15.983365	-0.000543	-5.427319	-1.838825	0.043690
 976	4.8750e-01	1.0107	-16.565903	0.001447	14.472851	4.903535	-0.116507
 977	4.8800e-01	0.9706	-16.602311	0.000090	0.904553	0.306471	-0.007282
 978	4.8850e-01	0.9497	-16.820763	0.000543	5.427319	1.838825	-0.043690
 979	4.8900e-01	0.9176	-16.747945	-0.000181	-1.809106	-0.612942	0.014563
 980	4.8950e-01	0.8695	-16.784354	0.000090	0.904553	0.306471	-0.007282
 981	4.9000e-01	0.8342	-17.148440	0.000905	9.045532	3.064709	-0.072817
 982	4.9050e-01	0.7829	-17.403300	0.000633	6.331872	2.145296	-0.050972
 983	4.9100e-01	0.7492	-17.439708	0.000090	0.904553	0.306471	-0.007282
 984	4.9150e-01	0.6898	-17.658160	0.000543	5.427319	1.838825	-0.043690
 985	4.9200e-01	0.6513	-17.548934	-0.000271	-2.713659	-0.919413	0.021845
 986	4.9250e-01	0.6321	-17.585343	0.000090	0.904553	0.306471	-0.007282
 987	4.9300e-01	0.5807	-17.949428	0.000905	9.045532	3.064709	-0.072817
 988	4.9350e-01	0.5053	-17.949428	-0.000000	-0.000000	-0.000000	0.000000
 989	4.9400e-01	0.5150	-17.840203	0.000271	2.713659	0.919413	0.021845
 990	4.9450e-01	0.4652	-18.058654	0.000543	5.427319	1.838825	-0.043690
 991	4.9500e-01	0.4444	-18.422740	0.000905	9.045532	3.064709	-0.072817
 992	4.9550e-01	0.3786	-18.386331	-0.000090	-0.904553	-0.306471	0.007282
 993	4.9600e-01	0.3273	-18.896051	0.001266	12.663744	4.290593	-0.101944
 994	4.9650e-01	0.3160	-18.459149	-0.001085	-10.854638	-3.677651	0.087381
 995	4.9700e-01	0.2454	-18.677600	0.000543	5.427319	1.838825	-0.043690
 996	4.9750e-01	0.2150	-18.786826	0.000271	2.713659	0.919413	-0.021845
 997	4.9800e-01	0.1700	-18.786826	-0.000000	-0.000000	-0.000000	0.000000
 998	4.9850e-01	0.1332	-18.786826	-0.000000	-0.000000	-0.000000	0.000000
 999	4.9900e-01	0.0802	-19.150911	0.000905	9.045532	3.064709	-0.072817
1000	4.9950e-01	0.0497	-19.587814	0.001085	10.854638	3.677651	-0.087381
1001	5.0000e-01	0.0658	-19.405772	0.001085	10.854638	3.677651	0.036409

PMax (uC/cm2):	4.23e+01
Pr (uC/cm2):	1.75e+00
-Pr (uC/cm2):	0.00e+00
PLoss (uC/cm2):	0.00e+00
C (Max-Eff) (nF):	2.11e-01
K (Eff):	7.16e+02
Vert. (+/-Pr) Shift (uC/cm2):	8.74e-01
Offset (uC/cm2):	2.12e+01

A (Loop Area - uC/cm2·Volts):	-4.85e-02



Hysteresis Version: 5.48.1 - Radiant Technologies, Inc., 1999 - 9/12/24

