»»»»»»»»»»»»»»»»»»»»»»»»»»»»»»»»»»»» Hysteresis ««««««««««««««««««««««««««««««««««««
»»»  Executed Version:	5.48.1
»»»  Vision Version:	5.48.4 (R)
»»»  Vision Compiled:	9/18/24
»»»  Driver Version:	5.47.0
»»»  Windows Version:	Windows 8 or 8.1
»»»  Processor Information:	x86 (AMD or Intel) - 32 Processors
»»»  Tester Name:	PMF21124-494 (100V)
»»»  Tester S/N:	PMF21124-494
»»»  Internal Amp Type:	100V RevK 270k
»»»  Internal Amp S/N:	iAB2-596/K     
»»»  Execution Count:	1
»»»»»»»»»»»»»»»»»»»»»»»»»»»»»»»»»»»»»»»»»»««««««««««««««««««««««««««««««««««««««««««

Stored:	10/8/2025 - 19:13:37
Configured:	10/08/25 04:22:59 PM
Executed:	10/08/25 07:12:55 PM

»»»»»»»»»»»»»»»»»»»»»»»»»»»»»»»»»»» Sample Info ««««««««««««««««««««««««««««««««««««
Sample Name:	Int. Ref. Ferroelectric
Lot Name:	N/A
Wafer Name:	N/A
Die Row/Column:	0/0
Capacitor Number:	0
Sample Area (cm2):	1.00e-04
Sample Thickness (microns):	3.00e-01

Amplifier:	Internal

»»»»»»»»»»»»»»»»»»»»»»»»»»»»»»»»»»» Tester Info «««««««««««««««««««««««««««««««««««
Tester Name:	PMF21124-494 (100V)
Tester Serial Number:	PMF21124-494
Return Signal Amp. Level:	0.02 [Index: 2]

»»»»»»»»»»»»»»»»»»»»»»»»»»»»»»»» Hysteresis Info ««««««««««««««««««««««««««««««««««
Task Name:	Hyste-8
Volts:	20.00
Field:	666.67 (kV/cm)
DCBias:	0.00
DCField:	0.00 (kV/cm)
Hysteresis Period (ms):	5.00e-01
Preset:	Enabled
Preset Delay (ms):	1.00e+03
Profile:	Standard Monopolar

»»»»»»»»»»»»»»»»»»»»»»»»»»»»»»»»»»»»»» Data «««««««««««««««««««««««««««««««««««««««
Points:	1001

Valid Data

Point	Time (ms)	Drive Voltage	Measured Polarization (uC/cm2)	Capacitance (uF)	Normalized Capacitance (uF/cm2)	Dielectric Constant	Instantaneous Current (mA)
   1	0.0000e+00	0.0401	-14.709065	0.000453	4.534520	1.536337	0.036409
   2	5.0000e-04	0.0465	-14.527022	0.000453	4.534520	1.536337	0.036409
   3	1.0000e-03	0.0995	-14.636248	-0.000272	-2.720712	-0.921802	-0.021845
   4	1.5000e-03	0.1909	-14.490614	0.000363	3.627616	1.229070	0.029127
   5	2.0000e-03	0.1989	-14.599839	-0.000272	-2.720712	-0.921802	-0.021845
   6	2.5000e-03	0.2438	-14.126528	0.001179	11.789753	3.994477	0.094662
   7	3.0000e-03	0.2823	-13.944485	0.000453	4.534520	1.536337	0.036409
   8	3.5000e-03	0.3128	-14.199345	-0.000635	-6.348329	-2.150872	-0.050972
   9	4.0000e-03	0.3610	-13.871668	0.000816	8.162137	2.765407	0.065535
  10	4.5000e-03	0.4091	-13.944485	-0.000181	-1.813808	-0.614535	-0.014563
  11	5.0000e-03	0.4380	-14.199345	-0.000635	-6.348329	-2.150872	-0.050972
  12	5.5000e-03	0.4652	-13.580399	0.001542	15.417370	5.223546	0.123789
  13	6.0000e-03	0.5118	-13.580399	0.000000	0.000000	0.000000	0.000000
  14	6.5000e-03	0.5358	-13.908076	-0.000816	-8.162137	-2.765407	-0.065535
  15	7.0000e-03	0.6032	-13.289131	0.001542	15.417370	5.223546	0.123789
  16	7.5000e-03	0.6321	-13.689625	-0.000998	-9.975945	-3.379942	-0.080099
  17	8.0000e-03	0.6914	-13.325539	0.000907	9.069041	3.072674	0.072817
  18	8.5000e-03	0.7155	-13.361948	-0.000091	-0.906904	-0.307267	-0.007282
  19	9.0000e-03	0.7829	-13.361948	0.000000	0.000000	0.000000	0.000000
  20	9.5000e-03	0.8101	-13.070679	0.000726	7.255233	2.458139	0.058254
  21	1.0000e-02	0.8470	-13.107088	-0.000091	-0.906904	-0.307267	-0.007282
  22	1.0500e-02	0.8920	-12.815819	0.000726	7.255233	2.458139	0.058254
  23	1.1000e-02	0.9000	-13.289131	-0.001179	-11.789753	-3.994477	-0.094662
  24	1.1500e-02	0.9561	-12.815819	0.001179	11.789753	3.994477	0.094662
  25	1.2000e-02	0.9962	-12.779411	0.000091	0.906904	0.307267	0.007282
  26	1.2500e-02	1.0492	-12.706593	0.000181	1.813808	0.614535	0.014563
  27	1.3000e-02	1.0877	-12.706593	0.000000	0.000000	0.000000	0.000000
  28	1.3500e-02	1.1149	-12.524550	0.000453	4.534520	1.536337	0.036409
  29	1.4000e-02	1.1775	-12.670185	-0.000363	-3.627616	-1.229070	-0.029127
  30	1.4500e-02	1.1791	-12.233282	0.001088	10.882849	3.687209	0.087381
  31	1.5000e-02	1.2240	-12.524550	-0.000726	-7.255233	-2.458139	-0.058254
  32	1.5500e-02	1.2786	-12.124056	0.000998	9.975945	3.379942	0.080099
  33	1.6000e-02	1.3315	-11.978422	0.000363	3.627616	1.229070	0.029127
  34	1.6500e-02	1.3460	-12.014830	-0.000091	-0.906904	-0.307267	-0.007282
  35	1.7000e-02	1.3941	-12.269690	-0.000635	-6.348329	-2.150872	-0.050972
  36	1.7500e-02	1.4534	-11.869196	0.000998	9.975945	3.379942	0.080099
  37	1.8000e-02	1.4550	-11.796379	0.000181	1.813808	0.614535	0.014563
  38	1.8500e-02	1.5176	-11.832788	-0.000091	-0.906904	-0.307267	-0.007282
  39	1.9000e-02	1.5705	-11.832788	0.000000	0.000000	0.000000	0.000000
  40	1.9500e-02	1.5962	-11.541519	0.000726	7.255233	2.458139	0.058254
  41	2.0000e-02	1.6363	-11.395885	0.000363	3.627616	1.229070	0.029127
  42	2.0500e-02	1.6475	-11.541519	-0.000363	-3.627616	-1.229070	-0.029127
  43	2.1000e-02	1.7197	-11.068207	0.001179	11.789753	3.994477	0.094662
  44	2.1500e-02	1.7598	-11.104616	-0.000091	-0.906904	-0.307267	-0.007282
  45	2.2000e-02	1.7807	-11.505110	-0.000998	-9.975945	-3.379942	-0.080099
  46	2.2500e-02	1.8352	-11.250250	0.000635	6.348329	2.150872	0.050972
  47	2.3000e-02	1.8850	-10.995390	0.000635	6.348329	2.150872	0.050972
  48	2.3500e-02	1.9572	-11.141025	-0.000363	-3.627616	-1.229070	-0.029127
  49	2.4000e-02	1.9572	-10.813347	-0.000816	-8.162137	-2.765407	0.065535
  50	2.4500e-02	1.9973	-10.485670	0.000816	8.162137	2.765407	0.065535
  51	2.5000e-02	2.0261	-10.704122	-0.000544	-5.441425	-1.843605	-0.043690
  52	2.5500e-02	2.0967	-10.922573	-0.000544	-5.441425	-1.843605	-0.043690
  53	2.6000e-02	2.1048	-10.522079	0.000998	9.975945	3.379942	0.080099
  54	2.6500e-02	2.1785	-10.267219	0.000635	6.348329	2.150872	0.050972
  55	2.7000e-02	2.1946	-10.631304	-0.000907	-9.069041	-3.072674	-0.072817
  56	2.7500e-02	2.2395	-10.267219	0.000907	9.069041	3.072674	0.072817
  57	2.8000e-02	2.2684	-10.449262	-0.000453	-4.534520	-1.536337	-0.036409
  58	2.8500e-02	2.3245	-9.903133	0.001360	13.603561	4.609011	0.109226
  59	2.9000e-02	2.3470	-10.558487	-0.001632	-16.324274	-5.530814	-0.131071
  60	2.9500e-02	2.3903	-10.048767	0.001270	12.696657	4.301744	0.101944
  61	3.0000e-02	2.4320	-9.830316	0.000544	5.441425	1.843605	0.043690
  62	3.0500e-02	2.4737	-10.230810	-0.000998	-9.975945	-3.379942	-0.080099
  63	3.1000e-02	2.4978	-9.684681	0.001360	13.603561	4.609011	0.109226
  64	3.1500e-02	2.5507	-10.048767	-0.000907	-9.069041	-3.072674	-0.072817
  65	3.2000e-02	2.6149	-9.757499	0.000726	7.255233	2.458139	0.058254
  66	3.2500e-02	2.6502	-9.429821	0.000816	8.162137	2.765407	0.065535
  67	3.3000e-02	2.6727	-9.648273	-0.000544	-5.441425	-1.843605	-0.043690
  68	3.3500e-02	2.7144	-9.575456	0.000181	1.813808	0.614535	0.014563
  69	3.4000e-02	2.7384	-8.920101	0.001632	16.324274	5.530814	0.131071
  70	3.4500e-02	2.7753	-9.138553	-0.000544	-5.441425	-1.843605	-0.043690
  71	3.5000e-02	2.8363	-9.138553	0.000000	0.000000	0.000000	0.000000
  72	3.5500e-02	2.9005	-9.357004	-0.000544	-5.441425	-1.843605	-0.043690
  73	3.6000e-02	2.9245	-9.393413	-0.000091	-0.906904	-0.307267	-0.007282
  74	3.6500e-02	2.9582	-8.810876	0.001451	14.510465	4.916279	0.116507
  75	3.7000e-02	2.9694	-9.102144	-0.000726	-7.255233	-2.458139	-0.058254
  76	3.7500e-02	3.0176	-9.138553	-0.000091	-0.906904	-0.307267	-0.007282
  77	3.8000e-02	3.0673	-8.810876	0.000816	8.162137	2.765407	0.065535
  78	3.8500e-02	3.1138	-9.284187	-0.001179	-11.789753	-3.994477	-0.094662
  79	3.9000e-02	3.1491	-8.920101	0.000907	9.069041	3.072674	0.072817
  80	3.9500e-02	3.2085	-8.810876	0.000272	2.720712	0.921802	0.021845
  81	4.0000e-02	3.2422	-8.628833	0.000453	4.534520	1.536337	0.036409
  82	4.0500e-02	3.2614	-8.665241	-0.000091	-0.906904	-0.307267	-0.007282
  83	4.1000e-02	3.2919	-8.774467	-0.000272	-2.720712	-0.921802	-0.021845
  84	4.1500e-02	3.3400	-8.009887	0.001904	19.044986	6.452616	0.152916
  85	4.2000e-02	3.4106	-8.628833	-0.001542	-15.417370	-5.223546	-0.123789
  86	4.2500e-02	3.4411	-8.337564	0.000726	7.255233	2.458139	0.058254
  87	4.3000e-02	3.4555	-8.519607	-0.000453	-4.534520	-1.536337	-0.036409
  88	4.3500e-02	3.5261	-7.791435	0.001814	18.138082	6.145348	0.145634
  89	4.4000e-02	3.5566	-8.264747	-0.001179	-11.789753	-3.994477	-0.094662
  90	4.4500e-02	3.5903	-8.082704	0.000453	4.534520	1.536337	0.036409
  91	4.5000e-02	3.6400	-8.046296	0.000091	0.906904	0.307267	0.007282
  92	4.5500e-02	3.6657	-7.645801	0.000998	9.975945	3.379942	0.080099
  93	4.6000e-02	3.7154	-7.682210	-0.000091	-0.906904	-0.307267	-0.007282
  94	4.6500e-02	3.7587	-7.500167	0.000453	4.534520	1.536337	0.036409
  95	4.7000e-02	3.7748	-7.682210	-0.000453	-4.534520	-1.536337	-0.036409
  96	4.7500e-02	3.8165	-7.682210	0.000000	0.000000	0.000000	0.000000
  97	4.8000e-02	3.8806	-7.864253	-0.000453	-4.534520	-1.536337	-0.036409
  98	4.8500e-02	3.9175	-7.390941	0.001179	11.789753	3.994477	0.094662
  99	4.9000e-02	3.9560	-7.354533	0.000091	0.906904	0.307267	0.007282
 100	4.9500e-02	4.0154	-7.463758	-0.000272	-2.720712	-0.921802	-0.021845
 101	5.0000e-02	4.0282	-7.208898	0.000635	6.348329	2.150872	0.050972
 102	5.0500e-02	4.0715	-7.500167	-0.000726	-7.255233	-2.458139	-0.058254
 103	5.1000e-02	4.1116	-6.917630	0.001451	14.510465	4.916279	0.116507
 104	5.1500e-02	4.1646	-6.917630	0.000000	0.000000	0.000000	0.000000
 105	5.2000e-02	4.2143	-7.245307	-0.000816	-8.162137	-2.765407	-0.065535
 106	5.2500e-02	4.2480	-6.990447	0.000635	6.348329	2.150872	0.050972
 107	5.3000e-02	4.2689	-7.172490	-0.000453	-4.534520	-1.536337	-0.036409
 108	5.3500e-02	4.3250	-7.099673	0.000181	1.813808	0.614535	0.014563
 109	5.4000e-02	4.3555	-6.808404	0.000726	7.255233	2.458139	0.058254
 110	5.4500e-02	4.4165	-7.099673	-0.000726	-7.255233	-2.458139	-0.058254
 111	5.5000e-02	4.4485	-6.371501	0.001814	18.138082	6.145348	0.145634
 112	5.5500e-02	4.4758	-6.735587	-0.000907	-9.069041	-3.072674	-0.072817
 113	5.6000e-02	4.4967	-6.517135	0.000544	5.441425	1.843605	0.043690
 114	5.6500e-02	4.5496	-6.080232	0.001088	10.882849	3.687209	0.087381
 115	5.7000e-02	4.6058	-6.335092	-0.000635	-6.348329	-2.150872	-0.050972
 116	5.7500e-02	4.6250	-6.517135	-0.000453	-4.534520	-1.536337	-0.036409
 117	5.8000e-02	4.6651	-5.934598	0.001451	14.510465	4.916279	0.116507
 118	5.8500e-02	4.7197	-6.407910	-0.001179	-11.789753	-3.994477	-0.094662
 119	5.9000e-02	4.7886	-6.225867	0.000453	4.534520	1.536337	0.036409
 120	5.9500e-02	4.7951	-6.116641	0.000272	2.720712	0.921802	0.021845
 121	6.0000e-02	4.8448	-6.116641	0.000000	0.000000	0.000000	0.000000
 122	6.0500e-02	4.8769	-5.643329	0.001179	11.789753	3.994477	0.094662
 123	6.1000e-02	4.9106	-5.898189	-0.000635	-6.348329	-2.150872	-0.050972
 124	6.1500e-02	4.9683	-6.116641	-0.000544	-5.441425	-1.843605	-0.043690
 125	6.2000e-02	4.9924	-5.716147	0.000998	9.975945	3.379942	0.080099
 126	6.2500e-02	5.0389	-5.643329	0.000181	1.813808	0.614535	0.014563
 127	6.3000e-02	5.0838	-5.716147	-0.000181	-1.813808	-0.614535	-0.014563
 128	6.3500e-02	5.1223	-5.643329	0.000181	1.813808	0.614535	0.014563
 129	6.4000e-02	5.1576	-5.606921	0.000091	0.906904	0.307267	0.007282
 130	6.4500e-02	5.1913	-5.279244	0.000816	8.162137	2.765407	0.065535
 131	6.5000e-02	5.2298	-5.279244	0.000000	0.000000	0.000000	0.000000
 132	6.5500e-02	5.2603	-5.315652	-0.000091	-0.906904	-0.307267	-0.007282
 133	6.6000e-02	5.3196	-5.352061	-0.000091	-0.906904	-0.307267	-0.007282
 134	6.6500e-02	5.3549	-5.279244	0.000181	1.813808	0.614535	0.014563
 135	6.7000e-02	5.3998	-5.024384	0.000635	6.348329	2.150872	0.050972
 136	6.7500e-02	5.4383	-4.951566	0.000181	1.813808	0.614535	0.014563
 137	6.8000e-02	5.4817	-5.315652	-0.000907	-9.069041	-3.072674	-0.072817
 138	6.8500e-02	5.4961	-5.133609	0.000453	4.534520	1.536337	0.036409
 139	6.9000e-02	5.5539	-4.696706	0.001088	10.882849	3.687209	0.087381
 140	6.9500e-02	5.6100	-4.805932	-0.000272	-2.720712	-0.921802	-0.021845
 141	7.0000e-02	5.6260	-4.987975	-0.000453	-4.534520	-1.536337	-0.036409
 142	7.0500e-02	5.6790	-4.987975	0.000000	0.000000	0.000000	0.000000
 143	7.1000e-02	5.7111	-4.478255	0.001270	12.696657	4.301744	0.101944
 144	7.1500e-02	5.7560	-4.551072	-0.000181	-1.813808	-0.614535	-0.014563
 145	7.2000e-02	5.7929	-4.150578	0.000998	9.975945	3.379942	0.080099
 146	7.2500e-02	5.8346	-4.405438	-0.000635	-6.348329	-2.150872	-0.050972
 147	7.3000e-02	5.8699	-4.296212	0.000272	2.720712	0.921802	0.021845
 148	7.3500e-02	5.9132	-4.369029	-0.000181	-1.813808	-0.614535	-0.014563
 149	7.4000e-02	5.9549	-4.150578	0.000544	5.441425	1.843605	0.043690
 150	7.4500e-02	5.9966	-4.405438	-0.000635	-6.348329	-2.150872	-0.050972
 151	7.5000e-02	6.0303	-4.186986	0.000544	5.441425	1.843605	0.043690
 152	7.5500e-02	6.0704	-4.041352	0.000363	3.627616	1.229070	0.029127
 153	7.6000e-02	6.0977	-3.895718	0.000363	3.627616	1.229070	0.029127
 154	7.6500e-02	6.1538	-3.968535	-0.000181	-1.813808	-0.614535	-0.014563
 155	7.7000e-02	6.2020	-3.895718	0.000181	1.813808	0.614535	0.014563
 156	7.7500e-02	6.2292	-3.458815	0.001088	10.882849	3.687209	0.087381
 157	7.8000e-02	6.2742	-3.713675	-0.000635	-6.348329	-2.150872	-0.050972
 158	7.8500e-02	6.3223	-3.968535	-0.000635	-6.348329	-2.150872	-0.050972
 159	7.9000e-02	6.3560	-3.531632	0.001088	10.882849	3.687209	0.087381
 160	7.9500e-02	6.3977	-3.458815	0.000181	1.813808	0.614535	0.014563
 161	8.0000e-02	6.4394	-3.422406	0.000091	0.906904	0.307267	0.007282
 162	8.0500e-02	6.4843	-3.568041	-0.000363	-3.627616	-1.229070	-0.029127
 163	8.1000e-02	6.4971	-3.385998	0.000453	4.534520	1.536337	0.036409
 164	8.1500e-02	6.5549	-3.167546	0.000544	5.441425	1.843605	0.043690
 165	8.2000e-02	6.5902	-3.385998	-0.000544	-5.441425	-1.843605	-0.043690
 166	8.2500e-02	6.6191	-2.949095	0.001088	10.882849	3.687209	0.087381
 167	8.3000e-02	6.6864	-3.385998	-0.001088	-10.882849	-3.687209	-0.087381
 168	8.3500e-02	6.7169	-2.912686	0.001179	11.789753	3.994477	0.094662
 169	8.4000e-02	6.7426	-2.912686	0.000000	0.000000	0.000000	0.000000
 170	8.4500e-02	6.7907	-2.912686	0.000000	0.000000	0.000000	0.000000
 171	8.5000e-02	6.8324	-2.912686	0.000000	0.000000	0.000000	0.000000
 172	8.5500e-02	6.8934	-2.985503	-0.000181	-1.813808	-0.614535	-0.014563
 173	8.6000e-02	6.9110	-2.512192	0.001179	11.789753	3.994477	0.094662
 174	8.6500e-02	6.9640	-2.402966	0.000272	2.720712	0.921802	0.021845
 175	8.7000e-02	6.9945	-2.803460	-0.000998	-9.975945	-3.379942	-0.080099
 176	8.7500e-02	7.0458	-2.548600	0.000635	6.348329	2.150872	0.050972
 177	8.8000e-02	7.0875	-2.330149	0.000544	5.441425	1.843605	0.043690
 178	8.8500e-02	7.1084	-2.330149	0.000000	0.000000	0.000000	0.000000
 179	8.9000e-02	7.1549	-2.402966	-0.000181	-1.813808	-0.614535	-0.014563
 180	8.9500e-02	7.1998	-2.257332	0.000363	3.627616	1.229070	0.029127
 181	9.0000e-02	7.2527	-1.893246	0.000907	9.069041	3.072674	0.072817
 182	9.0500e-02	7.2688	-2.585009	-0.001723	-17.231178	-5.838081	-0.138353
 183	9.1000e-02	7.3346	-2.293740	0.000726	7.255233	2.458139	0.058254
 184	9.1500e-02	7.3602	-2.220923	0.000181	1.813808	0.614535	0.014563
 185	9.2000e-02	7.3875	-1.893246	0.000816	8.162137	2.765407	0.065535
 186	9.2500e-02	7.4404	-1.929655	-0.000091	-0.906904	-0.307267	-0.007282
 187	9.3000e-02	7.4821	-1.856837	0.000181	1.813808	0.614535	0.014563
 188	9.3500e-02	7.5126	-1.638386	0.000544	5.441425	1.843605	0.043690
 189	9.4000e-02	7.5736	-1.856837	-0.000544	-5.441425	-1.843605	-0.043690
 190	9.4500e-02	7.6105	-1.638386	0.000544	5.441425	1.843605	0.043690
 191	9.5000e-02	7.6522	-1.674795	-0.000091	-0.906904	-0.307267	-0.007282
 192	9.5500e-02	7.6763	-1.565569	0.000272	2.720712	0.921802	0.021845
 193	9.6000e-02	7.7276	-1.274300	0.000726	7.255233	2.458139	0.058254
 194	9.6500e-02	7.7452	-1.383526	-0.000272	-2.720712	-0.921802	-0.021845
 195	9.7000e-02	7.8078	-1.492752	-0.000272	-2.720712	-0.921802	-0.021845
 196	9.7500e-02	7.8431	-1.383526	0.000272	2.720712	0.921802	0.021845
 197	9.8000e-02	7.8816	-1.237892	0.000363	3.627616	1.229070	0.029127
 198	9.8500e-02	7.9105	-0.983032	0.000635	6.348329	2.150872	0.050972
 199	9.9000e-02	7.9602	-1.128666	-0.000363	-3.627616	-1.229070	-0.029127
 200	9.9500e-02	8.0051	-1.019440	0.000272	2.720712	0.921802	0.021845
 201	1.0000e-01	8.0324	-1.237892	-0.000544	-5.441425	-1.843605	-0.043690
 202	1.0050e-01	8.0725	-1.019440	0.000544	5.441425	1.843605	0.043690
 203	1.0100e-01	8.1142	-0.728172	0.000726	7.255233	2.458139	0.058254
 204	1.0150e-01	8.1752	-0.764580	-0.000091	-0.906904	-0.307267	-0.007282
 205	1.0200e-01	8.1880	-0.764580	0.000000	0.000000	0.000000	0.000000
 206	1.0250e-01	8.2474	-0.728172	0.000091	0.906904	0.307267	0.007282
 207	1.0300e-01	8.2875	-0.800989	-0.000181	-1.813808	-0.614535	-0.014563
 208	1.0350e-01	8.3212	-1.019440	-0.000544	-5.441425	-1.843605	-0.043690
 209	1.0400e-01	8.3613	-0.182043	0.002086	20.858794	7.067151	0.167479
 210	1.0450e-01	8.4126	-0.582537	-0.000998	-9.975945	-3.379942	-0.080099
 211	1.0500e-01	8.4078	-0.509720	-0.000181	-1.813808	-0.614535	0.014563
 212	1.0550e-01	8.4816	-0.291269	0.000544	5.441425	1.843605	0.043690
 213	1.0600e-01	8.5105	-0.364086	-0.000181	-1.813808	-0.614535	-0.014563
 214	1.0650e-01	8.5377	-0.072817	0.000726	7.255233	2.458139	0.058254
 215	1.0700e-01	8.5810	-0.254860	-0.000453	-4.534520	-1.536337	-0.036409
 216	1.0750e-01	8.6404	-0.145634	0.000272	2.720712	0.921802	0.021845
 217	1.0800e-01	8.6789	-0.036409	0.000272	2.720712	0.921802	0.021845
 218	1.0850e-01	8.7046	-0.036409	0.000000	0.000000	0.000000	0.000000
 219	1.0900e-01	8.7318	0.218451	0.000635	6.348329	2.150872	0.050972
 220	1.0950e-01	8.7976	0.364086	0.000363	3.627616	1.229070	0.029127
 221	1.1000e-01	8.8377	0.109226	-0.000635	-6.348329	-2.150872	-0.050972
 222	1.1050e-01	8.8874	0.473312	0.000907	9.069041	3.072674	0.072817
 223	1.1100e-01	8.9179	0.509720	0.000091	0.906904	0.307267	0.007282
 224	1.1150e-01	8.9725	0.145634	-0.000907	-9.069041	-3.072674	-0.072817
 225	1.1200e-01	8.9564	0.145634	-0.000000	-0.000000	-0.000000	0.000000
 226	1.1250e-01	9.0399	0.364086	0.000544	5.441425	1.843605	0.043690
 227	1.1300e-01	9.0928	0.946623	0.001451	14.510465	4.916279	0.116507
 228	1.1350e-01	9.1281	0.364086	-0.001451	-14.510465	-4.916279	-0.116507
 229	1.1400e-01	9.1441	1.019440	0.001632	16.324274	5.530814	0.131071
 230	1.1450e-01	9.1858	0.946623	-0.000181	-1.813808	-0.614535	-0.014563
 231	1.1500e-01	9.2340	0.691763	-0.000635	-6.348329	-2.150872	-0.050972
 232	1.1550e-01	9.2869	0.983032	0.000726	7.255233	2.458139	0.058254
 233	1.1600e-01	9.3270	0.946623	-0.000091	-0.906904	-0.307267	-0.007282
 234	1.1650e-01	9.3655	1.128666	0.000453	4.534520	1.536337	0.036409
 235	1.1700e-01	9.4008	0.946623	-0.000453	-4.534520	-1.536337	-0.036409
 236	1.1750e-01	9.4345	1.128666	0.000453	4.534520	1.536337	0.036409
 237	1.1800e-01	9.4906	1.237892	0.000272	2.720712	0.921802	0.021845
 238	1.1850e-01	9.5275	1.383526	0.000363	3.627616	1.229070	0.029127
 239	1.1900e-01	9.5452	0.983032	-0.000998	-9.975945	-3.379942	-0.080099
 240	1.1950e-01	9.5965	1.310709	0.000816	8.162137	2.765407	0.065535
 241	1.2000e-01	9.6238	1.565569	0.000635	6.348329	2.150872	0.050972
 242	1.2050e-01	9.6848	1.383526	-0.000453	-4.534520	-1.536337	-0.036409
 243	1.2100e-01	9.7088	1.820429	0.001088	10.882849	3.687209	0.087381
 244	1.2150e-01	9.7297	1.201483	-0.001542	-15.417370	-5.223546	-0.123789
 245	1.2200e-01	9.8083	1.711203	0.001270	12.696657	4.301744	0.101944
 246	1.2250e-01	9.8259	1.419935	-0.000726	-7.255233	-2.458139	-0.058254
 247	1.2300e-01	9.8757	1.638386	0.000544	5.441425	1.843605	0.043690
 248	1.2350e-01	9.9093	2.075289	0.001088	10.882849	3.687209	0.087381
 249	1.2400e-01	9.9575	1.856837	-0.000544	-5.441425	-1.843605	-0.043690
 250	1.2450e-01	9.9880	1.638386	-0.000544	-5.441425	-1.843605	-0.043690
 251	1.2500e-01	10.0489	1.893246	0.000635	6.348329	2.150872	0.050972
 252	1.2550e-01	10.0794	2.148106	0.000635	6.348329	2.150872	0.050972
 253	1.2600e-01	10.1147	2.038880	-0.000272	-2.720712	-0.921802	-0.021845
 254	1.2650e-01	10.1516	2.111697	0.000181	1.813808	0.614535	0.014563
 255	1.2700e-01	10.1949	2.330149	0.000544	5.441425	1.843605	0.043690
 256	1.2750e-01	10.2462	2.075289	-0.000635	-6.348329	-2.150872	-0.050972
 257	1.2800e-01	10.2703	2.694235	0.001542	15.417370	5.223546	0.123789
 258	1.2850e-01	10.3281	2.402966	-0.000726	-7.255233	-2.458139	-0.058254
 259	1.2900e-01	10.3361	2.038880	-0.000907	-9.069041	-3.072674	-0.072817
 260	1.2950e-01	10.4083	2.585009	0.001360	13.603561	4.609011	0.109226
 261	1.3000e-01	10.4371	2.548600	-0.000091	-0.906904	-0.307267	-0.007282
 262	1.3050e-01	10.4708	2.657826	0.000272	2.720712	0.921802	0.021845
 263	1.3100e-01	10.5125	2.439375	-0.000544	-5.441425	-1.843605	-0.043690
 264	1.3150e-01	10.5639	2.876278	0.001088	10.882849	3.687209	0.087381
 265	1.3200e-01	10.6152	2.730643	-0.000363	-3.627616	-1.229070	-0.029127
 266	1.3250e-01	10.6248	2.767052	0.000091	0.906904	0.307267	0.007282
 267	1.3300e-01	10.6794	3.094729	0.000816	8.162137	2.765407	0.065535
 268	1.3350e-01	10.7243	3.240363	0.000363	3.627616	1.229070	0.029127
 269	1.3400e-01	10.7740	2.694235	-0.001360	-13.603561	-4.609011	-0.109226
 270	1.3450e-01	10.7885	3.167546	0.001179	11.789753	3.994477	0.094662
 271	1.3500e-01	10.8366	3.094729	-0.000181	-1.813808	-0.614535	-0.014563
 272	1.3550e-01	10.8751	2.985503	-0.000272	-2.720712	-0.921802	-0.021845
 273	1.3600e-01	10.9120	3.131138	0.000363	3.627616	1.229070	0.029127
 274	1.3650e-01	10.9521	3.058320	-0.000181	-1.813808	-0.614535	-0.014563
 275	1.3700e-01	10.9906	3.167546	0.000272	2.720712	0.921802	0.021845
 276	1.3750e-01	11.0339	3.495223	0.000816	8.162137	2.765407	0.065535
 277	1.3800e-01	11.0965	3.422406	-0.000181	-1.813808	-0.614535	-0.014563
 278	1.3850e-01	11.1189	3.640858	0.000544	5.441425	1.843605	0.043690
 279	1.3900e-01	11.1414	3.240363	-0.000998	-9.975945	-3.379942	-0.080099
 280	1.3950e-01	11.1975	3.568041	0.000816	8.162137	2.765407	0.065535
 281	1.4000e-01	11.2168	3.495223	-0.000181	-1.813808	-0.614535	-0.014563
 282	1.4050e-01	11.2858	3.131138	-0.000907	-9.069041	-3.072674	-0.072817
 283	1.4100e-01	11.3163	3.495223	0.000907	9.069041	3.072674	0.072817
 284	1.4150e-01	11.3403	3.495223	0.000000	0.000000	0.000000	0.000000
 285	1.4200e-01	11.3933	3.786492	0.000726	7.255233	2.458139	0.058254
 286	1.4250e-01	11.4446	4.150578	0.000907	9.069041	3.072674	0.072817
 287	1.4300e-01	11.4847	3.713675	-0.001088	-10.882849	-3.687209	-0.087381
 288	1.4350e-01	11.4975	3.859309	0.000363	3.627616	1.229070	0.029127
 289	1.4400e-01	11.5761	4.114169	0.000635	6.348329	2.150872	0.050972
 290	1.4450e-01	11.6018	4.259804	0.000363	3.627616	1.229070	0.029127
 291	1.4500e-01	11.6275	4.369029	0.000272	2.720712	0.921802	0.021845
 292	1.4550e-01	11.6628	4.114169	-0.000635	-6.348329	-2.150872	-0.050972
 293	1.4600e-01	11.7141	4.041352	-0.000181	-1.813808	-0.614535	-0.014563
 294	1.4650e-01	11.7494	4.696706	0.001632	16.324274	5.530814	0.131071
 295	1.4700e-01	11.7959	4.405438	-0.000726	-7.255233	-2.458139	-0.058254
 296	1.4750e-01	11.8280	4.587481	0.000453	4.534520	1.536337	0.036409
 297	1.4800e-01	11.8874	4.332621	-0.000635	-6.348329	-2.150872	-0.050972
 298	1.4850e-01	11.9162	4.551072	0.000544	5.441425	1.843605	0.043690
 299	1.4900e-01	11.9563	4.696706	0.000363	3.627616	1.229070	0.029127
 300	1.4950e-01	12.0029	4.551072	-0.000363	-3.627616	-1.229070	-0.029127
 301	1.5000e-01	12.0173	5.206427	0.001632	16.324274	5.530814	0.131071
 302	1.5050e-01	12.1007	4.369029	-0.002086	-20.858794	-7.067151	-0.167479
 303	1.5100e-01	12.0975	4.623889	-0.000635	-6.348329	-2.150872	0.050972
 304	1.5150e-01	12.1585	5.279244	0.001632	16.324274	5.530814	0.131071
 305	1.5200e-01	12.1938	4.842341	-0.001088	-10.882849	-3.687209	-0.087381
 306	1.5250e-01	12.2515	4.805932	-0.000091	-0.906904	-0.307267	-0.007282
 307	1.5300e-01	12.2820	4.987975	0.000453	4.534520	1.536337	0.036409
 308	1.5350e-01	12.3173	4.951566	-0.000091	-0.906904	-0.307267	-0.007282
 309	1.5400e-01	12.3510	4.987975	0.000091	0.906904	0.307267	0.007282
 310	1.5450e-01	12.3847	5.242835	0.000635	6.348329	2.150872	0.050972
 311	1.5500e-01	12.4392	5.024384	-0.000544	-5.441425	-1.843605	-0.043690
 312	1.5550e-01	12.4873	5.352061	0.000816	8.162137	2.765407	0.065535
 313	1.5600e-01	12.5034	5.497695	0.000363	3.627616	1.229070	0.029127
 314	1.5650e-01	12.5483	5.352061	-0.000363	-3.627616	-1.229070	-0.029127
 315	1.5700e-01	12.5900	5.206427	-0.000363	-3.627616	-1.229070	-0.029127
 316	1.5750e-01	12.6414	5.606921	0.000998	9.975945	3.379942	0.080099
 317	1.5800e-01	12.6879	5.861781	0.000635	6.348329	2.150872	0.050972
 318	1.5850e-01	12.7312	5.206427	-0.001632	-16.324274	-5.530814	-0.131071
 319	1.5900e-01	12.7569	5.461287	0.000635	6.348329	2.150872	0.050972
 320	1.5950e-01	12.7777	5.388469	-0.000181	-1.813808	-0.614535	-0.014563
 321	1.6000e-01	12.8210	5.788964	0.000998	9.975945	3.379942	0.080099
 322	1.6050e-01	12.8900	5.570512	-0.000544	-5.441425	-1.843605	-0.043690
 323	1.6100e-01	12.9012	6.116641	0.001360	13.603561	4.609011	0.109226
 324	1.6150e-01	12.9317	6.116641	0.000000	0.000000	0.000000	0.000000
 325	1.6200e-01	13.0216	5.898189	-0.000544	-5.441425	-1.843605	-0.043690
 326	1.6250e-01	13.0312	6.225867	0.000816	8.162137	2.765407	0.065535
 327	1.6300e-01	13.0841	6.080232	-0.000363	-3.627616	-1.229070	-0.029127
 328	1.6350e-01	13.1146	5.971007	-0.000272	-2.720712	-0.921802	-0.021845
 329	1.6400e-01	13.1563	6.262275	0.000726	7.255233	2.458139	0.058254
 330	1.6450e-01	13.2060	6.553544	0.000726	7.255233	2.458139	0.058254
 331	1.6500e-01	13.2317	6.407910	-0.000363	-3.627616	-1.229070	-0.029127
 332	1.6550e-01	13.2734	6.298684	-0.000272	-2.720712	-0.921802	-0.021845
 333	1.6600e-01	13.3248	6.225867	-0.000181	-1.813808	-0.614535	-0.014563
 334	1.6650e-01	13.3713	6.335092	0.000272	2.720712	0.921802	0.021845
 335	1.6700e-01	13.3761	6.517135	0.000453	4.534520	1.536337	0.036409
 336	1.6750e-01	13.4322	6.699178	0.000453	4.534520	1.536337	0.036409
 337	1.6800e-01	13.4595	6.589952	-0.000272	-2.720712	-0.921802	-0.021845
 338	1.6850e-01	13.4996	6.735587	0.000363	3.627616	1.229070	0.029127
 339	1.6900e-01	13.5558	6.589952	-0.000363	-3.627616	-1.229070	-0.029127
 340	1.6950e-01	13.5911	6.954038	0.000907	9.069041	3.072674	0.072817
 341	1.7000e-01	13.6280	6.662770	-0.000726	-7.255233	-2.458139	-0.058254
 342	1.7050e-01	13.6809	6.626361	-0.000091	-0.906904	-0.307267	-0.007282
 343	1.7100e-01	13.7082	7.099673	0.001179	11.789753	3.994477	0.094662
 344	1.7150e-01	13.7419	6.844812	-0.000635	-6.348329	-2.150872	-0.050972
 345	1.7200e-01	13.8028	6.699178	-0.000363	-3.627616	-1.229070	-0.029127
 346	1.7250e-01	13.8574	7.136081	0.001088	10.882849	3.687209	0.087381
 347	1.7300e-01	13.8686	7.026855	-0.000272	-2.720712	-0.921802	-0.021845
 348	1.7350e-01	13.9183	7.208898	0.000453	4.534520	1.536337	0.036409
 349	1.7400e-01	13.9344	7.172490	-0.000091	-0.906904	-0.307267	-0.007282
 350	1.7450e-01	13.9969	7.572984	0.000998	9.975945	3.379942	0.080099
 351	1.7500e-01	14.0611	7.318124	-0.000635	-6.348329	-2.150872	-0.050972
 352	1.7550e-01	14.0771	7.572984	0.000635	6.348329	2.150872	0.050972
 353	1.7600e-01	14.1156	7.427350	-0.000363	-3.627616	-1.229070	-0.029127
 354	1.7650e-01	14.1429	7.208898	-0.000544	-5.441425	-1.843605	-0.043690
 355	1.7700e-01	14.2055	7.755027	0.001360	13.603561	4.609011	0.109226
 356	1.7750e-01	14.2440	8.009887	0.000635	6.348329	2.150872	0.050972
 357	1.7800e-01	14.2809	7.900661	-0.000272	-2.720712	-0.921802	-0.021845
 358	1.7850e-01	14.3082	7.609393	-0.000726	-7.255233	-2.458139	-0.058254
 359	1.7900e-01	14.3579	7.827844	0.000544	5.441425	1.843605	0.043690
 360	1.7950e-01	14.3948	7.572984	-0.000635	-6.348329	-2.150872	-0.050972
 361	1.8000e-01	14.4317	7.864253	0.000726	7.255233	2.458139	0.058254
 362	1.8050e-01	14.4670	7.900661	0.000091	0.906904	0.307267	0.007282
 363	1.8100e-01	14.5103	7.682210	-0.000544	-5.441425	-1.843605	-0.043690
 364	1.8150e-01	14.5424	8.155521	0.001179	11.789753	3.994477	0.094662
 365	1.8200e-01	14.6081	7.973478	-0.000453	-4.534520	-1.536337	-0.036409
 366	1.8250e-01	14.6386	8.082704	0.000272	2.720712	0.921802	0.021845
 367	1.8300e-01	14.6675	8.046296	-0.000091	-0.906904	-0.307267	-0.007282
 368	1.8350e-01	14.7220	7.900661	-0.000363	-3.627616	-1.229070	-0.029127
 369	1.8400e-01	14.7557	8.228338	0.000816	8.162137	2.765407	0.065535
 370	1.8450e-01	14.7974	8.628833	0.000998	9.975945	3.379942	0.080099
 371	1.8500e-01	14.8263	8.483198	-0.000363	-3.627616	-1.229070	-0.029127
 372	1.8550e-01	14.8728	8.556016	0.000181	1.813808	0.614535	0.014563
 373	1.8600e-01	14.9033	8.228338	-0.000816	-8.162137	-2.765407	-0.065535
 374	1.8650e-01	14.9579	8.628833	0.000998	9.975945	3.379942	0.080099
 375	1.8700e-01	14.9948	8.373973	-0.000635	-6.348329	-2.150872	-0.050972
 376	1.8750e-01	15.0349	8.701650	0.000816	8.162137	2.765407	0.065535
 377	1.8800e-01	15.0830	8.665241	-0.000091	-0.906904	-0.307267	-0.007282
 378	1.8850e-01	15.1103	8.665241	0.000000	0.000000	0.000000	0.000000
 379	1.8900e-01	15.1407	8.483198	-0.000453	-4.534520	-1.536337	-0.036409
 380	1.8950e-01	15.2049	8.665241	0.000453	4.534520	1.536337	0.036409
 381	1.9000e-01	15.2306	9.320596	0.001632	16.324274	5.530814	0.131071
 382	1.9050e-01	15.2627	8.665241	-0.001632	-16.324274	-5.530814	-0.131071
 383	1.9100e-01	15.3156	9.284187	0.001542	15.417370	5.223546	0.123789
 384	1.9150e-01	15.3525	8.738058	-0.001360	-13.603561	-4.609011	-0.109226
 385	1.9200e-01	15.4071	8.774467	0.000091	0.906904	0.307267	0.007282
 386	1.9250e-01	15.4247	9.174961	0.000998	9.975945	3.379942	0.080099
 387	1.9300e-01	15.4664	9.138553	-0.000091	-0.906904	-0.307267	-0.007282
 388	1.9350e-01	15.5193	9.502639	0.000907	9.069041	3.072674	0.072817
 389	1.9400e-01	15.5482	9.029327	-0.001179	-11.789753	-3.994477	-0.094662
 390	1.9450e-01	15.6028	9.247779	0.000544	5.441425	1.843605	0.043690
 391	1.9500e-01	15.6461	9.502639	0.000635	6.348329	2.150872	0.050972
 392	1.9550e-01	15.6798	8.956510	-0.001360	-13.603561	-4.609011	-0.109226
 393	1.9600e-01	15.6958	9.320596	0.000907	9.069041	3.072674	0.072817
 394	1.9650e-01	15.7824	9.429821	0.000272	2.720712	0.921802	0.021845
 395	1.9700e-01	15.7905	9.102144	-0.000816	-8.162137	-2.765407	-0.065535
 396	1.9750e-01	15.8290	9.539047	0.001088	10.882849	3.687209	0.087381
 397	1.9800e-01	15.8915	9.830316	0.000726	7.255233	2.458139	0.058254
 398	1.9850e-01	15.9348	10.157993	0.000816	8.162137	2.765407	0.065535
 399	1.9900e-01	15.9316	9.357004	0.001995	19.951890	6.759883	-0.160198
 400	1.9950e-01	16.0086	9.866724	0.001270	12.696657	4.301744	0.101944
 401	2.0000e-01	16.0231	9.539047	-0.000816	-8.162137	-2.765407	-0.065535
 402	2.0050e-01	16.0760	9.975950	0.001088	10.882849	3.687209	0.087381
 403	2.0100e-01	16.1097	10.012359	0.000091	0.906904	0.307267	0.007282
 404	2.0150e-01	16.1642	10.085176	0.000181	1.813808	0.614535	0.014563
 405	2.0200e-01	16.1691	10.121584	0.000091	0.906904	0.307267	0.007282
 406	2.0250e-01	16.2396	10.121584	0.000000	0.000000	0.000000	0.000000
 407	2.0300e-01	16.2782	10.121584	0.000000	0.000000	0.000000	0.000000
 408	2.0350e-01	16.3086	10.230810	0.000272	2.720712	0.921802	0.021845
 409	2.0400e-01	16.3423	10.267219	0.000091	0.906904	0.307267	0.007282
 410	2.0450e-01	16.4097	10.048767	-0.000544	-5.441425	-1.843605	-0.043690
 411	2.0500e-01	16.4338	10.558487	0.001270	12.696657	4.301744	0.101944
 412	2.0550e-01	16.4578	10.376444	-0.000453	-4.534520	-1.536337	-0.036409
 413	2.0600e-01	16.5124	10.631304	0.000635	6.348329	2.150872	0.050972
 414	2.0650e-01	16.5493	10.667713	0.000091	0.906904	0.307267	0.007282
 415	2.0700e-01	16.6038	10.594896	-0.000181	-1.813808	-0.614535	-0.014563
 416	2.0750e-01	16.6455	10.958982	0.000907	9.069041	3.072674	0.072817
 417	2.0800e-01	16.6648	10.813347	-0.000363	-3.627616	-1.229070	-0.029127
 418	2.0850e-01	16.7289	10.704122	-0.000272	-2.720712	-0.921802	-0.021845
 419	2.0900e-01	16.7418	10.449262	-0.000635	-6.348329	-2.150872	-0.050972
 420	2.0950e-01	16.7979	10.740530	0.000726	7.255233	2.458139	0.058254
 421	2.1000e-01	16.8364	10.813347	0.000181	1.813808	0.614535	0.014563
 422	2.1050e-01	16.8637	10.594896	-0.000544	-5.441425	-1.843605	-0.043690
 423	2.1100e-01	16.9150	10.813347	0.000544	5.441425	1.843605	0.043690
 424	2.1150e-01	16.9407	10.849756	0.000091	0.906904	0.307267	0.007282
 425	2.1200e-01	16.9968	10.995390	0.000363	3.627616	1.229070	0.029127
 426	2.1250e-01	17.0370	11.323067	0.000816	8.162137	2.765407	0.065535
 427	2.1300e-01	17.0883	10.995390	-0.000816	-8.162137	-2.765407	-0.065535
 428	2.1350e-01	17.1027	11.213842	0.000544	5.441425	1.843605	0.043690
 429	2.1400e-01	17.1605	11.250250	0.000091	0.906904	0.307267	0.007282
 430	2.1450e-01	17.1974	11.213842	-0.000091	-0.906904	-0.307267	-0.007282
 431	2.1500e-01	17.2423	10.958982	-0.000635	-6.348329	-2.150872	-0.050972
 432	2.1550e-01	17.2728	11.395885	0.001088	10.882849	3.687209	0.087381
 433	2.1600e-01	17.3065	11.650745	0.000635	6.348329	2.150872	0.050972
 434	2.1650e-01	17.3690	11.323067	-0.000816	-8.162137	-2.765407	-0.065535
 435	2.1700e-01	17.3851	11.723562	0.000998	9.975945	3.379942	0.080099
 436	2.1750e-01	17.4412	11.213842	-0.001270	-12.696657	-4.301744	-0.101944
 437	2.1800e-01	17.4765	11.505110	0.000726	7.255233	2.458139	0.058254
 438	2.1850e-01	17.5295	11.541519	0.000091	0.906904	0.307267	0.007282
 439	2.1900e-01	17.5455	11.250250	-0.000726	-7.255233	-2.458139	-0.058254
 440	2.1950e-01	17.5936	11.687153	0.001088	10.882849	3.687209	0.087381
 441	2.2000e-01	17.6385	12.087648	0.000998	9.975945	3.379942	0.080099
 442	2.2050e-01	17.6754	11.468702	-0.001542	-15.417370	-5.223546	-0.123789
 443	2.2100e-01	17.7107	12.014830	0.001360	13.603561	4.609011	0.109226
 444	2.2150e-01	17.7540	11.650745	-0.000907	-9.069041	-3.072674	-0.072817
 445	2.2200e-01	17.7942	11.650745	0.000000	0.000000	0.000000	0.000000
 446	2.2250e-01	17.8262	12.415325	0.001904	19.044986	6.452616	0.152916
 447	2.2300e-01	17.8679	11.869196	-0.001360	-13.603561	-4.609011	-0.109226
 448	2.2350e-01	17.9081	11.978422	0.000272	2.720712	0.921802	0.021845
 449	2.2400e-01	17.9690	11.759970	-0.000544	-5.441425	-1.843605	-0.043690
 450	2.2450e-01	17.9883	12.342508	0.001451	14.510465	4.916279	0.116507
 451	2.2500e-01	18.0396	11.978422	-0.000907	-9.069041	-3.072674	-0.072817
 452	2.2550e-01	18.0605	12.196873	0.000544	5.441425	1.843605	0.043690
 453	2.2600e-01	18.1102	11.942013	-0.000635	-6.348329	-2.150872	-0.050972
 454	2.2650e-01	18.1711	12.451733	0.001270	12.696657	4.301744	0.101944
 455	2.2700e-01	18.1920	12.415325	-0.000091	-0.906904	-0.307267	-0.007282
 456	2.2750e-01	18.2145	12.706593	0.000726	7.255233	2.458139	0.058254
 457	2.2800e-01	18.2834	12.560959	-0.000363	-3.627616	-1.229070	-0.029127
 458	2.2850e-01	18.2979	12.488142	-0.000181	-1.813808	-0.614535	-0.014563
 459	2.2900e-01	18.3572	12.233282	-0.000635	-6.348329	-2.150872	-0.050972
 460	2.2950e-01	18.3989	12.488142	0.000635	6.348329	2.150872	0.050972
 461	2.3000e-01	18.4391	12.743002	0.000635	6.348329	2.150872	0.050972
 462	2.3050e-01	18.4888	12.852228	0.000272	2.720712	0.921802	0.021845
 463	2.3100e-01	18.5048	12.670185	-0.000453	-4.534520	-1.536337	-0.036409
 464	2.3150e-01	18.5610	12.633776	-0.000091	-0.906904	-0.307267	-0.007282
 465	2.3200e-01	18.5882	13.252722	0.001542	15.417370	5.223546	0.123789
 466	2.3250e-01	18.6588	12.925045	-0.000816	-8.162137	-2.765407	-0.065535
 467	2.3300e-01	18.6765	12.888636	-0.000091	-0.906904	-0.307267	-0.007282
 468	2.3350e-01	18.6925	13.179905	0.000726	7.255233	2.458139	0.058254
 469	2.3400e-01	18.7631	13.216313	0.000091	0.906904	0.307267	0.007282
 470	2.3450e-01	18.7904	13.216313	0.000000	0.000000	0.000000	0.000000
 471	2.3500e-01	18.8401	13.216313	0.000000	0.000000	0.000000	0.000000
 472	2.3550e-01	18.8770	13.325539	0.000272	2.720712	0.921802	0.021845
 473	2.3600e-01	18.9251	13.361948	0.000091	0.906904	0.307267	0.007282
 474	2.3650e-01	18.9733	13.289131	-0.000181	-1.813808	-0.614535	-0.014563
 475	2.3700e-01	18.9957	13.543991	0.000635	6.348329	2.150872	0.050972
 476	2.3750e-01	19.0422	13.543991	0.000000	0.000000	0.000000	0.000000
 477	2.3800e-01	19.0663	13.179905	-0.000907	-9.069041	-3.072674	-0.072817
 478	2.3850e-01	19.1289	13.434765	0.000635	6.348329	2.150872	0.050972
 479	2.3900e-01	19.1545	13.616808	0.000453	4.534520	1.536337	0.036409
 480	2.3950e-01	19.2027	13.762442	0.000363	3.627616	1.229070	0.029127
 481	2.4000e-01	19.2396	13.580399	-0.000453	-4.534520	-1.536337	-0.036409
 482	2.4050e-01	19.2877	13.289131	-0.000726	-7.255233	-2.458139	-0.058254
 483	2.4100e-01	19.3166	13.616808	0.000816	8.162137	2.765407	0.065535
 484	2.4150e-01	19.3583	13.653216	0.000091	0.906904	0.307267	0.007282
 485	2.4200e-01	19.3823	13.471173	-0.000453	-4.534520	-1.536337	-0.036409
 486	2.4250e-01	19.4176	13.908076	0.001088	10.882849	3.687209	0.087381
 487	2.4300e-01	19.4930	13.835259	-0.000181	-1.813808	-0.614535	-0.014563
 488	2.4350e-01	19.5075	13.689625	-0.000363	-3.627616	-1.229070	-0.029127
 489	2.4400e-01	19.5460	13.944485	0.000635	6.348329	2.150872	0.050972
 490	2.4450e-01	19.5989	14.090119	0.000363	3.627616	1.229070	0.029127
 491	2.4500e-01	19.6246	14.090119	0.000000	0.000000	0.000000	0.000000
 492	2.4550e-01	19.6807	14.126528	0.000091	0.906904	0.307267	0.007282
 493	2.4600e-01	19.7192	13.871668	-0.000635	-6.348329	-2.150872	-0.050972
 494	2.4650e-01	19.7625	14.490614	0.001542	15.417370	5.223546	0.123789
 495	2.4700e-01	19.8043	14.272162	-0.000544	-5.441425	-1.843605	-0.043690
 496	2.4750e-01	19.8636	14.709065	0.001088	10.882849	3.687209	0.087381
 497	2.4800e-01	19.8829	14.417796	-0.000726	-7.255233	-2.458139	-0.058254
 498	2.4850e-01	19.9326	14.599839	0.000453	4.534520	1.536337	0.036409
 499	2.4900e-01	19.9422	14.672657	0.000181	1.813808	0.614535	0.014563
 500	2.4950e-01	19.9984	14.490614	-0.000453	-4.534520	-1.536337	-0.036409
 501	2.5000e-01	20.0337	14.490614	0.000000	0.000000	0.000000	0.000000
 502	2.5050e-01	19.9823	14.636248	-0.000363	-3.627616	-1.229070	0.029127
 503	2.5100e-01	19.9470	14.636248	-0.000000	-0.000000	-0.000000	0.000000
 504	2.5150e-01	19.8813	13.980894	0.001632	16.324274	5.530814	-0.131071
 505	2.5200e-01	19.8700	14.199345	-0.000544	-5.441425	-1.843605	0.043690
 506	2.5250e-01	19.8187	14.272162	-0.000181	-1.813808	-0.614535	0.014563
 507	2.5300e-01	19.7994	14.272162	-0.000000	-0.000000	-0.000000	0.000000
 508	2.5350e-01	19.7385	13.944485	0.000816	8.162137	2.765407	-0.065535
 509	2.5400e-01	19.6936	14.199345	-0.000635	-6.348329	-2.150872	0.050972
 510	2.5450e-01	19.6551	13.835259	0.000907	9.069041	3.072674	-0.072817
 511	2.5500e-01	19.6053	14.090119	-0.000635	-6.348329	-2.150872	0.050972
 512	2.5550e-01	19.5604	13.798851	0.000726	7.255233	2.458139	-0.058254
 513	2.5600e-01	19.5492	14.199345	-0.000998	-9.975945	-3.379942	0.080099
 514	2.5650e-01	19.5043	13.835259	0.000907	9.069041	3.072674	-0.072817
 515	2.5700e-01	19.4465	13.580399	0.000635	6.348329	2.150872	-0.050972
 516	2.5750e-01	19.4449	14.126528	-0.001360	-13.603561	-4.609011	0.109226
 517	2.5800e-01	19.3823	13.507582	0.001542	15.417370	5.223546	-0.123789
 518	2.5850e-01	19.3390	13.980894	-0.001179	-11.789753	-3.994477	0.094662
 519	2.5900e-01	19.2845	13.361948	0.001542	15.417370	5.223546	-0.123789
 520	2.5950e-01	19.2572	13.580399	-0.000544	-5.441425	-1.843605	0.043690
 521	2.6000e-01	19.2315	13.689625	-0.000272	-2.720712	-0.921802	0.021845
 522	2.6050e-01	19.1658	13.543991	0.000363	3.627616	1.229070	-0.029127
 523	2.6100e-01	19.1289	13.325539	0.000544	5.441425	1.843605	-0.043690
 524	2.6150e-01	19.0968	13.434765	-0.000272	-2.720712	-0.921802	0.021845
 525	2.6200e-01	19.0679	13.726034	-0.000726	-7.255233	-2.458139	0.058254
 526	2.6250e-01	19.0102	13.434765	0.000726	7.255233	2.458139	-0.058254
 527	2.6300e-01	18.9813	13.471173	-0.000091	-0.906904	-0.307267	0.007282
 528	2.6350e-01	18.9235	12.997862	0.001179	11.789753	3.994477	-0.094662
 529	2.6400e-01	18.8947	12.961453	0.000091	0.906904	0.307267	-0.007282
 530	2.6450e-01	18.8529	13.398356	-0.001088	-10.882849	-3.687209	0.087381
 531	2.6500e-01	18.8144	12.925045	0.001179	11.789753	3.994477	-0.094662
 532	2.6550e-01	18.7759	13.179905	-0.000635	-6.348329	-2.150872	0.050972
 533	2.6600e-01	18.7471	13.325539	-0.000363	-3.627616	-1.229070	0.029127
 534	2.6650e-01	18.7005	13.143496	0.000453	4.534520	1.536337	-0.036409
 535	2.6700e-01	18.6508	13.179905	-0.000091	-0.906904	-0.307267	0.007282
 536	2.6750e-01	18.6043	12.997862	0.000453	4.534520	1.536337	-0.036409
 537	2.6800e-01	18.5754	12.815819	0.000453	4.534520	1.536337	-0.036409
 538	2.6850e-01	18.5337	12.670185	0.000363	3.627616	1.229070	-0.029127
 539	2.6900e-01	18.4888	13.143496	-0.001179	-11.789753	-3.994477	0.094662
 540	2.6950e-01	18.4615	12.560959	0.001451	14.510465	4.916279	-0.116507
 541	2.7000e-01	18.4278	12.779411	-0.000544	-5.441425	-1.843605	0.043690
 542	2.7050e-01	18.3973	12.815819	-0.000091	-0.906904	-0.307267	0.007282
 543	2.7100e-01	18.3268	12.524550	0.000726	7.255233	2.458139	-0.058254
 544	2.7150e-01	18.3075	12.815819	-0.000726	-7.255233	-2.458139	0.058254
 545	2.7200e-01	18.2337	12.488142	0.000816	8.162137	2.765407	-0.065535
 546	2.7250e-01	18.2241	12.560959	-0.000181	-1.813808	-0.614535	0.014563
 547	2.7300e-01	18.1663	12.743002	-0.000453	-4.534520	-1.536337	0.036409
 548	2.7350e-01	18.1359	12.560959	0.000453	4.534520	1.536337	-0.036409
 549	2.7400e-01	18.0957	12.633776	-0.000181	-1.813808	-0.614535	0.014563
 550	2.7450e-01	18.0685	12.051239	0.001451	14.510465	4.916279	-0.116507
 551	2.7500e-01	18.0300	11.796379	0.000635	6.348329	2.150872	-0.050972
 552	2.7550e-01	17.9867	12.087648	-0.000726	-7.255233	-2.458139	0.058254
 553	2.7600e-01	17.9482	12.342508	-0.000635	-6.348329	-2.150872	0.050972
 554	2.7650e-01	17.8936	12.196873	0.000363	3.627616	1.229070	-0.029127
 555	2.7700e-01	17.8679	11.869196	0.000816	8.162137	2.765407	-0.065535
 556	2.7750e-01	17.8070	12.124056	-0.000635	-6.348329	-2.150872	0.050972
 557	2.7800e-01	17.7781	11.905605	0.000544	5.441425	1.843605	-0.043690
 558	2.7850e-01	17.7492	12.196873	-0.000726	-7.255233	-2.458139	0.058254
 559	2.7900e-01	17.6979	12.160465	0.000091	0.906904	0.307267	-0.007282
 560	2.7950e-01	17.6450	11.905605	0.000635	6.348329	2.150872	-0.050972
 561	2.8000e-01	17.6097	11.942013	-0.000091	-0.906904	-0.307267	0.007282
 562	2.8050e-01	17.5824	12.269690	-0.000816	-8.162137	-2.765407	0.065535
 563	2.8100e-01	17.5246	11.650745	0.001542	15.417370	5.223546	-0.123789
 564	2.8150e-01	17.4877	11.505110	0.000363	3.627616	1.229070	-0.029127
 565	2.8200e-01	17.4685	12.014830	-0.001270	-12.696657	-4.301744	0.101944
 566	2.8250e-01	17.4059	11.650745	0.000907	9.069041	3.072674	-0.072817
 567	2.8300e-01	17.3899	11.650745	-0.000000	-0.000000	-0.000000	0.000000
 568	2.8350e-01	17.3466	11.759970	-0.000272	-2.720712	-0.921802	0.021845
 569	2.8400e-01	17.3033	11.395885	0.000907	9.069041	3.072674	-0.072817
 570	2.8450e-01	17.2279	11.505110	-0.000272	-2.720712	-0.921802	0.021845
 571	2.8500e-01	17.2279	11.468702	0.000091	0.906904	0.307267	-0.007282
 572	2.8550e-01	17.1829	11.505110	-0.000091	-0.906904	-0.307267	0.007282
 573	2.8600e-01	17.1380	11.068207	0.001088	10.882849	3.687209	-0.087381
 574	2.8650e-01	17.0979	11.286659	-0.000544	-5.441425	-1.843605	0.043690
 575	2.8700e-01	17.0722	11.395885	-0.000272	-2.720712	-0.921802	0.021845
 576	2.8750e-01	17.0113	11.177433	0.000544	5.441425	1.843605	-0.043690
 577	2.8800e-01	16.9792	11.250250	-0.000181	-1.813808	-0.614535	0.014563
 578	2.8850e-01	16.9567	11.323067	-0.000181	-1.813808	-0.614535	0.014563
 579	2.8900e-01	16.8781	11.250250	0.000181	1.813808	0.614535	-0.014563
 580	2.8950e-01	16.8444	10.594896	0.001632	16.324274	5.530814	-0.131071
 581	2.9000e-01	16.8284	10.958982	-0.000907	-9.069041	-3.072674	0.072817
 582	2.9050e-01	16.7706	10.776939	0.000453	4.534520	1.536337	-0.036409
 583	2.9100e-01	16.7450	10.776939	-0.000000	-0.000000	-0.000000	0.000000
 584	2.9150e-01	16.7017	10.631304	0.000363	3.627616	1.229070	-0.029127
 585	2.9200e-01	16.6616	10.922573	-0.000726	-7.255233	-2.458139	0.058254
 586	2.9250e-01	16.6134	10.849756	0.000181	1.813808	0.614535	-0.014563
 587	2.9300e-01	16.5894	10.376444	0.001179	11.789753	3.994477	-0.094662
 588	2.9350e-01	16.5316	10.340036	0.000091	0.906904	0.307267	-0.007282
 589	2.9400e-01	16.5011	10.922573	-0.001451	-14.510465	-4.916279	0.116507
 590	2.9450e-01	16.4867	10.558487	0.000907	9.069041	3.072674	-0.072817
 591	2.9500e-01	16.4065	10.740530	-0.000453	-4.534520	-1.536337	0.036409
 592	2.9550e-01	16.3600	10.376444	0.000907	9.069041	3.072674	-0.072817
 593	2.9600e-01	16.3375	10.340036	0.000091	0.906904	0.307267	-0.007282
 594	2.9650e-01	16.3022	10.558487	-0.000544	-5.441425	-1.843605	0.043690
 595	2.9700e-01	16.2396	10.267219	0.000726	7.255233	2.458139	-0.058254
 596	2.9750e-01	16.2076	10.303627	-0.000091	-0.906904	-0.307267	0.007282
 597	2.9800e-01	16.1867	10.194402	0.000272	2.720712	0.921802	-0.021845
 598	2.9850e-01	16.1514	10.485670	-0.000726	-7.255233	-2.458139	0.058254
 599	2.9900e-01	16.0953	10.085176	0.000998	9.975945	3.379942	-0.080099
 600	2.9950e-01	16.0616	10.121584	-0.000091	-0.906904	-0.307267	0.007282
 601	3.0000e-01	16.0006	9.939542	0.000453	4.534520	1.536337	-0.036409
 602	3.0050e-01	15.9830	9.939542	-0.000000	-0.000000	-0.000000	0.000000
 603	3.0100e-01	15.9477	9.975950	-0.000091	-0.906904	-0.307267	0.007282
 604	3.0150e-01	15.8963	9.866724	0.000272	2.720712	0.921802	-0.021845
 605	3.0200e-01	15.8546	10.230810	-0.000907	-9.069041	-3.072674	0.072817
 606	3.0250e-01	15.8498	9.611864	0.001542	15.417370	5.223546	-0.123789
 607	3.0300e-01	15.7760	9.939542	-0.000816	-8.162137	-2.765407	0.065535
 608	3.0350e-01	15.7359	9.357004	0.001451	14.510465	4.916279	-0.116507
 609	3.0400e-01	15.6990	10.121584	-0.001904	-19.044986	-6.452616	0.152916
 610	3.0450e-01	15.6429	9.357004	0.001904	19.044986	6.452616	-0.152916
 611	3.0500e-01	15.6204	9.684681	-0.000816	-8.162137	-2.765407	0.065535
 612	3.0550e-01	15.5771	9.539047	0.000363	3.627616	1.229070	-0.029127
 613	3.0600e-01	15.5546	9.466230	0.000181	1.813808	0.614535	-0.014563
 614	3.0650e-01	15.5033	9.866724	-0.000998	-9.975945	-3.379942	0.080099
 615	3.0700e-01	15.4664	9.357004	0.001270	12.696657	4.301744	-0.101944
 616	3.0750e-01	15.4167	9.247779	0.000272	2.720712	0.921802	-0.021845
 617	3.0800e-01	15.3766	9.502639	-0.000635	-6.348329	-2.150872	0.050972
 618	3.0850e-01	15.3236	8.956510	0.001360	13.603561	4.609011	-0.109226
 619	3.0900e-01	15.3076	9.393413	-0.001088	-10.882849	-3.687209	0.087381
 620	3.0950e-01	15.2514	9.247779	0.000363	3.627616	1.229070	-0.029127
 621	3.1000e-01	15.2322	9.611864	-0.000907	-9.069041	-3.072674	0.072817
 622	3.1050e-01	15.1776	8.883693	0.001814	18.138082	6.145348	-0.145634
 623	3.1100e-01	15.1247	9.065736	-0.000453	-4.534520	-1.536337	0.036409
 624	3.1150e-01	15.1199	8.665241	0.000998	9.975945	3.379942	-0.080099
 625	3.1200e-01	15.0573	8.847284	-0.000453	-4.534520	-1.536337	0.036409
 626	3.1250e-01	15.0076	8.556016	0.000726	7.255233	2.458139	-0.058254
 627	3.1300e-01	14.9980	8.628833	-0.000181	-1.813808	-0.614535	0.014563
 628	3.1350e-01	14.9290	8.992919	-0.000907	-9.069041	-3.072674	0.072817
 629	3.1400e-01	14.9113	8.264747	0.001814	18.138082	6.145348	-0.145634
 630	3.1450e-01	14.8696	8.883693	-0.001542	-15.417370	-5.223546	0.123789
 631	3.1500e-01	14.8183	8.847284	0.000091	0.906904	0.307267	-0.007282
 632	3.1550e-01	14.7670	8.701650	0.000363	3.627616	1.229070	-0.029127
 633	3.1600e-01	14.7557	8.592424	0.000272	2.720712	0.921802	-0.021845
 634	3.1650e-01	14.6835	8.701650	-0.000272	-2.720712	-0.921802	0.021845
 635	3.1700e-01	14.6627	8.556016	0.000363	3.627616	1.229070	-0.029127
 636	3.1750e-01	14.6162	8.556016	-0.000000	-0.000000	-0.000000	0.000000
 637	3.1800e-01	14.5696	8.592424	-0.000091	-0.906904	-0.307267	0.007282
 638	3.1850e-01	14.5584	8.228338	0.000907	9.069041	3.072674	-0.072817
 639	3.1900e-01	14.5039	8.082704	0.000363	3.627616	1.229070	-0.029127
 640	3.1950e-01	14.4654	8.337564	-0.000635	-6.348329	-2.150872	0.050972
 641	3.2000e-01	14.4124	8.410381	-0.000181	-1.813808	-0.614535	0.014563
 642	3.2050e-01	14.3755	8.191930	0.000544	5.441425	1.843605	-0.043690
 643	3.2100e-01	14.3354	8.264747	-0.000181	-1.813808	-0.614535	0.014563
 644	3.2150e-01	14.2953	7.718618	0.001360	13.603561	4.609011	-0.109226
 645	3.2200e-01	14.2616	7.864253	-0.000363	-3.627616	-1.229070	0.029127
 646	3.2250e-01	14.2199	7.900661	-0.000091	-0.906904	-0.307267	0.007282
 647	3.2300e-01	14.1894	8.264747	-0.000907	-9.069041	-3.072674	0.072817
 648	3.2350e-01	14.1445	8.264747	-0.000000	-0.000000	-0.000000	0.000000
 649	3.2400e-01	14.0964	7.500167	0.001904	19.044986	6.452616	-0.152916
 650	3.2450e-01	14.0755	8.155521	-0.001632	-16.324274	-5.530814	0.131071
 651	3.2500e-01	14.0226	7.755027	0.000998	9.975945	3.379942	-0.080099
 652	3.2550e-01	13.9729	7.427350	0.000816	8.162137	2.765407	-0.065535
 653	3.2600e-01	13.9520	7.536575	-0.000272	-2.720712	-0.921802	0.021845
 654	3.2650e-01	13.8975	7.354533	0.000453	4.534520	1.536337	-0.036409
 655	3.2700e-01	13.8670	7.427350	-0.000181	-1.813808	-0.614535	0.014563
 656	3.2750e-01	13.8221	7.354533	0.000181	1.813808	0.614535	-0.014563
 657	3.2800e-01	13.7643	7.572984	-0.000544	-5.441425	-1.843605	0.043690
 658	3.2850e-01	13.7547	7.063264	0.001270	12.696657	4.301744	-0.101944
 659	3.2900e-01	13.6985	7.390941	-0.000816	-8.162137	-2.765407	0.065535
 660	3.2950e-01	13.6520	7.500167	-0.000272	-2.720712	-0.921802	0.021845
 661	3.3000e-01	13.6231	7.536575	-0.000091	-0.906904	-0.307267	0.007282
 662	3.3050e-01	13.5862	7.172490	0.000907	9.069041	3.072674	-0.072817
 663	3.3100e-01	13.5269	6.844812	0.000816	8.162137	2.765407	-0.065535
 664	3.3150e-01	13.5076	6.771995	0.000181	1.813808	0.614535	-0.014563
 665	3.3200e-01	13.4595	7.099673	-0.000816	-8.162137	-2.765407	0.065535
 666	3.3250e-01	13.4114	6.881221	0.000544	5.441425	1.843605	-0.043690
 667	3.3300e-01	13.3681	6.517135	0.000907	9.069041	3.072674	-0.072817
 668	3.3350e-01	13.3472	6.808404	-0.000726	-7.255233	-2.458139	0.058254
 669	3.3400e-01	13.3007	6.771995	0.000091	0.906904	0.307267	-0.007282
 670	3.3450e-01	13.2365	6.444318	0.000816	8.162137	2.765407	-0.065535
 671	3.3500e-01	13.2237	6.699178	-0.000635	-6.348329	-2.150872	0.050972
 672	3.3550e-01	13.1852	6.662770	0.000091	0.906904	0.307267	-0.007282
 673	3.3600e-01	13.1403	6.735587	-0.000181	-1.813808	-0.614535	0.014563
 674	3.3650e-01	13.1018	5.934598	0.001995	19.951890	6.759883	-0.160198
 675	3.3700e-01	13.0536	6.735587	-0.001995	-19.951890	-6.759883	0.160198
 676	3.3750e-01	13.0296	6.699178	0.000091	0.906904	0.307267	-0.007282
 677	3.3800e-01	12.9815	6.225867	0.001179	11.789753	3.994477	-0.094662
 678	3.3850e-01	12.9189	5.934598	0.000726	7.255233	2.458139	-0.058254
 679	3.3900e-01	12.9253	6.298684	0.000907	9.069041	3.072674	0.072817
 680	3.3950e-01	12.8435	5.825372	0.001179	11.789753	3.994477	-0.094662
 681	3.4000e-01	12.8162	6.407910	-0.001451	-14.510465	-4.916279	0.116507
 682	3.4050e-01	12.7713	6.007415	0.000998	9.975945	3.379942	-0.080099
 683	3.4100e-01	12.7376	5.971007	0.000091	0.906904	0.307267	-0.007282
 684	3.4150e-01	12.7135	6.298684	-0.000816	-8.162137	-2.765407	0.065535
 685	3.4200e-01	12.6638	5.752555	0.001360	13.603561	4.609011	-0.109226
 686	3.4250e-01	12.6365	6.007415	-0.000635	-6.348329	-2.150872	0.050972
 687	3.4300e-01	12.5804	5.825372	0.000453	4.534520	1.536337	-0.036409
 688	3.4350e-01	12.5451	5.606921	0.000544	5.441425	1.843605	-0.043690
 689	3.4400e-01	12.4922	5.716147	-0.000272	-2.720712	-0.921802	0.021845
 690	3.4450e-01	12.4713	5.861781	-0.000363	-3.627616	-1.229070	0.029127
 691	3.4500e-01	12.4023	5.352061	0.001270	12.696657	4.301744	-0.101944
 692	3.4550e-01	12.3975	5.716147	-0.000907	-9.069041	-3.072674	0.072817
 693	3.4600e-01	12.3333	5.788964	-0.000181	-1.813808	-0.614535	0.014563
 694	3.4650e-01	12.3093	5.534104	0.000635	6.348329	2.150872	-0.050972
 695	3.4700e-01	12.2628	4.987975	0.001360	13.603561	4.609011	-0.109226
 696	3.4750e-01	12.2082	5.570512	-0.001451	-14.510465	-4.916279	0.116507
 697	3.4800e-01	12.1874	5.133609	0.001088	10.882849	3.687209	-0.087381
 698	3.4850e-01	12.1344	5.461287	-0.000816	-8.162137	-2.765407	0.065535
 699	3.4900e-01	12.0975	5.352061	0.000272	2.720712	0.921802	-0.021845
 700	3.4950e-01	12.0574	5.133609	0.000544	5.441425	1.843605	-0.043690
 701	3.5000e-01	12.0253	5.206427	-0.000181	-1.813808	-0.614535	0.014563
 702	3.5050e-01	11.9772	5.206427	-0.000000	-0.000000	-0.000000	0.000000
 703	3.5100e-01	11.9323	5.097201	0.000272	2.720712	0.921802	-0.021845
 704	3.5150e-01	11.9146	5.060792	0.000091	0.906904	0.307267	-0.007282
 705	3.5200e-01	11.8633	4.987975	0.000181	1.813808	0.614535	-0.014563
 706	3.5250e-01	11.8184	4.878749	0.000272	2.720712	0.921802	-0.021845
 707	3.5300e-01	11.7863	5.133609	-0.000635	-6.348329	-2.150872	0.050972
 708	3.5350e-01	11.7414	4.623889	0.001270	12.696657	4.301744	-0.101944
 709	3.5400e-01	11.6981	4.805932	-0.000453	-4.534520	-1.536337	0.036409
 710	3.5450e-01	11.6708	4.441846	0.000907	9.069041	3.072674	-0.072817
 711	3.5500e-01	11.5970	4.296212	0.000363	3.627616	1.229070	-0.029127
 712	3.5550e-01	11.5938	4.478255	-0.000453	-4.534520	-1.536337	0.036409
 713	3.5600e-01	11.5585	4.660298	-0.000453	-4.534520	-1.536337	0.036409
 714	3.5650e-01	11.5104	4.441846	0.000544	5.441425	1.843605	-0.043690
 715	3.5700e-01	11.4687	4.441846	-0.000000	-0.000000	-0.000000	0.000000
 716	3.5750e-01	11.4173	3.968535	0.001179	11.789753	3.994477	-0.094662
 717	3.5800e-01	11.3884	4.332621	-0.000907	-9.069041	-3.072674	0.072817
 718	3.5850e-01	11.3291	4.551072	-0.000544	-5.441425	-1.843605	0.043690
 719	3.5900e-01	11.3082	4.186986	0.000907	9.069041	3.072674	-0.072817
 720	3.5950e-01	11.2489	4.296212	-0.000272	-2.720712	-0.921802	0.021845
 721	3.6000e-01	11.2136	3.932126	0.000907	9.069041	3.072674	-0.072817
 722	3.6050e-01	11.1815	3.968535	-0.000091	-0.906904	-0.307267	0.007282
 723	3.6100e-01	11.1414	4.041352	-0.000181	-1.813808	-0.614535	0.014563
 724	3.6150e-01	11.0901	3.786492	0.000635	6.348329	2.150872	-0.050972
 725	3.6200e-01	11.0740	3.895718	-0.000272	-2.720712	-0.921802	0.021845
 726	3.6250e-01	11.0082	3.713675	0.000453	4.534520	1.536337	-0.036409
 727	3.6300e-01	10.9778	3.895718	-0.000453	-4.534520	-1.536337	0.036409
 728	3.6350e-01	10.9120	3.240363	0.001632	16.324274	5.530814	-0.131071
 729	3.6400e-01	10.9168	3.895718	0.001632	16.324274	5.530814	0.131071
 730	3.6450e-01	10.8655	3.531632	0.000907	9.069041	3.072674	-0.072817
 731	3.6500e-01	10.8238	3.422406	0.000272	2.720712	0.921802	-0.021845
 732	3.6550e-01	10.7837	3.859309	-0.001088	-10.882849	-3.687209	0.087381
 733	3.6600e-01	10.7419	3.531632	0.000816	8.162137	2.765407	-0.065535
 734	3.6650e-01	10.7147	4.004943	-0.001179	-11.789753	-3.994477	0.094662
 735	3.6700e-01	10.6617	3.058320	0.002358	23.579506	7.988953	-0.189325
 736	3.6750e-01	10.6088	2.985503	0.000181	1.813808	0.614535	-0.014563
 737	3.6800e-01	10.5639	3.094729	-0.000272	-2.720712	-0.921802	0.021845
 738	3.6850e-01	10.5430	3.240363	-0.000363	-3.627616	-1.229070	0.029127
 739	3.6900e-01	10.4676	3.021912	0.000544	5.441425	1.843605	-0.043690
 740	3.6950e-01	10.4596	3.276772	-0.000635	-6.348329	-2.150872	0.050972
 741	3.7000e-01	10.4355	2.949095	0.000816	8.162137	2.765407	-0.065535
 742	3.7050e-01	10.3730	3.021912	-0.000181	-1.813808	-0.614535	0.014563
 743	3.7100e-01	10.3377	2.876278	0.000363	3.627616	1.229070	-0.029127
 744	3.7150e-01	10.3040	2.694235	0.000453	4.534520	1.536337	-0.036409
 745	3.7200e-01	10.2527	3.058320	-0.000907	-9.069041	-3.072674	0.072817
 746	3.7250e-01	10.2238	2.475783	0.001451	14.510465	4.916279	-0.116507
 747	3.7300e-01	10.1805	3.131138	-0.001632	-16.324274	-5.530814	0.131071
 748	3.7350e-01	10.1388	2.985503	0.000363	3.627616	1.229070	-0.029127
 749	3.7400e-01	10.1131	2.585009	0.000998	9.975945	3.379942	-0.080099
 750	3.7450e-01	10.0730	2.402966	0.000453	4.534520	1.536337	-0.036409
 751	3.7500e-01	10.0249	2.730643	-0.000816	-8.162137	-2.765407	0.065535
 752	3.7550e-01	9.9751	2.220923	0.001270	12.696657	4.301744	-0.101944
 753	3.7600e-01	9.9478	2.439375	-0.000544	-5.441425	-1.843605	0.043690
 754	3.7650e-01	9.8869	2.402966	0.000091	0.906904	0.307267	-0.007282
 755	3.7700e-01	9.8644	2.585009	-0.000453	-4.534520	-1.536337	0.036409
 756	3.7750e-01	9.8147	2.257332	0.000816	8.162137	2.765407	-0.065535
 757	3.7800e-01	9.7922	1.747612	0.001270	12.696657	4.301744	-0.101944
 758	3.7850e-01	9.7377	2.330149	-0.001451	-14.510465	-4.916279	0.116507
 759	3.7900e-01	9.7088	1.929655	0.000998	9.975945	3.379942	-0.080099
 760	3.7950e-01	9.6511	1.893246	0.000091	0.906904	0.307267	-0.007282
 761	3.8000e-01	9.6222	1.966063	-0.000181	-1.813808	-0.614535	0.014563
 762	3.8050e-01	9.5837	2.038880	-0.000181	-1.813808	-0.614535	0.014563
 763	3.8100e-01	9.5436	1.711203	0.000816	8.162137	2.765407	-0.065535
 764	3.8150e-01	9.4858	1.784020	-0.000181	-1.813808	-0.614535	0.014563
 765	3.8200e-01	9.4650	1.711203	0.000181	1.813808	0.614535	-0.014563
 766	3.8250e-01	9.4441	1.638386	0.000181	1.813808	0.614535	-0.014563
 767	3.8300e-01	9.3912	1.456343	0.000453	4.534520	1.536337	-0.036409
 768	3.8350e-01	9.3318	1.638386	-0.000453	-4.534520	-1.536337	0.036409
 769	3.8400e-01	9.2981	1.565569	0.000181	1.813808	0.614535	-0.014563
 770	3.8450e-01	9.2452	1.784020	-0.000544	-5.441425	-1.843605	0.043690
 771	3.8500e-01	9.2195	1.310709	0.001179	11.789753	3.994477	-0.094662
 772	3.8550e-01	9.1923	1.638386	-0.000816	-8.162137	-2.765407	0.065535
 773	3.8600e-01	9.1425	1.419935	0.000544	5.441425	1.843605	-0.043690
 774	3.8650e-01	9.1104	1.237892	0.000453	4.534520	1.536337	-0.036409
 775	3.8700e-01	9.0607	0.983032	0.000635	6.348329	2.150872	-0.050972
 776	3.8750e-01	9.0286	1.419935	-0.001088	-10.882849	-3.687209	0.087381
 777	3.8800e-01	8.9677	0.618946	0.001995	19.951890	6.759883	-0.160198
 778	3.8850e-01	8.9548	0.910214	-0.000726	-7.255233	-2.458139	0.058254
 779	3.8900e-01	8.8971	1.165074	-0.000635	-6.348329	-2.150872	0.050972
 780	3.8950e-01	8.8522	0.691763	0.001179	11.789753	3.994477	-0.094662
 781	3.9000e-01	8.8217	0.728172	-0.000091	-0.906904	-0.307267	0.007282
 782	3.9050e-01	8.7960	0.582537	0.000363	3.627616	1.229070	-0.029127
 783	3.9100e-01	8.7318	0.946623	-0.000907	-9.069041	-3.072674	0.072817
 784	3.9150e-01	8.7190	0.655354	0.000726	7.255233	2.458139	-0.058254
 785	3.9200e-01	8.6596	0.473312	0.000453	4.534520	1.536337	-0.036409
 786	3.9250e-01	8.6420	0.655354	-0.000453	-4.534520	-1.536337	0.036409
 787	3.9300e-01	8.5875	0.546129	0.000272	2.720712	0.921802	-0.021845
 788	3.9350e-01	8.5474	0.145634	0.000998	9.975945	3.379942	-0.080099
 789	3.9400e-01	8.5089	0.436903	-0.000726	-7.255233	-2.458139	0.058254
 790	3.9450e-01	8.4559	0.364086	0.000181	1.813808	0.614535	-0.014563
 791	3.9500e-01	8.4206	0.072817	0.000726	7.255233	2.458139	-0.058254
 792	3.9550e-01	8.3950	0.400494	-0.000816	-8.162137	-2.765407	0.065535
 793	3.9600e-01	8.3452	0.000000	0.000998	9.975945	3.379942	-0.080099
 794	3.9650e-01	8.3035	0.109226	-0.000272	-2.720712	-0.921802	0.021845
 795	3.9700e-01	8.2554	-0.254860	0.000907	9.069041	3.072674	-0.072817
 796	3.9750e-01	8.2265	0.072817	-0.000816	-8.162137	-2.765407	0.065535
 797	3.9800e-01	8.2073	-0.145634	0.000544	5.441425	1.843605	-0.043690
 798	3.9850e-01	8.1286	-0.436903	0.000726	7.255233	2.458139	-0.058254
 799	3.9900e-01	8.0966	-0.072817	-0.000907	-9.069041	-3.072674	0.072817
 800	3.9950e-01	8.0869	-0.254860	0.000453	4.534520	1.536337	-0.036409
 801	4.0000e-01	8.0180	-0.436903	0.000453	4.534520	1.536337	-0.036409
 802	4.0050e-01	7.9827	0.254860	-0.001723	-17.231178	-5.838081	0.138353
 803	4.0100e-01	7.9377	-0.582537	0.002086	20.858794	7.067151	-0.167479
 804	4.0150e-01	7.8960	-0.764580	0.000453	4.534520	1.536337	-0.036409
 805	4.0200e-01	7.8752	-0.364086	-0.000998	-9.975945	-3.379942	0.080099
 806	4.0250e-01	7.8158	-0.618946	0.000635	6.348329	2.150872	-0.050972
 807	4.0300e-01	7.7757	-0.364086	-0.000635	-6.348329	-2.150872	0.050972
 808	4.0350e-01	7.7340	-1.237892	0.002177	21.765698	7.374418	-0.174761
 809	4.0400e-01	7.7164	-0.764580	-0.001179	-11.789753	-3.994477	0.094662
 810	4.0450e-01	7.6522	-0.873806	0.000272	2.720712	0.921802	-0.021845
 811	4.0500e-01	7.6265	-0.691763	-0.000453	-4.534520	-1.536337	0.036409
 812	4.0550e-01	7.5816	-1.019440	0.000816	8.162137	2.765407	-0.065535
 813	4.0600e-01	7.5399	-0.983032	-0.000091	-0.906904	-0.307267	0.007282
 814	4.0650e-01	7.5062	-1.055849	0.000181	1.813808	0.614535	-0.014563
 815	4.0700e-01	7.4709	-1.092257	0.000091	0.906904	0.307267	-0.007282
 816	4.0750e-01	7.4116	-1.165074	0.000181	1.813808	0.614535	-0.014563
 817	4.0800e-01	7.3923	-1.201483	0.000091	0.906904	0.307267	-0.007282
 818	4.0850e-01	7.3329	-1.128666	-0.000181	-1.813808	-0.614535	0.014563
 819	4.0900e-01	7.3009	-1.638386	0.001270	12.696657	4.301744	-0.101944
 820	4.0950e-01	7.2656	-1.019440	-0.001542	-15.417370	-5.223546	0.123789
 821	4.1000e-01	7.2207	-1.347117	0.000816	8.162137	2.765407	-0.065535
 822	4.1050e-01	7.1613	-1.492752	0.000363	3.627616	1.229070	-0.029127
 823	4.1100e-01	7.1372	-1.383526	-0.000272	-2.720712	-0.921802	0.021845
 824	4.1150e-01	7.0923	-1.347117	-0.000091	-0.906904	-0.307267	0.007282
 825	4.1200e-01	7.0811	-1.456343	0.000272	2.720712	0.921802	-0.021845
 826	4.1250e-01	7.0121	-1.601977	0.000363	3.627616	1.229070	-0.029127
 827	4.1300e-01	6.9848	-1.784020	0.000453	4.534520	1.536337	-0.036409
 828	4.1350e-01	6.9495	-1.711203	-0.000181	-1.813808	-0.614535	0.014563
 829	4.1400e-01	6.8886	-2.038880	0.000816	8.162137	2.765407	-0.065535
 830	4.1450e-01	6.8725	-1.893246	-0.000363	-3.627616	-1.229070	0.029127
 831	4.1500e-01	6.8244	-2.293740	0.000998	9.975945	3.379942	-0.080099
 832	4.1550e-01	6.7875	-2.111697	-0.000453	-4.534520	-1.536337	0.036409
 833	4.1600e-01	6.7474	-1.820429	-0.000726	-7.255233	-2.458139	0.058254
 834	4.1650e-01	6.7330	-2.257332	0.001088	10.882849	3.687209	-0.087381
 835	4.1700e-01	6.6576	-2.075289	-0.000453	-4.534520	-1.536337	0.036409
 836	4.1750e-01	6.6110	-2.694235	0.001542	15.417370	5.223546	-0.123789
 837	4.1800e-01	6.5950	-2.257332	-0.001088	-10.882849	-3.687209	0.087381
 838	4.1850e-01	6.5421	-2.475783	0.000544	5.441425	1.843605	-0.043690
 839	4.1900e-01	6.4971	-2.730643	0.000635	6.348329	2.150872	-0.050972
 840	4.1950e-01	6.5004	-2.585009	0.000363	3.627616	1.229070	0.029127
 841	4.2000e-01	6.4153	-2.512192	-0.000181	-1.813808	-0.614535	0.014563
 842	4.2050e-01	6.3897	-2.839869	0.000816	8.162137	2.765407	-0.065535
 843	4.2100e-01	6.3479	-3.058320	0.000544	5.441425	1.843605	-0.043690
 844	4.2150e-01	6.3014	-2.548600	-0.001270	-12.696657	-4.301744	0.101944
 845	4.2200e-01	6.2549	-2.803460	0.000635	6.348329	2.150872	-0.050972
 846	4.2250e-01	6.2244	-2.876278	0.000181	1.813808	0.614535	-0.014563
 847	4.2300e-01	6.1891	-2.730643	-0.000363	-3.627616	-1.229070	0.029127
 848	4.2350e-01	6.1426	-3.203955	0.001179	11.789753	3.994477	-0.094662
 849	4.2400e-01	6.1137	-3.313181	0.000272	2.720712	0.921802	-0.021845
 850	4.2450e-01	6.0464	-3.021912	-0.000726	-7.255233	-2.458139	0.058254
 851	4.2500e-01	6.0367	-3.203955	0.000453	4.534520	1.536337	-0.036409
 852	4.2550e-01	5.9645	-3.313181	0.000272	2.720712	0.921802	-0.021845
 853	4.2600e-01	5.9565	-3.240363	-0.000181	-1.813808	-0.614535	0.014563
 854	4.2650e-01	5.8923	-3.349589	0.000272	2.720712	0.921802	-0.021845
 855	4.2700e-01	5.8779	-3.604449	0.000635	6.348329	2.150872	-0.050972
 856	4.2750e-01	5.8186	-3.385998	-0.000544	-5.441425	-1.843605	0.043690
 857	4.2800e-01	5.7768	-3.786492	0.000998	9.975945	3.379942	-0.080099
 858	4.2850e-01	5.7512	-3.677266	-0.000272	-2.720712	-0.921802	0.021845
 859	4.2900e-01	5.7255	-3.240363	-0.001088	-10.882849	-3.687209	0.087381
 860	4.2950e-01	5.6517	-3.968535	0.001814	18.138082	6.145348	-0.145634
 861	4.3000e-01	5.6244	-3.822901	-0.000363	-3.627616	-1.229070	0.029127
 862	4.3050e-01	5.5843	-4.041352	0.000544	5.441425	1.843605	-0.043690
 863	4.3100e-01	5.5282	-4.186986	0.000363	3.627616	1.229070	-0.029127
 864	4.3150e-01	5.5057	-3.932126	-0.000635	-6.348329	-2.150872	0.050972
 865	4.3200e-01	5.4496	-3.786492	-0.000363	-3.627616	-1.229070	0.029127
 866	4.3250e-01	5.4223	-4.150578	0.000907	9.069041	3.072674	-0.072817
 867	4.3300e-01	5.3902	-4.514664	0.000907	9.069041	3.072674	-0.072817
 868	4.3350e-01	5.3244	-4.332621	-0.000453	-4.534520	-1.536337	0.036409
 869	4.3400e-01	5.3116	-4.551072	0.000544	5.441425	1.843605	-0.043690
 870	4.3450e-01	5.2779	-4.223395	-0.000816	-8.162137	-2.765407	0.065535
 871	4.3500e-01	5.2490	-4.259804	0.000091	0.906904	0.307267	-0.007282
 872	4.3550e-01	5.1785	-4.186986	-0.000181	-1.813808	-0.614535	0.014563
 873	4.3600e-01	5.1512	-4.405438	0.000544	5.441425	1.843605	-0.043690
 874	4.3650e-01	5.0999	-4.805932	0.000998	9.975945	3.379942	-0.080099
 875	4.3700e-01	5.0662	-4.623889	-0.000453	-4.534520	-1.536337	0.036409
 876	4.3750e-01	5.0469	-4.951566	0.000816	8.162137	2.765407	-0.065535
 877	4.3800e-01	4.9860	-4.551072	-0.000998	-9.975945	-3.379942	0.080099
 878	4.3850e-01	4.9426	-4.623889	0.000181	1.813808	0.614535	-0.014563
 879	4.3900e-01	4.9041	-5.060792	0.001088	10.882849	3.687209	-0.087381
 880	4.3950e-01	4.8640	-5.315652	0.000635	6.348329	2.150872	-0.050972
 881	4.4000e-01	4.8255	-5.024384	-0.000726	-7.255233	-2.458139	0.058254
 882	4.4050e-01	4.7902	-5.424878	0.000998	9.975945	3.379942	-0.080099
 883	4.4100e-01	4.7469	-5.024384	-0.000998	-9.975945	-3.379942	0.080099
 884	4.4150e-01	4.6988	-5.570512	0.001360	13.603561	4.609011	-0.109226
 885	4.4200e-01	4.6795	-5.315652	-0.000635	-6.348329	-2.150872	0.050972
 886	4.4250e-01	4.6186	-5.825372	0.001270	12.696657	4.301744	-0.101944
 887	4.4300e-01	4.5849	-5.570512	-0.000635	-6.348329	-2.150872	0.050972
 888	4.4350e-01	4.5560	-5.716147	0.000363	3.627616	1.229070	-0.029127
 889	4.4400e-01	4.4886	-5.534104	-0.000453	-4.534520	-1.536337	0.036409
 890	4.4450e-01	4.4662	-5.679738	0.000363	3.627616	1.229070	-0.029127
 891	4.4500e-01	4.4293	-5.352061	-0.000816	-8.162137	-2.765407	0.065535
 892	4.4550e-01	4.3972	-5.534104	0.000453	4.534520	1.536337	-0.036409
 893	4.4600e-01	4.3443	-5.752555	0.000544	5.441425	1.843605	-0.043690
 894	4.4650e-01	4.2849	-6.116641	0.000907	9.069041	3.072674	-0.072817
 895	4.4700e-01	4.2576	-6.335092	0.000544	5.441425	1.843605	-0.043690
 896	4.4750e-01	4.2384	-6.153050	-0.000453	-4.534520	-1.536337	0.036409
 897	4.4800e-01	4.1951	-6.153050	-0.000000	-0.000000	-0.000000	0.000000
 898	4.4850e-01	4.1534	-6.080232	-0.000181	-1.813808	-0.614535	0.014563
 899	4.4900e-01	4.0972	-6.189458	0.000272	2.720712	0.921802	-0.021845
 900	4.4950e-01	4.0796	-6.553544	0.000907	9.069041	3.072674	-0.072817
 901	4.5000e-01	4.0202	-6.553544	-0.000000	-0.000000	-0.000000	0.000000
 902	4.5050e-01	3.9865	-6.371501	-0.000453	-4.534520	-1.536337	0.036409
 903	4.5100e-01	3.9432	-6.480727	0.000272	2.720712	0.921802	-0.021845
 904	4.5150e-01	3.8999	-6.699178	0.000544	5.441425	1.843605	-0.043690
 905	4.5200e-01	3.8566	-6.662770	-0.000091	-0.906904	-0.307267	0.007282
 906	4.5250e-01	3.8421	-6.480727	-0.000453	-4.534520	-1.536337	0.036409
 907	4.5300e-01	3.7507	-7.245307	0.001904	19.044986	6.452616	-0.152916
 908	4.5350e-01	3.7363	-6.699178	-0.001360	-13.603561	-4.609011	0.109226
 909	4.5400e-01	3.7058	-7.026855	0.000816	8.162137	2.765407	-0.065535
 910	4.5450e-01	3.6753	-6.954038	-0.000181	-1.813808	-0.614535	0.014563
 911	4.5500e-01	3.6143	-7.136081	0.000453	4.534520	1.536337	-0.036409
 912	4.5550e-01	3.5726	-7.063264	-0.000181	-1.813808	-0.614535	0.014563
 913	4.5600e-01	3.5357	-7.281715	0.000544	5.441425	1.843605	-0.043690
 914	4.5650e-01	3.5117	-7.136081	-0.000363	-3.627616	-1.229070	0.029127
 915	4.5700e-01	3.4619	-7.390941	0.000635	6.348329	2.150872	-0.050972
 916	4.5750e-01	3.4186	-7.245307	-0.000363	-3.627616	-1.229070	0.029127
 917	4.5800e-01	3.3849	-7.318124	0.000181	1.813808	0.614535	-0.014563
 918	4.5850e-01	3.3496	-7.682210	0.000907	9.069041	3.072674	-0.072817
 919	4.5900e-01	3.3031	-7.500167	-0.000453	-4.534520	-1.536337	0.036409
 920	4.5950e-01	3.2598	-7.682210	0.000453	4.534520	1.536337	-0.036409
 921	4.6000e-01	3.2357	-7.900661	0.000544	5.441425	1.843605	-0.043690
 922	4.6050e-01	3.2037	-7.572984	-0.000816	-8.162137	-2.765407	0.065535
 923	4.6100e-01	3.1379	-7.645801	0.000181	1.813808	0.614535	-0.014563
 924	4.6150e-01	3.0914	-8.046296	0.000998	9.975945	3.379942	-0.080099
 925	4.6200e-01	3.0657	-7.864253	-0.000453	-4.534520	-1.536337	0.036409
 926	4.6250e-01	3.0192	-7.755027	-0.000272	-2.720712	-0.921802	0.021845
 927	4.6300e-01	2.9855	-7.864253	0.000272	2.720712	0.921802	-0.021845
 928	4.6350e-01	2.9374	-8.082704	0.000544	5.441425	1.843605	-0.043690
 929	4.6400e-01	2.9021	-8.592424	0.001270	12.696657	4.301744	-0.101944
 930	4.6450e-01	2.8652	-8.264747	-0.000816	-8.162137	-2.765407	0.065535
 931	4.6500e-01	2.8154	-8.628833	0.000907	9.069041	3.072674	-0.072817
 932	4.6550e-01	2.7769	-8.191930	-0.001088	-10.882849	-3.687209	0.087381
 933	4.6600e-01	2.7272	-8.337564	0.000363	3.627616	1.229070	-0.029127
 934	4.6650e-01	2.7031	-8.628833	0.000726	7.255233	2.458139	-0.058254
 935	4.6700e-01	2.6710	-8.701650	0.000181	1.813808	0.614535	-0.014563
 936	4.6750e-01	2.6261	-8.519607	-0.000453	-4.534520	-1.536337	0.036409
 937	4.6800e-01	2.5668	-8.774467	0.000635	6.348329	2.150872	-0.050972
 938	4.6850e-01	2.5411	-8.701650	-0.000181	-1.813808	-0.614535	0.014563
 939	4.6900e-01	2.5090	-9.284187	0.001451	14.510465	4.916279	-0.116507
 940	4.6950e-01	2.4721	-9.466230	0.000453	4.534520	1.536337	-0.036409
 941	4.7000e-01	2.4384	-9.502639	0.000091	0.906904	0.307267	-0.007282
 942	4.7050e-01	2.3823	-9.393413	-0.000272	-2.720712	-0.921802	0.021845
 943	4.7100e-01	2.3454	-9.247779	-0.000363	-3.627616	-1.229070	0.029127
 944	4.7150e-01	2.3101	-9.393413	0.000363	3.627616	1.229070	-0.029127
 945	4.7200e-01	2.2748	-9.393413	-0.000000	-0.000000	-0.000000	0.000000
 946	4.7250e-01	2.2379	-9.502639	0.000272	2.720712	0.921802	-0.021845
 947	4.7300e-01	2.1737	-9.684681	0.000453	4.534520	1.536337	-0.036409
 948	4.7350e-01	2.1497	-9.575456	-0.000272	-2.720712	-0.921802	0.021845
 949	4.7400e-01	2.0999	-9.866724	0.000726	7.255233	2.458139	-0.058254
 950	4.7450e-01	2.0679	-9.648273	-0.000544	-5.441425	-1.843605	0.043690
 951	4.7500e-01	2.0085	-9.866724	0.000544	5.441425	1.843605	-0.043690
 952	4.7550e-01	1.9909	-9.975950	0.000272	2.720712	0.921802	-0.021845
 953	4.7600e-01	1.9347	-9.866724	-0.000272	-2.720712	-0.921802	0.021845
 954	4.7650e-01	1.9155	-10.303627	0.001088	10.882849	3.687209	-0.087381
 955	4.7700e-01	1.8673	-9.830316	-0.001179	-11.789753	-3.994477	0.094662
 956	4.7750e-01	1.7983	-10.303627	0.001179	11.789753	3.994477	-0.094662
 957	4.7800e-01	1.7855	-10.121584	-0.000453	-4.534520	-1.536337	0.036409
 958	4.7850e-01	1.7390	-10.376444	0.000635	6.348329	2.150872	-0.050972
 959	4.7900e-01	1.7117	-10.303627	-0.000181	-1.813808	-0.614535	0.014563
 960	4.7950e-01	1.6700	-10.667713	0.000907	9.069041	3.072674	-0.072817
 961	4.8000e-01	1.6331	-10.594896	-0.000181	-1.813808	-0.614535	0.014563
 962	4.8050e-01	1.5754	-10.886165	0.000726	7.255233	2.458139	-0.058254
 963	4.8100e-01	1.5465	-10.704122	-0.000453	-4.534520	-1.536337	0.036409
 964	4.8150e-01	1.4935	-10.667713	-0.000091	-0.906904	-0.307267	0.007282
 965	4.8200e-01	1.4582	-11.250250	0.001451	14.510465	4.916279	-0.116507
 966	4.8250e-01	1.4358	-10.995390	-0.000635	-6.348329	-2.150872	0.050972
 967	4.8300e-01	1.3957	-11.250250	0.000635	6.348329	2.150872	-0.050972
 968	4.8350e-01	1.3588	-10.886165	-0.000907	-9.069041	-3.072674	0.072817
 969	4.8400e-01	1.2978	-11.468702	0.001451	14.510465	4.916279	-0.116507
 970	4.8450e-01	1.2577	-11.286659	-0.000453	-4.534520	-1.536337	0.036409
 971	4.8500e-01	1.2160	-11.432293	0.000363	3.627616	1.229070	-0.029127
 972	4.8550e-01	1.2064	-11.614336	0.000453	4.534520	1.536337	-0.036409
 973	4.8600e-01	1.1502	-11.614336	-0.000000	-0.000000	-0.000000	0.000000
 974	4.8650e-01	1.1326	-11.650745	0.000091	0.906904	0.307267	-0.007282
 975	4.8700e-01	1.0540	-11.796379	0.000363	3.627616	1.229070	-0.029127
 976	4.8750e-01	1.0283	-11.286659	-0.001270	-12.696657	-4.301744	0.101944
 977	4.8800e-01	0.9706	-11.832788	0.001360	13.603561	4.609011	-0.109226
 978	4.8850e-01	0.9369	-12.269690	0.001088	10.882849	3.687209	-0.087381
 979	4.8900e-01	0.9096	-11.505110	-0.001904	-19.044986	-6.452616	0.152916
 980	4.8950e-01	0.8663	-12.524550	0.002539	25.393315	8.603488	-0.203888
 981	4.9000e-01	0.8342	-12.233282	-0.000726	-7.255233	-2.458139	0.058254
 982	4.9050e-01	0.7877	-12.051239	-0.000453	-4.534520	-1.536337	0.036409
 983	4.9100e-01	0.7428	-12.378916	0.000816	8.162137	2.765407	-0.065535
 984	4.9150e-01	0.6994	-12.014830	-0.000907	-9.069041	-3.072674	0.072817
 985	4.9200e-01	0.6577	-12.524550	0.001270	12.696657	4.301744	-0.101944
 986	4.9250e-01	0.6224	-12.524550	-0.000000	-0.000000	-0.000000	0.000000
 987	4.9300e-01	0.5775	-12.706593	0.000453	4.534520	1.536337	-0.036409
 988	4.9350e-01	0.5583	-12.743002	0.000091	0.906904	0.307267	-0.007282
 989	4.9400e-01	0.4941	-13.070679	0.000816	8.162137	2.765407	-0.065535
 990	4.9450e-01	0.4604	-12.597368	-0.001179	-11.789753	-3.994477	0.094662
 991	4.9500e-01	0.4235	-13.471173	0.002177	21.765698	7.374418	-0.174761
 992	4.9550e-01	0.3866	-13.070679	-0.000998	-9.975945	-3.379942	0.080099
 993	4.9600e-01	0.3577	-13.398356	0.000816	8.162137	2.765407	-0.065535
 994	4.9650e-01	0.3160	-13.216313	-0.000453	-4.534520	-1.536337	0.036409
 995	4.9700e-01	0.2647	-13.434765	0.000544	5.441425	1.843605	-0.043690
 996	4.9750e-01	0.2182	-13.398356	-0.000091	-0.906904	-0.307267	0.007282
 997	4.9800e-01	0.2069	-13.143496	-0.000635	-6.348329	-2.150872	0.050972
 998	4.9850e-01	0.1749	-13.580399	0.001088	10.882849	3.687209	-0.087381
 999	4.9900e-01	0.0979	-13.689625	0.000272	2.720712	0.921802	-0.021845
1000	4.9950e-01	0.0658	-13.689625	-0.000000	-0.000000	-0.000000	0.000000
1001	5.0000e-01	0.0449	-13.507582	-0.000000	-0.000000	-0.000000	0.036409

PMax (uC/cm2):	2.91e+01
Pr (uC/cm2):	1.13e+00
-Pr (uC/cm2):	0.00e+00
PLoss (uC/cm2):	0.00e+00
C (Max-Eff) (nF):	1.45e-01
K (Eff):	4.93e+02
Vert. (+/-Pr) Shift (uC/cm2):	5.64e-01
Offset (uC/cm2):	1.46e+01

A (Loop Area - uC/cm2·Volts):	4.64e-01



Hysteresis Version: 5.48.1 - Radiant Technologies, Inc., 1999 - 9/12/24

