»»»»»»»»»»»»»»»»»»»»»»»»»»»»»»»»»»»» Hysteresis ««««««««««««««««««««««««««««««««««««
»»»  Executed Version:	5.48.1
»»»  Vision Version:	5.48.4 (R)
»»»  Vision Compiled:	9/18/24
»»»  Driver Version:	5.47.0
»»»  Windows Version:	Windows 8 or 8.1
»»»  Processor Information:	x86 (AMD or Intel) - 32 Processors
»»»  Tester Name:	PMF21124-494 (100V)
»»»  Tester S/N:	PMF21124-494
»»»  Internal Amp Type:	100V RevK 270k
»»»  Internal Amp S/N:	iAB2-596/K     
»»»  Execution Count:	1
»»»»»»»»»»»»»»»»»»»»»»»»»»»»»»»»»»»»»»»»»»««««««««««««««««««««««««««««««««««««««««««

Stored:	10/8/2025 - 18:40:11
Configured:	10/08/25 04:22:59 PM
Executed:	10/08/25 06:39:30 PM

»»»»»»»»»»»»»»»»»»»»»»»»»»»»»»»»»»» Sample Info ««««««««««««««««««««««««««««««««««««
Sample Name:	Int. Ref. Ferroelectric
Lot Name:	N/A
Wafer Name:	N/A
Die Row/Column:	0/0
Capacitor Number:	0
Sample Area (cm2):	1.00e-04
Sample Thickness (microns):	3.00e-01

Amplifier:	Internal

»»»»»»»»»»»»»»»»»»»»»»»»»»»»»»»»»»» Tester Info «««««««««««««««««««««««««««««««««««
Tester Name:	PMF21124-494 (100V)
Tester Serial Number:	PMF21124-494
Return Signal Amp. Level:	0.02 [Index: 2]

»»»»»»»»»»»»»»»»»»»»»»»»»»»»»»»» Hysteresis Info ««««««««««««««««««««««««««««««««««
Task Name:	Hyste-8
Volts:	20.00
Field:	666.67 (kV/cm)
DCBias:	0.00
DCField:	0.00 (kV/cm)
Hysteresis Period (ms):	5.00e-01
Preset:	Enabled
Preset Delay (ms):	1.00e+03
Profile:	Standard Monopolar

»»»»»»»»»»»»»»»»»»»»»»»»»»»»»»»»»»»»»» Data «««««««««««««««««««««««««««««««««««««««
Points:	1001

Valid Data

Point	Time (ms)	Drive Voltage	Measured Polarization (uC/cm2)	Capacitance (uF)	Normalized Capacitance (uF/cm2)	Dielectric Constant	Instantaneous Current (mA)
   1	0.0000e+00	0.0481	-19.988309	0.000000	0.000000	0.000000	0.000000
   2	5.0000e-04	0.0882	-19.988309	0.000000	0.000000	0.000000	0.000000
   3	1.0000e-03	0.1235	-19.842674	0.000361	3.614107	1.224493	0.029127
   4	1.5000e-03	0.1652	-20.097534	-0.000632	-6.324687	-2.142862	-0.050972
   5	2.0000e-03	0.1989	-19.624223	0.001175	11.745848	3.979601	0.094662
   6	2.5000e-03	0.2374	-19.733449	-0.000271	-2.710580	-0.918369	-0.021845
   7	3.0000e-03	0.2759	-19.442180	0.000723	7.228214	2.448985	0.058254
   8	3.5000e-03	0.2984	-19.551406	-0.000271	-2.710580	-0.918369	-0.021845
   9	4.0000e-03	0.3658	-19.260137	0.000723	7.228214	2.448985	0.058254
  10	4.5000e-03	0.3930	-19.624223	-0.000904	-9.035267	-3.061231	-0.072817
  11	5.0000e-03	0.4380	-19.005277	0.001536	15.359955	5.204093	0.123789
  12	5.5000e-03	0.4973	-19.223729	-0.000542	-5.421160	-1.836739	-0.043690
  13	6.0000e-03	0.5214	-18.896051	0.000813	8.131741	2.755108	0.065535
  14	6.5000e-03	0.5663	-18.714009	0.000452	4.517634	1.530616	0.036409
  15	7.0000e-03	0.6064	-18.677600	0.000090	0.903527	0.306123	0.007282
  16	7.5000e-03	0.6337	-18.641191	0.000090	0.903527	0.306123	0.007282
  17	8.0000e-03	0.6866	-18.422740	0.000542	5.421160	1.836739	0.043690
  18	8.5000e-03	0.7412	-18.568374	-0.000361	-3.614107	-1.224493	-0.029127
  19	9.0000e-03	0.7299	-18.386331	-0.000452	-4.517634	-1.530616	0.036409
  20	9.5000e-03	0.7829	-18.422740	-0.000090	-0.903527	-0.306123	-0.007282
  21	1.0000e-02	0.8390	-18.531966	-0.000271	-2.710580	-0.918369	-0.021845
  22	1.0500e-02	0.8695	-17.949428	0.001446	14.456428	4.897970	0.116507
  23	1.1000e-02	0.9240	-17.985837	-0.000090	-0.903527	-0.306123	-0.007282
  24	1.1500e-02	0.9641	-17.658160	0.000813	8.131741	2.755108	0.065535
  25	1.2000e-02	1.0059	-18.240697	-0.001446	-14.456428	-4.897970	-0.116507
  26	1.2500e-02	1.0315	-17.294074	0.002349	23.491695	7.959202	0.189325
  27	1.3000e-02	1.0700	-17.585343	-0.000723	-7.228214	-2.448985	-0.058254
  28	1.3500e-02	1.1358	-17.330483	0.000632	6.324687	2.142862	0.050972
  29	1.4000e-02	1.1743	-17.294074	0.000090	0.903527	0.306123	0.007282
  30	1.4500e-02	1.2096	-17.548934	-0.000632	-6.324687	-2.142862	-0.050972
  31	1.5000e-02	1.2545	-17.148440	0.000994	9.938794	3.367355	0.080099
  32	1.5500e-02	1.2834	-17.075623	0.000181	1.807053	0.612246	0.014563
  33	1.6000e-02	1.3058	-16.675128	0.000994	9.938794	3.367355	0.080099
  34	1.6500e-02	1.3620	-17.075623	-0.000994	-9.938794	-3.367355	-0.080099
  35	1.7000e-02	1.3941	-16.602311	0.001175	11.745848	3.979601	0.094662
  36	1.7500e-02	1.4262	-16.747945	-0.000361	-3.614107	-1.224493	-0.029127
  37	1.8000e-02	1.4903	-16.529494	0.000542	5.421160	1.836739	0.043690
  38	1.8500e-02	1.5369	-16.274634	0.000632	6.324687	2.142862	0.050972
  39	1.9000e-02	1.5609	-16.347451	-0.000181	-1.807053	-0.612246	-0.014563
  40	1.9500e-02	1.6058	-16.165408	0.000452	4.517634	1.530616	0.036409
  41	2.0000e-02	1.6347	-15.874140	0.000723	7.228214	2.448985	0.058254
  42	2.0500e-02	1.6540	-16.129000	-0.000632	-6.324687	-2.142862	-0.050972
  43	2.1000e-02	1.7246	-15.874140	0.000632	6.324687	2.142862	0.050972
  44	2.1500e-02	1.7374	-15.546462	0.000813	8.131741	2.755108	0.065535
  45	2.2000e-02	1.7935	-15.874140	-0.000813	-8.131741	-2.755108	-0.065535
  46	2.2500e-02	1.8048	-15.655688	0.000542	5.421160	1.836739	0.043690
  47	2.3000e-02	1.8786	-15.764914	-0.000271	-2.710580	-0.918369	-0.021845
  48	2.3500e-02	1.9411	-15.510054	0.000632	6.324687	2.142862	0.050972
  49	2.4000e-02	1.9588	-15.400828	0.000271	2.710580	0.918369	0.021845
  50	2.4500e-02	2.0261	-15.473645	-0.000181	-1.807053	-0.612246	-0.014563
  51	2.5000e-02	2.0663	-15.073151	0.000994	9.938794	3.367355	0.080099
  52	2.5500e-02	2.0598	-15.109559	0.000090	0.903527	0.306123	-0.007282
  53	2.6000e-02	2.1048	-15.036742	0.000181	1.807053	0.612246	0.014563
  54	2.6500e-02	2.1384	-14.672657	0.000904	9.035267	3.061231	0.072817
  55	2.7000e-02	2.1930	-14.854699	-0.000452	-4.517634	-1.530616	-0.036409
  56	2.7500e-02	2.2572	-14.636248	0.000542	5.421160	1.836739	0.043690
  57	2.8000e-02	2.2973	-14.454205	0.000452	4.517634	1.530616	0.036409
  58	2.8500e-02	2.3229	-14.381388	0.000181	1.807053	0.612246	0.014563
  59	2.9000e-02	2.3454	-14.162936	0.000542	5.421160	1.836739	0.043690
  60	2.9500e-02	2.4031	-14.636248	-0.001175	-11.745848	-3.979601	-0.094662
  61	3.0000e-02	2.4240	-13.908076	0.001807	18.070535	6.122463	0.145634
  62	3.0500e-02	2.4753	-14.235754	-0.000813	-8.131741	-2.755108	-0.065535
  63	3.1000e-02	2.4978	-13.835259	0.000994	9.938794	3.367355	0.080099
  64	3.1500e-02	2.5604	-13.798851	0.000090	0.903527	0.306123	0.007282
  65	3.2000e-02	2.5924	-13.944485	-0.000361	-3.614107	-1.224493	-0.029127
  66	3.2500e-02	2.6566	-13.580399	0.000904	9.035267	3.061231	0.072817
  67	3.3000e-02	2.6871	-13.616808	-0.000090	-0.903527	-0.306123	-0.007282
  68	3.3500e-02	2.7304	-13.507582	0.000271	2.710580	0.918369	0.021845
  69	3.4000e-02	2.7609	-13.543991	-0.000090	-0.903527	-0.306123	-0.007282
  70	3.4500e-02	2.7946	-13.034271	0.001265	12.649374	4.285724	0.101944
  71	3.5000e-02	2.8315	-13.179905	-0.000361	-3.614107	-1.224493	-0.029127
  72	3.5500e-02	2.8555	-13.070679	0.000271	2.710580	0.918369	0.021845
  73	3.6000e-02	2.9261	-12.852228	0.000542	5.421160	1.836739	0.043690
  74	3.6500e-02	2.9694	-12.743002	0.000271	2.710580	0.918369	0.021845
  75	3.7000e-02	2.9935	-12.815819	-0.000181	-1.807053	-0.612246	-0.014563
  76	3.7500e-02	3.0272	-12.633776	0.000452	4.517634	1.530616	0.036409
  77	3.8000e-02	3.0946	-12.815819	-0.000452	-4.517634	-1.530616	-0.036409
  78	3.8500e-02	3.1250	-12.524550	0.000723	7.228214	2.448985	0.058254
  79	3.9000e-02	3.1619	-12.560959	-0.000090	-0.903527	-0.306123	-0.007282
  80	3.9500e-02	3.2101	-12.415325	0.000361	3.614107	1.224493	0.029127
  81	4.0000e-02	3.2662	-12.269690	0.000361	3.614107	1.224493	0.029127
  82	4.0500e-02	3.2630	-12.415325	0.000361	3.614107	1.224493	-0.029127
  83	4.1000e-02	3.3240	-11.650745	0.001897	18.974061	6.428586	0.152916
  84	4.1500e-02	3.3496	-11.832788	-0.000452	-4.517634	-1.530616	-0.036409
  85	4.2000e-02	3.4090	-11.687153	0.000361	3.614107	1.224493	0.029127
  86	4.2500e-02	3.4619	-12.051239	-0.000904	-9.035267	-3.061231	-0.072817
  87	4.3000e-02	3.4860	-11.687153	0.000904	9.035267	3.061231	0.072817
  88	4.3500e-02	3.5197	-11.323067	0.000904	9.035267	3.061231	0.072817
  89	4.4000e-02	3.5486	-11.213842	0.000271	2.710580	0.918369	0.021845
  90	4.4500e-02	3.6079	-11.577927	-0.000904	-9.035267	-3.061231	-0.072817
  91	4.5000e-02	3.6272	-11.359476	0.000542	5.421160	1.836739	0.043690
  92	4.5500e-02	3.6817	-11.177433	0.000452	4.517634	1.530616	0.036409
  93	4.6000e-02	3.7379	-11.286659	-0.000271	-2.710580	-0.918369	-0.021845
  94	4.6500e-02	3.7683	-10.958982	0.000813	8.131741	2.755108	0.065535
  95	4.7000e-02	3.8197	-11.104616	-0.000361	-3.614107	-1.224493	-0.029127
  96	4.7500e-02	3.8502	-10.740530	0.000904	9.035267	3.061231	0.072817
  97	4.8000e-02	3.8710	-10.849756	-0.000271	-2.710580	-0.918369	-0.021845
  98	4.8500e-02	3.9015	-10.886165	-0.000090	-0.903527	-0.306123	-0.007282
  99	4.9000e-02	3.9641	-10.558487	0.000813	8.131741	2.755108	0.065535
 100	4.9500e-02	3.9849	-10.667713	-0.000271	-2.710580	-0.918369	-0.021845
 101	5.0000e-02	4.0379	-10.194402	0.001175	11.745848	3.979601	0.094662
 102	5.0500e-02	4.0731	-10.522079	-0.000813	-8.131741	-2.755108	-0.065535
 103	5.1000e-02	4.1068	-10.267219	0.000632	6.324687	2.142862	0.050972
 104	5.1500e-02	4.1694	-10.012359	0.000632	6.324687	2.142862	0.050972
 105	5.2000e-02	4.2191	-9.721090	0.000723	7.228214	2.448985	0.058254
 106	5.2500e-02	4.2239	-9.939542	-0.000542	-5.421160	-1.836739	-0.043690
 107	5.3000e-02	4.2849	-9.648273	0.000723	7.228214	2.448985	0.058254
 108	5.3500e-02	4.2977	-9.866724	-0.000542	-5.421160	-1.836739	-0.043690
 109	5.4000e-02	4.3427	-9.393413	0.001175	11.745848	3.979601	0.094662
 110	5.4500e-02	4.4277	-9.611864	-0.000542	-5.421160	-1.836739	-0.043690
 111	5.5000e-02	4.4341	-9.684681	-0.000181	-1.807053	-0.612246	-0.014563
 112	5.5500e-02	4.4742	-9.393413	0.000723	7.228214	2.448985	0.058254
 113	5.6000e-02	4.5127	-9.138553	0.000632	6.324687	2.142862	0.050972
 114	5.6500e-02	4.5512	-9.502639	-0.000904	-9.035267	-3.061231	-0.072817
 115	5.7000e-02	4.6009	-9.029327	0.001175	11.745848	3.979601	0.094662
 116	5.7500e-02	4.6330	-9.138553	-0.000271	-2.710580	-0.918369	-0.021845
 117	5.8000e-02	4.6651	-8.956510	0.000452	4.517634	1.530616	0.036409
 118	5.8500e-02	4.7453	-8.665241	0.000723	7.228214	2.448985	0.058254
 119	5.9000e-02	4.7485	-8.628833	0.000090	0.903527	0.306123	0.007282
 120	5.9500e-02	4.8143	-8.446790	0.000452	4.517634	1.530616	0.036409
 121	6.0000e-02	4.8624	-8.738058	-0.000723	-7.228214	-2.448985	-0.058254
 122	6.0500e-02	4.8656	-8.701650	0.000090	0.903527	0.306123	0.007282
 123	6.1000e-02	4.9378	-8.556016	0.000361	3.614107	1.224493	0.029127
 124	6.1500e-02	4.9603	-8.264747	0.000723	7.228214	2.448985	0.058254
 125	6.2000e-02	5.0036	-8.264747	0.000000	0.000000	0.000000	0.000000
 126	6.2500e-02	5.0309	-8.337564	-0.000181	-1.807053	-0.612246	-0.014563
 127	6.3000e-02	5.0678	-8.009887	0.000813	8.131741	2.755108	0.065535
 128	6.3500e-02	5.1191	-8.264747	-0.000632	-6.324687	-2.142862	-0.050972
 129	6.4000e-02	5.1592	-7.900661	0.000904	9.035267	3.061231	0.072817
 130	6.4500e-02	5.1961	-7.536575	0.000904	9.035267	3.061231	0.072817
 131	6.5000e-02	5.2298	-7.791435	-0.000632	-6.324687	-2.142862	-0.050972
 132	6.5500e-02	5.2859	-7.645801	0.000361	3.614107	1.224493	0.029127
 133	6.6000e-02	5.3228	-7.609393	0.000090	0.903527	0.306123	0.007282
 134	6.6500e-02	5.3662	-7.318124	0.000723	7.228214	2.448985	0.058254
 135	6.7000e-02	5.4063	-7.572984	-0.000632	-6.324687	-2.142862	-0.050972
 136	6.7500e-02	5.4656	-7.136081	0.001084	10.842321	3.673478	0.087381
 137	6.8000e-02	5.4833	-7.172490	-0.000090	-0.903527	-0.306123	-0.007282
 138	6.8500e-02	5.5089	-6.990447	0.000452	4.517634	1.530616	0.036409
 139	6.9000e-02	5.5603	-7.281715	-0.000723	-7.228214	-2.448985	-0.058254
 140	6.9500e-02	5.6020	-6.444318	0.002078	20.781115	7.040832	0.167479
 141	7.0000e-02	5.6405	-7.063264	-0.001536	-15.359955	-5.204093	-0.123789
 142	7.0500e-02	5.6742	-6.917630	0.000361	3.614107	1.224493	0.029127
 143	7.1000e-02	5.7175	-6.553544	0.000904	9.035267	3.061231	0.072817
 144	7.1500e-02	5.7688	-6.444318	0.000271	2.710580	0.918369	0.021845
 145	7.2000e-02	5.8041	-6.517135	-0.000181	-1.807053	-0.612246	-0.014563
 146	7.2500e-02	5.8458	-6.189458	0.000813	8.131741	2.755108	0.065535
 147	7.3000e-02	5.8923	-6.371501	-0.000452	-4.517634	-1.530616	-0.036409
 148	7.3500e-02	5.9084	-5.971007	0.000994	9.938794	3.367355	0.080099
 149	7.4000e-02	5.9421	-6.153050	-0.000452	-4.517634	-1.530616	-0.036409
 150	7.4500e-02	6.0143	-5.934598	0.000542	5.421160	1.836739	0.043690
 151	7.5000e-02	6.0239	-5.861781	0.000181	1.807053	0.612246	0.014563
 152	7.5500e-02	6.0784	-6.007415	-0.000361	-3.614107	-1.224493	-0.029127
 153	7.6000e-02	6.0993	-6.007415	0.000000	0.000000	0.000000	0.000000
 154	7.6500e-02	6.1683	-5.861781	0.000361	3.614107	1.224493	0.029127
 155	7.7000e-02	6.2036	-5.643329	0.000542	5.421160	1.836739	0.043690
 156	7.7500e-02	6.2276	-6.043824	-0.000994	-9.938794	-3.367355	-0.080099
 157	7.8000e-02	6.2581	-5.424878	0.001536	15.359955	5.204093	0.123789
 158	7.8500e-02	6.3255	-5.315652	0.000271	2.710580	0.918369	0.021845
 159	7.9000e-02	6.3496	-5.643329	-0.000813	-8.131741	-2.755108	-0.065535
 160	7.9500e-02	6.4009	-5.024384	0.001536	15.359955	5.204093	0.123789
 161	8.0000e-02	6.4474	-5.133609	-0.000271	-2.710580	-0.918369	-0.021845
 162	8.0500e-02	6.4795	-5.060792	0.000181	1.807053	0.612246	0.014563
 163	8.1000e-02	6.4731	-4.878749	-0.000452	-4.517634	-1.530616	0.036409
 164	8.1500e-02	6.5661	-4.733115	0.000361	3.614107	1.224493	0.029127
 165	8.2000e-02	6.5758	-5.024384	-0.000723	-7.228214	-2.448985	-0.058254
 166	8.2500e-02	6.6367	-4.587481	0.001084	10.842321	3.673478	0.087381
 167	8.3000e-02	6.6736	-4.587481	0.000000	0.000000	0.000000	0.000000
 168	8.3500e-02	6.7314	-4.186986	0.000994	9.938794	3.367355	0.080099
 169	8.4000e-02	6.7586	-4.478255	-0.000723	-7.228214	-2.448985	-0.058254
 170	8.4500e-02	6.7875	-4.405438	0.000181	1.807053	0.612246	0.014563
 171	8.5000e-02	6.8324	-4.114169	0.000723	7.228214	2.448985	0.058254
 172	8.5500e-02	6.8918	-4.041352	0.000181	1.807053	0.612246	0.014563
 173	8.6000e-02	6.9255	-4.077761	-0.000090	-0.903527	-0.306123	-0.007282
 174	8.6500e-02	6.9367	-4.223395	-0.000361	-3.614107	-1.224493	-0.029127
 175	8.7000e-02	6.9832	-4.077761	0.000361	3.614107	1.224493	0.029127
 176	8.7500e-02	7.0346	-3.640858	0.001084	10.842321	3.673478	0.087381
 177	8.8000e-02	7.0522	-3.786492	-0.000361	-3.614107	-1.224493	-0.029127
 178	8.8500e-02	7.1228	-3.677266	0.000271	2.710580	0.918369	0.021845
 179	8.9000e-02	7.1677	-3.458815	0.000542	5.421160	1.836739	0.043690
 180	8.9500e-02	7.2046	-3.568041	-0.000271	-2.710580	-0.918369	-0.021845
 181	9.0000e-02	7.2495	-3.313181	0.000632	6.324687	2.142862	0.050972
 182	9.0500e-02	7.2720	-3.240363	0.000181	1.807053	0.612246	0.014563
 183	9.1000e-02	7.3105	-2.985503	0.000632	6.324687	2.142862	0.050972
 184	9.1500e-02	7.3666	-3.240363	-0.000632	-6.324687	-2.142862	-0.050972
 185	9.2000e-02	7.3987	-3.167546	0.000181	1.807053	0.612246	0.014563
 186	9.2500e-02	7.4597	-2.694235	0.001175	11.745848	3.979601	0.094662
 187	9.3000e-02	7.4886	-3.313181	-0.001536	-15.359955	-5.204093	-0.123789
 188	9.3500e-02	7.5239	-2.657826	0.001626	16.263481	5.510217	0.131071
 189	9.4000e-02	7.5527	-2.912686	-0.000632	-6.324687	-2.142862	-0.050972
 190	9.4500e-02	7.5816	-2.439375	0.001175	11.745848	3.979601	0.094662
 191	9.5000e-02	7.6217	-2.585009	-0.000361	-3.614107	-1.224493	-0.029127
 192	9.5500e-02	7.6875	-2.148106	0.001084	10.842321	3.673478	0.087381
 193	9.6000e-02	7.7115	-2.439375	-0.000723	-7.228214	-2.448985	-0.058254
 194	9.6500e-02	7.7677	-2.475783	-0.000090	-0.903527	-0.306123	-0.007282
 195	9.7000e-02	7.8030	-2.293740	0.000452	4.517634	1.530616	0.036409
 196	9.7500e-02	7.8463	-2.002472	0.000723	7.228214	2.448985	0.058254
 197	9.8000e-02	7.8800	-2.002472	0.000000	0.000000	0.000000	0.000000
 198	9.8500e-02	7.8960	-1.966063	0.000090	0.903527	0.306123	0.007282
 199	9.9000e-02	7.9602	-1.929655	0.000090	0.903527	0.306123	0.007282
 200	9.9500e-02	8.0196	-1.601977	0.000813	8.131741	2.755108	0.065535
 201	1.0000e-01	8.0677	-1.893246	-0.000723	-7.228214	-2.448985	-0.058254
 202	1.0050e-01	8.0998	-1.784020	0.000271	2.710580	0.918369	0.021845
 203	1.0100e-01	8.1158	-1.601977	0.000452	4.517634	1.530616	0.036409
 204	1.0150e-01	8.1527	-1.492752	0.000271	2.710580	0.918369	0.021845
 205	1.0200e-01	8.2105	-1.201483	0.000723	7.228214	2.448985	0.058254
 206	1.0250e-01	8.2458	-1.347117	-0.000361	-3.614107	-1.224493	-0.029127
 207	1.0300e-01	8.2827	-1.419935	-0.000181	-1.807053	-0.612246	-0.014563
 208	1.0350e-01	8.3147	-0.983032	0.001084	10.842321	3.673478	0.087381
 209	1.0400e-01	8.3468	-1.310709	-0.000813	-8.131741	-2.755108	-0.065535
 210	1.0450e-01	8.3917	-0.910214	0.000994	9.938794	3.367355	0.080099
 211	1.0500e-01	8.4351	-0.910214	0.000000	0.000000	0.000000	0.000000
 212	1.0550e-01	8.4752	-0.582537	0.000813	8.131741	2.755108	0.065535
 213	1.0600e-01	8.5281	-0.800989	-0.000542	-5.421160	-1.836739	-0.043690
 214	1.0650e-01	8.5570	-0.582537	0.000542	5.421160	1.836739	0.043690
 215	1.0700e-01	8.6019	-0.473312	0.000271	2.710580	0.918369	0.021845
 216	1.0750e-01	8.6580	-0.400494	0.000181	1.807053	0.612246	0.014563
 217	1.0800e-01	8.6869	-0.473312	-0.000181	-1.807053	-0.612246	-0.014563
 218	1.0850e-01	8.7334	-0.254860	0.000542	5.421160	1.836739	0.043690
 219	1.0900e-01	8.7479	-0.473312	-0.000542	-5.421160	-1.836739	-0.043690
 220	1.0950e-01	8.7944	-0.109226	0.000904	9.035267	3.061231	0.072817
 221	1.1000e-01	8.8441	-0.072817	0.000090	0.903527	0.306123	0.007282
 222	1.1050e-01	8.8746	-0.072817	0.000000	0.000000	0.000000	0.000000
 223	1.1100e-01	8.9211	0.036409	0.000271	2.710580	0.918369	0.021845
 224	1.1150e-01	8.9628	0.072817	0.000090	0.903527	0.306123	0.007282
 225	1.1200e-01	8.9885	0.182043	0.000271	2.710580	0.918369	0.021845
 226	1.1250e-01	9.0206	0.291269	0.000271	2.710580	0.918369	0.021845
 227	1.1300e-01	9.0784	0.618946	0.000813	8.131741	2.755108	0.065535
 228	1.1350e-01	9.1538	0.473312	-0.000361	-3.614107	-1.224493	-0.029127
 229	1.1400e-01	9.1570	0.691763	0.000542	5.421160	1.836739	0.043690
 230	1.1450e-01	9.1923	0.618946	-0.000181	-1.807053	-0.612246	-0.014563
 231	1.1500e-01	9.2516	0.837397	0.000542	5.421160	1.836739	0.043690
 232	1.1550e-01	9.3029	0.764580	-0.000181	-1.807053	-0.612246	-0.014563
 233	1.1600e-01	9.3414	0.837397	0.000181	1.807053	0.612246	0.014563
 234	1.1650e-01	9.3751	0.837397	0.000000	0.000000	0.000000	0.000000
 235	1.1700e-01	9.4040	1.310709	0.001175	11.745848	3.979601	0.094662
 236	1.1750e-01	9.4297	1.165074	-0.000361	-3.614107	-1.224493	-0.029127
 237	1.1800e-01	9.4746	0.800989	-0.000904	-9.035267	-3.061231	-0.072817
 238	1.1850e-01	9.5163	1.419935	0.001536	15.359955	5.204093	0.123789
 239	1.1900e-01	9.5580	1.237892	-0.000452	-4.517634	-1.530616	-0.036409
 240	1.1950e-01	9.6094	1.529160	0.000723	7.228214	2.448985	0.058254
 241	1.2000e-01	9.6366	1.310709	-0.000542	-5.421160	-1.836739	-0.043690
 242	1.2050e-01	9.6896	1.638386	0.000813	8.131741	2.755108	0.065535
 243	1.2100e-01	9.7377	1.711203	0.000181	1.807053	0.612246	0.014563
 244	1.2150e-01	9.7425	1.565569	-0.000361	-3.614107	-1.224493	-0.029127
 245	1.2200e-01	9.8003	1.638386	0.000181	1.807053	0.612246	0.014563
 246	1.2250e-01	9.8275	1.929655	0.000723	7.228214	2.448985	0.058254
 247	1.2300e-01	9.8789	1.966063	0.000090	0.903527	0.306123	0.007282
 248	1.2350e-01	9.9061	2.184515	0.000542	5.421160	1.836739	0.043690
 249	1.2400e-01	9.9495	1.929655	-0.000632	-6.324687	-2.142862	-0.050972
 250	1.2450e-01	9.9703	2.475783	0.001355	13.552901	4.591847	0.109226
 251	1.2500e-01	10.0200	2.257332	-0.000542	-5.421160	-1.836739	-0.043690
 252	1.2550e-01	10.0730	2.184515	-0.000181	-1.807053	-0.612246	-0.014563
 253	1.2600e-01	10.1420	2.293740	0.000271	2.710580	0.918369	0.021845
 254	1.2650e-01	10.1692	2.912686	0.001536	15.359955	5.204093	0.123789
 255	1.2700e-01	10.2142	2.585009	-0.000813	-8.131741	-2.755108	-0.065535
 256	1.2750e-01	10.2398	2.548600	-0.000090	-0.903527	-0.306123	-0.007282
 257	1.2800e-01	10.2767	2.657826	0.000271	2.710580	0.918369	0.021845
 258	1.2850e-01	10.3393	3.422406	0.001897	18.974061	6.428586	0.152916
 259	1.2900e-01	10.3489	2.694235	-0.001807	-18.070535	-6.122463	-0.145634
 260	1.2950e-01	10.4051	3.131138	0.001084	10.842321	3.673478	0.087381
 261	1.3000e-01	10.4259	3.131138	0.000000	0.000000	0.000000	0.000000
 262	1.3050e-01	10.4853	2.949095	-0.000452	-4.517634	-1.530616	-0.036409
 263	1.3100e-01	10.5141	3.568041	0.001536	15.359955	5.204093	0.123789
 264	1.3150e-01	10.5382	3.167546	-0.000994	-9.938794	-3.367355	-0.080099
 265	1.3200e-01	10.5944	3.640858	0.001175	11.745848	3.979601	0.094662
 266	1.3250e-01	10.6649	3.568041	-0.000181	-1.807053	-0.612246	-0.014563
 267	1.3300e-01	10.6986	3.640858	0.000181	1.807053	0.612246	0.014563
 268	1.3350e-01	10.7355	3.822901	0.000452	4.517634	1.530616	0.036409
 269	1.3400e-01	10.7468	3.822901	0.000000	0.000000	0.000000	0.000000
 270	1.3450e-01	10.8093	3.786492	-0.000090	-0.903527	-0.306123	-0.007282
 271	1.3500e-01	10.8478	4.004943	0.000542	5.421160	1.836739	0.043690
 272	1.3550e-01	10.8799	3.750083	-0.000632	-6.324687	-2.142862	-0.050972
 273	1.3600e-01	10.9296	3.895718	0.000361	3.614107	1.224493	0.029127
 274	1.3650e-01	10.9633	4.004943	0.000271	2.710580	0.918369	0.021845
 275	1.3700e-01	10.9986	4.405438	0.000994	9.938794	3.367355	0.080099
 276	1.3750e-01	11.0291	4.114169	-0.000723	-7.228214	-2.448985	-0.058254
 277	1.3800e-01	11.0708	4.114169	0.000000	0.000000	0.000000	0.000000
 278	1.3850e-01	11.1221	4.332621	0.000542	5.421160	1.836739	0.043690
 279	1.3900e-01	11.1671	4.405438	0.000181	1.807053	0.612246	0.014563
 280	1.3950e-01	11.2072	4.478255	0.000181	1.807053	0.612246	0.014563
 281	1.4000e-01	11.2360	4.587481	0.000271	2.710580	0.918369	0.021845
 282	1.4050e-01	11.2874	4.587481	0.000000	0.000000	0.000000	0.000000
 283	1.4100e-01	11.2954	4.842341	0.000632	6.324687	2.142862	0.050972
 284	1.4150e-01	11.3516	4.987975	0.000361	3.614107	1.224493	0.029127
 285	1.4200e-01	11.3901	5.060792	0.000181	1.807053	0.612246	0.014563
 286	1.4250e-01	11.4398	4.878749	-0.000452	-4.517634	-1.530616	-0.036409
 287	1.4300e-01	11.4526	4.987975	0.000271	2.710580	0.918369	0.021845
 288	1.4350e-01	11.5040	5.024384	0.000090	0.903527	0.306123	0.007282
 289	1.4400e-01	11.5649	5.024384	0.000000	0.000000	0.000000	0.000000
 290	1.4450e-01	11.6066	5.315652	0.000723	7.228214	2.448985	0.058254
 291	1.4500e-01	11.6467	5.279244	-0.000090	-0.903527	-0.306123	-0.007282
 292	1.4550e-01	11.6628	5.133609	-0.000361	-3.614107	-1.224493	-0.029127
 293	1.4600e-01	11.7109	5.570512	0.001084	10.842321	3.673478	0.087381
 294	1.4650e-01	11.7558	5.679738	0.000271	2.710580	0.918369	0.021845
 295	1.4700e-01	11.8184	5.716147	0.000090	0.903527	0.306123	0.007282
 296	1.4750e-01	11.8216	5.716147	0.000000	0.000000	0.000000	0.000000
 297	1.4800e-01	11.8665	5.606921	-0.000271	-2.710580	-0.918369	-0.021845
 298	1.4850e-01	11.9018	5.861781	0.000632	6.324687	2.142862	0.050972
 299	1.4900e-01	11.9531	6.080232	0.000542	5.421160	1.836739	0.043690
 300	1.4950e-01	12.0093	6.007415	-0.000181	-1.807053	-0.612246	-0.014563
 301	1.5000e-01	12.0430	6.589952	0.001446	14.456428	4.897970	0.116507
 302	1.5050e-01	12.0895	6.116641	-0.001175	-11.745848	-3.979601	-0.094662
 303	1.5100e-01	12.1007	6.407910	0.000723	7.228214	2.448985	0.058254
 304	1.5150e-01	12.1440	6.444318	0.000090	0.903527	0.306123	0.007282
 305	1.5200e-01	12.2002	6.662770	0.000542	5.421160	1.836739	0.043690
 306	1.5250e-01	12.2483	6.335092	-0.000813	-8.131741	-2.755108	-0.065535
 307	1.5300e-01	12.2852	6.517135	0.000452	4.517634	1.530616	0.036409
 308	1.5350e-01	12.3013	6.662770	0.000361	3.614107	1.224493	0.029127
 309	1.5400e-01	12.3670	6.735587	0.000181	1.807053	0.612246	0.014563
 310	1.5450e-01	12.4152	6.917630	0.000452	4.517634	1.530616	0.036409
 311	1.5500e-01	12.4456	6.735587	-0.000452	-4.517634	-1.530616	-0.036409
 312	1.5550e-01	12.4890	6.844812	0.000271	2.710580	0.918369	0.021845
 313	1.5600e-01	12.5258	6.954038	0.000271	2.710580	0.918369	0.021845
 314	1.5650e-01	12.5547	7.536575	0.001446	14.456428	4.897970	0.116507
 315	1.5700e-01	12.5932	6.990447	-0.001355	-13.552901	-4.591847	-0.109226
 316	1.5750e-01	12.6205	7.172490	0.000452	4.517634	1.530616	0.036409
 317	1.5800e-01	12.6991	7.354533	0.000452	4.517634	1.530616	0.036409
 318	1.5850e-01	12.7216	7.463758	0.000271	2.710580	0.918369	0.021845
 319	1.5900e-01	12.7617	7.718618	0.000632	6.324687	2.142862	0.050972
 320	1.5950e-01	12.7713	7.682210	-0.000090	-0.903527	-0.306123	-0.007282
 321	1.6000e-01	12.8339	7.682210	0.000000	0.000000	0.000000	0.000000
 322	1.6050e-01	12.8804	7.536575	-0.000361	-3.614107	-1.224493	-0.029127
 323	1.6100e-01	12.8964	7.827844	0.000723	7.228214	2.448985	0.058254
 324	1.6150e-01	12.9237	7.755027	-0.000181	-1.807053	-0.612246	-0.014563
 325	1.6200e-01	12.9975	8.082704	0.000813	8.131741	2.755108	0.065535
 326	1.6250e-01	13.0328	8.119113	0.000090	0.903527	0.306123	0.007282
 327	1.6300e-01	13.0745	7.900661	-0.000542	-5.421160	-1.836739	-0.043690
 328	1.6350e-01	13.0970	7.755027	-0.000361	-3.614107	-1.224493	-0.029127
 329	1.6400e-01	13.1467	8.228338	0.001175	11.745848	3.979601	0.094662
 330	1.6450e-01	13.2028	8.264747	0.000090	0.903527	0.306123	0.007282
 331	1.6500e-01	13.2189	8.665241	0.000994	9.938794	3.367355	0.080099
 332	1.6550e-01	13.2718	8.191930	-0.001175	-11.745848	-3.979601	-0.094662
 333	1.6600e-01	13.3135	8.665241	0.001175	11.745848	3.979601	0.094662
 334	1.6650e-01	13.3681	8.264747	-0.000994	-9.938794	-3.367355	-0.080099
 335	1.6700e-01	13.3873	8.701650	0.001084	10.842321	3.673478	0.087381
 336	1.6750e-01	13.4531	8.592424	-0.000271	-2.710580	-0.918369	-0.021845
 337	1.6800e-01	13.4916	8.774467	0.000452	4.517634	1.530616	0.036409
 338	1.6850e-01	13.5125	9.029327	0.000632	6.324687	2.142862	0.050972
 339	1.6900e-01	13.5477	8.810876	-0.000542	-5.421160	-1.836739	-0.043690
 340	1.6950e-01	13.6231	8.883693	0.000181	1.807053	0.612246	0.014563
 341	1.7000e-01	13.6440	9.211370	0.000813	8.131741	2.755108	0.065535
 342	1.7050e-01	13.6841	8.992919	-0.000542	-5.421160	-1.836739	-0.043690
 343	1.7100e-01	13.7194	9.284187	0.000723	7.228214	2.448985	0.058254
 344	1.7150e-01	13.7483	9.174961	-0.000271	-2.710580	-0.918369	-0.021845
 345	1.7200e-01	13.7900	9.174961	0.000000	0.000000	0.000000	0.000000
 346	1.7250e-01	13.8445	9.502639	0.000813	8.131741	2.755108	0.065535
 347	1.7300e-01	13.8542	9.648273	0.000361	3.614107	1.224493	0.029127
 348	1.7350e-01	13.9103	9.393413	-0.000632	-6.324687	-2.142862	-0.050972
 349	1.7400e-01	13.9713	9.502639	0.000271	2.710580	0.918369	0.021845
 350	1.7450e-01	14.0178	10.085176	0.001446	14.456428	4.897970	0.116507
 351	1.7500e-01	14.0451	10.012359	-0.000181	-1.807053	-0.612246	-0.014563
 352	1.7550e-01	14.0804	9.757499	-0.000632	-6.324687	-2.142862	-0.050972
 353	1.7600e-01	14.1349	9.866724	0.000271	2.710580	0.918369	0.021845
 354	1.7650e-01	14.1461	9.866724	0.000000	0.000000	0.000000	0.000000
 355	1.7700e-01	14.1862	10.230810	0.000904	9.035267	3.061231	0.072817
 356	1.7750e-01	14.2311	10.267219	0.000090	0.903527	0.306123	0.007282
 357	1.7800e-01	14.2969	10.121584	-0.000361	-3.614107	-1.224493	-0.029127
 358	1.7850e-01	14.3146	10.376444	0.000632	6.324687	2.142862	0.050972
 359	1.7900e-01	14.3370	10.303627	-0.000181	-1.807053	-0.612246	-0.014563
 360	1.7950e-01	14.4124	10.485670	0.000452	4.517634	1.530616	0.036409
 361	1.8000e-01	14.4253	10.704122	0.000542	5.421160	1.836739	0.043690
 362	1.8050e-01	14.4622	10.522079	-0.000452	-4.517634	-1.530616	-0.036409
 363	1.8100e-01	14.5199	10.704122	0.000452	4.517634	1.530616	0.036409
 364	1.8150e-01	14.5712	10.704122	0.000000	0.000000	0.000000	0.000000
 365	1.8200e-01	14.6114	10.704122	0.000000	0.000000	0.000000	0.000000
 366	1.8250e-01	14.6274	11.104616	0.000994	9.938794	3.367355	0.080099
 367	1.8300e-01	14.6819	10.922573	-0.000452	-4.517634	-1.530616	-0.036409
 368	1.8350e-01	14.7188	11.141025	0.000542	5.421160	1.836739	0.043690
 369	1.8400e-01	14.7493	11.104616	-0.000090	-0.903527	-0.306123	-0.007282
 370	1.8450e-01	14.8039	11.323067	0.000542	5.421160	1.836739	0.043690
 371	1.8500e-01	14.8151	11.505110	0.000452	4.517634	1.530616	0.036409
 372	1.8550e-01	14.8777	10.958982	-0.001355	-13.552901	-4.591847	-0.109226
 373	1.8600e-01	14.9113	11.541519	0.001446	14.456428	4.897970	0.116507
 374	1.8650e-01	14.9659	11.505110	-0.000090	-0.903527	-0.306123	-0.007282
 375	1.8700e-01	14.9819	11.687153	0.000452	4.517634	1.530616	0.036409
 376	1.8750e-01	15.0429	11.505110	-0.000452	-4.517634	-1.530616	-0.036409
 377	1.8800e-01	15.0830	11.759970	0.000632	6.324687	2.142862	0.050972
 378	1.8850e-01	15.1087	11.614336	-0.000361	-3.614107	-1.224493	-0.029127
 379	1.8900e-01	15.1520	11.869196	0.000632	6.324687	2.142862	0.050972
 380	1.8950e-01	15.1969	11.577927	-0.000723	-7.228214	-2.448985	-0.058254
 381	1.9000e-01	15.2258	12.014830	0.001084	10.842321	3.673478	0.087381
 382	1.9050e-01	15.2867	11.905605	-0.000271	-2.710580	-0.918369	-0.021845
 383	1.9100e-01	15.3012	12.014830	0.000271	2.710580	0.918369	0.021845
 384	1.9150e-01	15.3429	12.233282	0.000542	5.421160	1.836739	0.043690
 385	1.9200e-01	15.4119	12.124056	-0.000271	-2.710580	-0.918369	-0.021845
 386	1.9250e-01	15.4247	12.524550	0.000994	9.938794	3.367355	0.080099
 387	1.9300e-01	15.4728	12.306099	-0.000542	-5.421160	-1.836739	-0.043690
 388	1.9350e-01	15.5498	12.378916	0.000181	1.807053	0.612246	0.014563
 389	1.9400e-01	15.5498	12.743002	-0.000904	-9.035267	-3.061231	0.072817
 390	1.9450e-01	15.5931	12.670185	-0.000181	-1.807053	-0.612246	-0.014563
 391	1.9500e-01	15.6445	12.524550	-0.000361	-3.614107	-1.224493	-0.029127
 392	1.9550e-01	15.6734	12.852228	0.000813	8.131741	2.755108	0.065535
 393	1.9600e-01	15.7199	12.597368	-0.000632	-6.324687	-2.142862	-0.050972
 394	1.9650e-01	15.7520	12.743002	0.000361	3.614107	1.224493	0.029127
 395	1.9700e-01	15.8081	12.997862	0.000632	6.324687	2.142862	0.050972
 396	1.9750e-01	15.8498	13.107088	0.000271	2.710580	0.918369	0.021845
 397	1.9800e-01	15.8947	13.034271	-0.000181	-1.807053	-0.612246	-0.014563
 398	1.9850e-01	15.9284	13.107088	0.000181	1.807053	0.612246	0.014563
 399	1.9900e-01	15.9717	13.289131	0.000452	4.517634	1.530616	0.036409
 400	1.9950e-01	16.0151	13.107088	-0.000452	-4.517634	-1.530616	-0.036409
 401	2.0000e-01	16.0487	13.471173	0.000904	9.035267	3.061231	0.072817
 402	2.0050e-01	16.0680	13.616808	0.000361	3.614107	1.224493	0.029127
 403	2.0100e-01	16.1386	13.507582	-0.000271	-2.710580	-0.918369	-0.021845
 404	2.0150e-01	16.1755	13.653216	0.000361	3.614107	1.224493	0.029127
 405	2.0200e-01	16.1755	13.616808	0.000090	0.903527	0.306123	-0.007282
 406	2.0250e-01	16.2477	13.944485	0.000813	8.131741	2.755108	0.065535
 407	2.0300e-01	16.2525	13.543991	-0.000994	-9.938794	-3.367355	-0.080099
 408	2.0350e-01	16.2958	13.908076	0.000904	9.035267	3.061231	0.072817
 409	2.0400e-01	16.3487	13.689625	-0.000542	-5.421160	-1.836739	-0.043690
 410	2.0450e-01	16.3985	13.835259	0.000361	3.614107	1.224493	0.029127
 411	2.0500e-01	16.4386	13.908076	0.000181	1.807053	0.612246	0.014563
 412	2.0550e-01	16.4578	14.162936	0.000632	6.324687	2.142862	0.050972
 413	2.0600e-01	16.5124	14.162936	0.000000	0.000000	0.000000	0.000000
 414	2.0650e-01	16.5637	14.308571	0.000361	3.614107	1.224493	0.029127
 415	2.0700e-01	16.5974	14.672657	0.000904	9.035267	3.061231	0.072817
 416	2.0750e-01	16.6279	14.454205	-0.000542	-5.421160	-1.836739	-0.043690
 417	2.0800e-01	16.6728	14.527022	0.000181	1.807053	0.612246	0.014563
 418	2.0850e-01	16.7001	14.344979	-0.000452	-4.517634	-1.530616	-0.036409
 419	2.0900e-01	16.7723	14.709065	0.000904	9.035267	3.061231	0.072817
 420	2.0950e-01	16.8027	14.563431	-0.000361	-3.614107	-1.224493	-0.029127
 421	2.1000e-01	16.8412	14.854699	0.000723	7.228214	2.448985	0.058254
 422	2.1050e-01	16.8717	15.000334	0.000361	3.614107	1.224493	0.029127
 423	2.1100e-01	16.9134	14.781882	-0.000542	-5.421160	-1.836739	-0.043690
 424	2.1150e-01	16.9535	14.963925	0.000452	4.517634	1.530616	0.036409
 425	2.1200e-01	17.0049	15.182377	0.000542	5.421160	1.836739	0.043690
 426	2.1250e-01	17.0402	15.182377	0.000000	0.000000	0.000000	0.000000
 427	2.1300e-01	17.0755	15.109559	-0.000181	-1.807053	-0.612246	-0.014563
 428	2.1350e-01	17.1220	15.255194	0.000361	3.614107	1.224493	0.029127
 429	2.1400e-01	17.1717	15.036742	-0.000542	-5.421160	-1.836739	-0.043690
 430	2.1450e-01	17.1813	15.510054	0.001175	11.745848	3.979601	0.094662
 431	2.1500e-01	17.2455	15.291602	-0.000542	-5.421160	-1.836739	-0.043690
 432	2.1550e-01	17.2824	15.328011	0.000090	0.903527	0.306123	0.007282
 433	2.1600e-01	17.3193	15.437237	0.000271	2.710580	0.918369	0.021845
 434	2.1650e-01	17.3466	15.510054	0.000181	1.807053	0.612246	0.014563
 435	2.1700e-01	17.4091	15.837731	0.000813	8.131741	2.755108	0.065535
 436	2.1750e-01	17.4332	15.837731	0.000000	0.000000	0.000000	0.000000
 437	2.1800e-01	17.4845	15.582871	-0.000632	-6.324687	-2.142862	-0.050972
 438	2.1850e-01	17.5311	15.983365	0.000994	9.938794	3.367355	0.080099
 439	2.1900e-01	17.5599	15.910548	-0.000181	-1.807053	-0.612246	-0.014563
 440	2.1950e-01	17.5968	15.801322	-0.000271	-2.710580	-0.918369	-0.021845
 441	2.2000e-01	17.6417	16.056182	0.000632	6.324687	2.142862	0.050972
 442	2.2050e-01	17.6706	15.910548	-0.000361	-3.614107	-1.224493	-0.029127
 443	2.2100e-01	17.7139	16.274634	0.000904	9.035267	3.061231	0.072817
 444	2.2150e-01	17.7637	16.201817	-0.000181	-1.807053	-0.612246	-0.014563
 445	2.2200e-01	17.7990	16.311042	0.000271	2.710580	0.918369	0.021845
 446	2.2250e-01	17.8583	16.238225	-0.000181	-1.807053	-0.612246	-0.014563
 447	2.2300e-01	17.8824	16.347451	0.000271	2.710580	0.918369	0.021845
 448	2.2350e-01	17.9064	16.675128	0.000813	8.131741	2.755108	0.065535
 449	2.2400e-01	17.9658	16.311042	-0.000904	-9.035267	-3.061231	-0.072817
 450	2.2450e-01	18.0011	16.602311	0.000723	7.228214	2.448985	0.058254
 451	2.2500e-01	18.0412	16.602311	0.000000	0.000000	0.000000	0.000000
 452	2.2550e-01	18.0990	16.857171	0.000632	6.324687	2.142862	0.050972
 453	2.2600e-01	18.1134	16.675128	-0.000452	-4.517634	-1.530616	-0.036409
 454	2.2650e-01	18.1679	17.148440	0.001175	11.745848	3.979601	0.094662
 455	2.2700e-01	18.1824	16.675128	-0.001175	-11.745848	-3.979601	-0.094662
 456	2.2750e-01	18.2433	17.512526	0.002078	20.781115	7.040832	0.167479
 457	2.2800e-01	18.2610	16.857171	-0.001626	-16.263481	-5.510217	-0.131071
 458	2.2850e-01	18.3123	17.112031	0.000632	6.324687	2.142862	0.050972
 459	2.2900e-01	18.3524	17.002805	-0.000271	-2.710580	-0.918369	-0.021845
 460	2.2950e-01	18.3925	17.585343	0.001446	14.456428	4.897970	0.116507
 461	2.3000e-01	18.4278	17.257665	-0.000813	-8.131741	-2.755108	-0.065535
 462	2.3050e-01	18.4583	16.966397	-0.000723	-7.228214	-2.448985	-0.058254
 463	2.3100e-01	18.5193	17.730977	0.001897	18.974061	6.428586	0.152916
 464	2.3150e-01	18.5562	17.548934	-0.000452	-4.517634	-1.530616	-0.036409
 465	2.3200e-01	18.6171	17.403300	-0.000361	-3.614107	-1.224493	-0.029127
 466	2.3250e-01	18.6316	17.803794	0.000994	9.938794	3.367355	0.080099
 467	2.3300e-01	18.6797	17.949428	0.000361	3.614107	1.224493	0.029127
 468	2.3350e-01	18.7182	18.022246	0.000181	1.807053	0.612246	0.014563
 469	2.3400e-01	18.7663	18.204288	0.000452	4.517634	1.530616	0.036409
 470	2.3450e-01	18.7840	17.803794	-0.000994	-9.938794	-3.367355	-0.080099
 471	2.3500e-01	18.8321	17.730977	-0.000181	-1.807053	-0.612246	-0.014563
 472	2.3550e-01	18.8834	18.095063	0.000904	9.035267	3.061231	0.072817
 473	2.3600e-01	18.9171	18.349923	0.000632	6.324687	2.142862	0.050972
 474	2.3650e-01	18.9476	18.531966	0.000452	4.517634	1.530616	0.036409
 475	2.3700e-01	18.9957	18.349923	-0.000452	-4.517634	-1.530616	-0.036409
 476	2.3750e-01	19.0519	18.495557	0.000361	3.614107	1.224493	0.029127
 477	2.3800e-01	19.1000	18.240697	-0.000632	-6.324687	-2.142862	-0.050972
 478	2.3850e-01	19.1273	18.277106	0.000090	0.903527	0.306123	0.007282
 479	2.3900e-01	19.1465	18.495557	0.000542	5.421160	1.836739	0.043690
 480	2.3950e-01	19.1706	18.823234	0.000813	8.131741	2.755108	0.065535
 481	2.4000e-01	19.2572	18.714009	-0.000271	-2.710580	-0.918369	-0.021845
 482	2.4050e-01	19.2749	18.750417	0.000090	0.903527	0.306123	0.007282
 483	2.4100e-01	19.3246	18.677600	-0.000181	-1.807053	-0.612246	-0.014563
 484	2.4150e-01	19.3583	18.932460	0.000632	6.324687	2.142862	0.050972
 485	2.4200e-01	19.3775	18.750417	-0.000452	-4.517634	-1.530616	-0.036409
 486	2.4250e-01	19.3984	18.968869	0.000542	5.421160	1.836739	0.043690
 487	2.4300e-01	19.4674	19.005277	0.000090	0.903527	0.306123	0.007282
 488	2.4350e-01	19.5187	19.223729	0.000542	5.421160	1.836739	0.043690
 489	2.4400e-01	19.5508	19.332954	0.000271	2.710580	0.918369	0.021845
 490	2.4450e-01	19.5797	18.968869	-0.000904	-9.035267	-3.061231	-0.072817
 491	2.4500e-01	19.6454	19.405772	0.001084	10.842321	3.673478	0.087381
 492	2.4550e-01	19.6647	19.442180	0.000090	0.903527	0.306123	0.007282
 493	2.4600e-01	19.7160	19.478589	0.000090	0.903527	0.306123	0.007282
 494	2.4650e-01	19.7738	19.988309	0.001265	12.649374	4.285724	0.101944
 495	2.4700e-01	19.7914	19.879083	-0.000271	-2.710580	-0.918369	-0.021845
 496	2.4750e-01	19.8395	19.915492	0.000090	0.903527	0.306123	0.007282
 497	2.4800e-01	19.8492	19.478589	-0.001084	-10.842321	-3.673478	-0.087381
 498	2.4850e-01	19.9166	19.697040	0.000542	5.421160	1.836739	0.043690
 499	2.4900e-01	19.9599	19.624223	-0.000181	-1.807053	-0.612246	-0.014563
 500	2.4950e-01	20.0016	19.951900	0.000813	8.131741	2.755108	0.065535
 501	2.5000e-01	20.0577	20.097534	0.000361	3.614107	1.224493	0.029127
 502	2.5050e-01	19.9727	19.697040	0.000994	9.938794	3.367355	-0.080099
 503	2.5100e-01	19.9326	19.951900	-0.000632	-6.324687	-2.142862	0.050972
 504	2.5150e-01	19.8957	19.842674	0.000271	2.710580	0.918369	-0.021845
 505	2.5200e-01	19.8652	19.624223	0.000542	5.421160	1.836739	-0.043690
 506	2.5250e-01	19.8219	19.587814	0.000090	0.903527	0.306123	-0.007282
 507	2.5300e-01	19.7834	19.587814	-0.000000	-0.000000	-0.000000	0.000000
 508	2.5350e-01	19.7256	19.442180	0.000361	3.614107	1.224493	-0.029127
 509	2.5400e-01	19.7016	19.697040	-0.000632	-6.324687	-2.142862	0.050972
 510	2.5450e-01	19.6551	19.223729	0.001175	11.745848	3.979601	-0.094662
 511	2.5500e-01	19.6005	19.332954	-0.000271	-2.710580	-0.918369	0.021845
 512	2.5550e-01	19.5813	19.478589	-0.000361	-3.614107	-1.224493	0.029127
 513	2.5600e-01	19.5219	19.223729	0.000632	6.324687	2.142862	-0.050972
 514	2.5650e-01	19.5139	18.859643	0.000904	9.035267	3.061231	-0.072817
 515	2.5700e-01	19.4577	19.260137	-0.000994	-9.938794	-3.367355	0.080099
 516	2.5750e-01	19.4176	19.078094	0.000452	4.517634	1.530616	-0.036409
 517	2.5800e-01	19.3984	19.332954	-0.000632	-6.324687	-2.142862	0.050972
 518	2.5850e-01	19.3278	18.677600	0.001626	16.263481	5.510217	-0.131071
 519	2.5900e-01	19.2957	18.750417	-0.000181	-1.807053	-0.612246	0.014563
 520	2.5950e-01	19.2781	18.968869	-0.000542	-5.421160	-1.836739	0.043690
 521	2.6000e-01	19.2315	18.932460	0.000090	0.903527	0.306123	-0.007282
 522	2.6050e-01	19.1545	18.677600	0.000632	6.324687	2.142862	-0.050972
 523	2.6100e-01	19.1369	18.386331	0.000723	7.228214	2.448985	-0.058254
 524	2.6150e-01	19.1032	18.823234	-0.001084	-10.842321	-3.673478	0.087381
 525	2.6200e-01	19.0615	18.604783	0.000542	5.421160	1.836739	-0.043690
 526	2.6250e-01	19.0102	18.204288	0.000994	9.938794	3.367355	-0.080099
 527	2.6300e-01	18.9652	18.495557	-0.000723	-7.228214	-2.448985	0.058254
 528	2.6350e-01	18.9572	18.677600	-0.000452	-4.517634	-1.530616	0.036409
 529	2.6400e-01	18.8834	18.459149	0.000542	5.421160	1.836739	-0.043690
 530	2.6450e-01	18.8481	18.240697	0.000542	5.421160	1.836739	-0.043690
 531	2.6500e-01	18.8144	18.204288	0.000090	0.903527	0.306123	-0.007282
 532	2.6550e-01	18.7759	18.131471	0.000181	1.807053	0.612246	-0.014563
 533	2.6600e-01	18.7374	18.095063	0.000090	0.903527	0.306123	-0.007282
 534	2.6650e-01	18.6797	18.058654	0.000090	0.903527	0.306123	-0.007282
 535	2.6700e-01	18.6636	17.949428	0.000271	2.710580	0.918369	-0.021845
 536	2.6750e-01	18.6348	18.277106	-0.000813	-8.131741	-2.755108	0.065535
 537	2.6800e-01	18.5834	17.730977	0.001355	13.552901	4.591847	-0.109226
 538	2.6850e-01	18.5690	18.095063	-0.000904	-9.035267	-3.061231	0.072817
 539	2.6900e-01	18.5161	17.221257	0.002168	21.684642	7.346955	-0.174761
 540	2.6950e-01	18.4808	17.658160	-0.001084	-10.842321	-3.673478	0.087381
 541	2.7000e-01	18.4455	17.694568	-0.000090	-0.903527	-0.306123	0.007282
 542	2.7050e-01	18.3765	17.330483	0.000904	9.035267	3.061231	-0.072817
 543	2.7100e-01	18.3187	17.366891	-0.000090	-0.903527	-0.306123	0.007282
 544	2.7150e-01	18.3011	17.730977	-0.000904	-9.035267	-3.061231	0.072817
 545	2.7200e-01	18.2433	17.512526	0.000542	5.421160	1.836739	-0.043690
 546	2.7250e-01	18.2161	17.184848	0.000813	8.131741	2.755108	-0.065535
 547	2.7300e-01	18.1599	17.221257	-0.000090	-0.903527	-0.306123	0.007282
 548	2.7350e-01	18.1375	17.512526	-0.000723	-7.228214	-2.448985	0.058254
 549	2.7400e-01	18.1022	17.112031	0.000994	9.938794	3.367355	-0.080099
 550	2.7450e-01	18.0621	17.075623	0.000090	0.903527	0.306123	-0.007282
 551	2.7500e-01	17.9931	17.112031	-0.000090	-0.903527	-0.306123	0.007282
 552	2.7550e-01	17.9562	17.112031	-0.000000	-0.000000	-0.000000	0.000000
 553	2.7600e-01	17.9433	17.002805	0.000271	2.710580	0.918369	-0.021845
 554	2.7650e-01	17.9016	16.784354	0.000542	5.421160	1.836739	-0.043690
 555	2.7700e-01	17.8599	16.747945	0.000090	0.903527	0.306123	-0.007282
 556	2.7750e-01	17.8214	17.002805	-0.000632	-6.324687	-2.142862	0.050972
 557	2.7800e-01	17.7556	16.784354	0.000542	5.421160	1.836739	-0.043690
 558	2.7850e-01	17.7284	16.638720	0.000361	3.614107	1.224493	-0.029127
 559	2.7900e-01	17.7011	16.347451	0.000723	7.228214	2.448985	-0.058254
 560	2.7950e-01	17.6610	16.456677	-0.000271	-2.710580	-0.918369	0.021845
 561	2.8000e-01	17.6129	16.456677	-0.000000	-0.000000	-0.000000	0.000000
 562	2.8050e-01	17.5856	16.238225	0.000542	5.421160	1.836739	-0.043690
 563	2.8100e-01	17.5343	16.493085	-0.000632	-6.324687	-2.142862	0.050972
 564	2.8150e-01	17.5134	16.420268	0.000181	1.807053	0.612246	-0.014563
 565	2.8200e-01	17.4605	16.056182	0.000904	9.035267	3.061231	-0.072817
 566	2.8250e-01	17.4204	16.602311	-0.001355	-13.552901	-4.591847	0.109226
 567	2.8300e-01	17.3738	15.946957	0.001626	16.263481	5.510217	-0.131071
 568	2.8350e-01	17.3113	16.056182	-0.000271	-2.710580	-0.918369	0.021845
 569	2.8400e-01	17.2920	16.056182	-0.000000	-0.000000	-0.000000	0.000000
 570	2.8450e-01	17.2680	15.874140	0.000452	4.517634	1.530616	-0.036409
 571	2.8500e-01	17.2359	15.946957	-0.000181	-1.807053	-0.612246	0.014563
 572	2.8550e-01	17.2022	15.764914	0.000452	4.517634	1.530616	-0.036409
 573	2.8600e-01	17.1396	15.473645	0.000723	7.228214	2.448985	-0.058254
 574	2.8650e-01	17.0995	15.692097	-0.000542	-5.421160	-1.836739	0.043690
 575	2.8700e-01	17.0466	15.946957	-0.000632	-6.324687	-2.142862	0.050972
 576	2.8750e-01	17.0145	15.837731	0.000271	2.710580	0.918369	-0.021845
 577	2.8800e-01	16.9824	15.109559	0.001807	18.070535	6.122463	-0.145634
 578	2.8850e-01	16.9231	15.619280	-0.001265	-12.649374	-4.285724	0.101944
 579	2.8900e-01	16.8974	15.364419	0.000632	6.324687	2.142862	-0.050972
 580	2.8950e-01	16.8653	15.546462	-0.000452	-4.517634	-1.530616	0.036409
 581	2.9000e-01	16.8188	15.218785	0.000813	8.131741	2.755108	-0.065535
 582	2.9050e-01	16.7739	14.891108	0.000813	8.131741	2.755108	-0.065535
 583	2.9100e-01	16.7305	15.218785	-0.000813	-8.131741	-2.755108	0.065535
 584	2.9150e-01	16.6904	14.672657	0.001355	13.552901	4.591847	-0.109226
 585	2.9200e-01	16.6632	15.109559	-0.001084	-10.842321	-3.673478	0.087381
 586	2.9250e-01	16.6263	14.891108	0.000542	5.421160	1.836739	-0.043690
 587	2.9300e-01	16.5701	14.745474	0.000361	3.614107	1.224493	-0.029127
 588	2.9350e-01	16.5541	14.818291	-0.000181	-1.807053	-0.612246	0.014563
 589	2.9400e-01	16.5043	14.781882	0.000090	0.903527	0.306123	-0.007282
 590	2.9450e-01	16.4658	15.000334	-0.000542	-5.421160	-1.836739	0.043690
 591	2.9500e-01	16.4289	14.891108	0.000271	2.710580	0.918369	-0.021845
 592	2.9550e-01	16.3760	14.636248	0.000632	6.324687	2.142862	-0.050972
 593	2.9600e-01	16.3327	14.199345	0.001084	10.842321	3.673478	-0.087381
 594	2.9650e-01	16.3006	14.563431	-0.000904	-9.035267	-3.061231	0.072817
 595	2.9700e-01	16.2910	14.308571	0.000632	6.324687	2.142862	-0.050972
 596	2.9750e-01	16.2252	14.563431	-0.000632	-6.324687	-2.142862	0.050972
 597	2.9800e-01	16.1867	14.308571	0.000632	6.324687	2.142862	-0.050972
 598	2.9850e-01	16.1594	14.381388	-0.000181	-1.807053	-0.612246	0.014563
 599	2.9900e-01	16.1033	14.308571	0.000181	1.807053	0.612246	-0.014563
 600	2.9950e-01	16.0503	14.308571	-0.000000	-0.000000	-0.000000	0.000000
 601	3.0000e-01	16.0215	13.980894	0.000813	8.131741	2.755108	-0.065535
 602	3.0050e-01	15.9685	14.053711	-0.000181	-1.807053	-0.612246	0.014563
 603	3.0100e-01	15.9348	13.835259	0.000542	5.421160	1.836739	-0.043690
 604	3.0150e-01	15.8755	13.762442	0.000181	1.807053	0.612246	-0.014563
 605	3.0200e-01	15.8755	13.835259	-0.000181	-1.807053	-0.612246	0.014563
 606	3.0250e-01	15.8177	13.871668	-0.000090	-0.903527	-0.306123	0.007282
 607	3.0300e-01	15.8017	13.507582	0.000904	9.035267	3.061231	-0.072817
 608	3.0350e-01	15.7295	13.325539	0.000452	4.517634	1.530616	-0.036409
 609	3.0400e-01	15.6894	13.398356	-0.000181	-1.807053	-0.612246	0.014563
 610	3.0450e-01	15.6525	13.507582	-0.000271	-2.710580	-0.918369	0.021845
 611	3.0500e-01	15.6092	13.507582	-0.000000	-0.000000	-0.000000	0.000000
 612	3.0550e-01	15.5883	13.252722	0.000632	6.324687	2.142862	-0.050972
 613	3.0600e-01	15.5434	13.034271	0.000542	5.421160	1.836739	-0.043690
 614	3.0650e-01	15.5097	13.616808	-0.001446	-14.456428	-4.897970	0.116507
 615	3.0700e-01	15.4488	12.997862	0.001536	15.359955	5.204093	-0.123789
 616	3.0750e-01	15.4087	12.743002	0.000632	6.324687	2.142862	-0.050972
 617	3.0800e-01	15.4087	12.961453	-0.000542	-5.421160	-1.836739	0.043690
 618	3.0850e-01	15.3573	13.107088	-0.000361	-3.614107	-1.224493	0.029127
 619	3.0900e-01	15.3204	12.743002	0.000904	9.035267	3.061231	-0.072817
 620	3.0950e-01	15.2691	12.925045	-0.000452	-4.517634	-1.530616	0.036409
 621	3.1000e-01	15.2129	12.670185	0.000632	6.324687	2.142862	-0.050972
 622	3.1050e-01	15.1616	12.852228	-0.000452	-4.517634	-1.530616	0.036409
 623	3.1100e-01	15.1327	12.597368	0.000632	6.324687	2.142862	-0.050972
 624	3.1150e-01	15.1022	12.342508	0.000632	6.324687	2.142862	-0.050972
 625	3.1200e-01	15.0621	12.451733	-0.000271	-2.710580	-0.918369	0.021845
 626	3.1250e-01	15.0156	12.560959	-0.000271	-2.710580	-0.918369	0.021845
 627	3.1300e-01	14.9691	12.451733	0.000271	2.710580	0.918369	-0.021845
 628	3.1350e-01	14.9466	12.160465	0.000723	7.228214	2.448985	-0.058254
 629	3.1400e-01	14.8937	12.415325	-0.000632	-6.324687	-2.142862	0.050972
 630	3.1450e-01	14.8616	12.488142	-0.000181	-1.807053	-0.612246	0.014563
 631	3.1500e-01	14.8279	12.087648	0.000994	9.938794	3.367355	-0.080099
 632	3.1550e-01	14.7798	12.124056	-0.000090	-0.903527	-0.306123	0.007282
 633	3.1600e-01	14.7220	11.759970	0.000904	9.035267	3.061231	-0.072817
 634	3.1650e-01	14.6964	11.796379	-0.000090	-0.903527	-0.306123	0.007282
 635	3.1700e-01	14.6611	11.796379	-0.000000	-0.000000	-0.000000	0.000000
 636	3.1750e-01	14.6402	11.650745	0.000361	3.614107	1.224493	-0.029127
 637	3.1800e-01	14.5745	11.541519	0.000271	2.710580	0.918369	-0.021845
 638	3.1850e-01	14.5295	11.577927	-0.000090	-0.903527	-0.306123	0.007282
 639	3.1900e-01	14.4958	12.051239	-0.001175	-11.745848	-3.979601	0.094662
 640	3.1950e-01	14.4493	11.432293	0.001536	15.359955	5.204093	-0.123789
 641	3.2000e-01	14.4172	11.395885	0.000090	0.903527	0.306123	-0.007282
 642	3.2050e-01	14.3675	11.250250	0.000361	3.614107	1.224493	-0.029127
 643	3.2100e-01	14.3258	11.286659	-0.000090	-0.903527	-0.306123	0.007282
 644	3.2150e-01	14.2921	11.286659	-0.000000	-0.000000	-0.000000	0.000000
 645	3.2200e-01	14.2424	10.813347	0.001175	11.745848	3.979601	-0.094662
 646	3.2250e-01	14.2087	11.359476	-0.001355	-13.552901	-4.591847	0.109226
 647	3.2300e-01	14.1638	10.704122	0.001626	16.263481	5.510217	-0.131071
 648	3.2350e-01	14.1493	10.776939	-0.000181	-1.807053	-0.612246	0.014563
 649	3.2400e-01	14.1140	11.068207	-0.000723	-7.228214	-2.448985	0.058254
 650	3.2450e-01	14.0804	10.813347	0.000632	6.324687	2.142862	-0.050972
 651	3.2500e-01	14.0338	10.886165	-0.000181	-1.807053	-0.612246	0.014563
 652	3.2550e-01	13.9648	10.449262	0.001084	10.842321	3.673478	-0.087381
 653	3.2600e-01	13.9520	10.995390	-0.001355	-13.552901	-4.591847	0.109226
 654	3.2650e-01	13.9296	10.157993	0.002078	20.781115	7.040832	-0.167479
 655	3.2700e-01	13.8509	10.449262	-0.000723	-7.228214	-2.448985	0.058254
 656	3.2750e-01	13.8044	10.485670	-0.000090	-0.903527	-0.306123	0.007282
 657	3.2800e-01	13.7579	10.340036	0.000361	3.614107	1.224493	-0.029127
 658	3.2850e-01	13.7467	10.667713	-0.000813	-8.131741	-2.755108	0.065535
 659	3.2900e-01	13.7034	10.340036	0.000813	8.131741	2.755108	-0.065535
 660	3.2950e-01	13.6520	10.085176	0.000632	6.324687	2.142862	-0.050972
 661	3.3000e-01	13.6151	10.340036	-0.000632	-6.324687	-2.142862	0.050972
 662	3.3050e-01	13.5879	9.866724	0.001175	11.745848	3.979601	-0.094662
 663	3.3100e-01	13.5285	10.121584	-0.000632	-6.324687	-2.142862	0.050972
 664	3.3150e-01	13.5157	10.157993	-0.000090	-0.903527	-0.306123	0.007282
 665	3.3200e-01	13.4563	10.048767	0.000271	2.710580	0.918369	-0.021845
 666	3.3250e-01	13.4290	9.721090	0.000813	8.131741	2.755108	-0.065535
 667	3.3300e-01	13.3793	9.721090	-0.000000	-0.000000	-0.000000	0.000000
 668	3.3350e-01	13.3440	9.830316	-0.000271	-2.710580	-0.918369	0.021845
 669	3.3400e-01	13.2959	9.611864	0.000542	5.421160	1.836739	-0.043690
 670	3.3450e-01	13.2429	9.866724	-0.000632	-6.324687	-2.142862	0.050972
 671	3.3500e-01	13.1868	9.174961	0.001717	17.167008	5.816340	-0.138353
 672	3.3550e-01	13.1868	9.502639	-0.000813	-8.131741	-2.755108	0.065535
 673	3.3600e-01	13.1355	9.393413	0.000271	2.710580	0.918369	-0.021845
 674	3.3650e-01	13.0857	9.102144	0.000723	7.228214	2.448985	-0.058254
 675	3.3700e-01	13.0536	9.247779	-0.000361	-3.614107	-1.224493	0.029127
 676	3.3750e-01	13.0023	9.393413	-0.000361	-3.614107	-1.224493	0.029127
 677	3.3800e-01	12.9734	9.357004	0.000090	0.903527	0.306123	-0.007282
 678	3.3850e-01	12.9349	8.920101	0.001084	10.842321	3.673478	-0.087381
 679	3.3900e-01	12.9205	8.810876	0.000271	2.710580	0.918369	-0.021845
 680	3.3950e-01	12.8547	9.174961	-0.000904	-9.035267	-3.061231	0.072817
 681	3.4000e-01	12.8194	8.665241	0.001265	12.649374	4.285724	-0.101944
 682	3.4050e-01	12.7777	8.701650	-0.000090	-0.903527	-0.306123	0.007282
 683	3.4100e-01	12.7456	8.665241	0.000090	0.903527	0.306123	-0.007282
 684	3.4150e-01	12.6783	8.738058	-0.000181	-1.807053	-0.612246	0.014563
 685	3.4200e-01	12.6606	8.373973	0.000904	9.035267	3.061231	-0.072817
 686	3.4250e-01	12.6061	8.556016	-0.000452	-4.517634	-1.530616	0.036409
 687	3.4300e-01	12.6012	8.592424	-0.000090	-0.903527	-0.306123	0.007282
 688	3.4350e-01	12.5499	8.191930	0.000994	9.938794	3.367355	-0.080099
 689	3.4400e-01	12.4890	8.155521	0.000090	0.903527	0.306123	-0.007282
 690	3.4450e-01	12.4505	8.009887	0.000361	3.614107	1.224493	-0.029127
 691	3.4500e-01	12.4248	8.046296	-0.000090	-0.903527	-0.306123	0.007282
 692	3.4550e-01	12.3783	8.119113	-0.000181	-1.807053	-0.612246	0.014563
 693	3.4600e-01	12.3237	7.609393	0.001265	12.649374	4.285724	-0.101944
 694	3.4650e-01	12.2997	8.046296	-0.001084	-10.842321	-3.673478	0.087381
 695	3.4700e-01	12.2612	7.682210	0.000904	9.035267	3.061231	-0.072817
 696	3.4750e-01	12.2275	7.791435	-0.000271	-2.710580	-0.918369	0.021845
 697	3.4800e-01	12.1906	7.609393	0.000452	4.517634	1.530616	-0.036409
 698	3.4850e-01	12.1312	7.500167	0.000271	2.710580	0.918369	-0.021845
 699	3.4900e-01	12.0959	7.609393	-0.000271	-2.710580	-0.918369	0.021845
 700	3.4950e-01	12.0478	7.755027	-0.000361	-3.614107	-1.224493	0.029127
 701	3.5000e-01	12.0125	7.645801	0.000271	2.710580	0.918369	-0.021845
 702	3.5050e-01	11.9563	7.427350	0.000542	5.421160	1.836739	-0.043690
 703	3.5100e-01	11.9403	7.208898	0.000542	5.421160	1.836739	-0.043690
 704	3.5150e-01	11.9098	7.390941	-0.000452	-4.517634	-1.530616	0.036409
 705	3.5200e-01	11.8777	7.136081	0.000632	6.324687	2.142862	-0.050972
 706	3.5250e-01	11.8136	6.881221	0.000632	6.324687	2.142862	-0.050972
 707	3.5300e-01	11.7863	7.281715	-0.000994	-9.938794	-3.367355	0.080099
 708	3.5350e-01	11.7542	6.662770	0.001536	15.359955	5.204093	-0.123789
 709	3.5400e-01	11.7173	6.954038	-0.000723	-7.228214	-2.448985	0.058254
 710	3.5450e-01	11.6515	6.735587	0.000542	5.421160	1.836739	-0.043690
 711	3.5500e-01	11.6050	6.444318	0.000723	7.228214	2.448985	-0.058254
 712	3.5550e-01	11.5649	6.881221	-0.001084	-10.842321	-3.673478	0.087381
 713	3.5600e-01	11.5409	6.626361	0.000632	6.324687	2.142862	-0.050972
 714	3.5650e-01	11.4863	6.444318	0.000452	4.517634	1.530616	-0.036409
 715	3.5700e-01	11.4558	6.298684	0.000361	3.614107	1.224493	-0.029127
 716	3.5750e-01	11.4125	6.298684	-0.000000	-0.000000	-0.000000	0.000000
 717	3.5800e-01	11.3788	6.444318	-0.000361	-3.614107	-1.224493	0.029127
 718	3.5850e-01	11.3419	6.080232	0.000904	9.035267	3.061231	-0.072817
 719	3.5900e-01	11.3147	6.298684	-0.000542	-5.421160	-1.836739	0.043690
 720	3.5950e-01	11.2489	6.080232	0.000542	5.421160	1.836739	-0.043690
 721	3.6000e-01	11.1975	6.116641	-0.000090	-0.903527	-0.306123	0.007282
 722	3.6050e-01	11.1735	6.153050	-0.000090	-0.903527	-0.306123	0.007282
 723	3.6100e-01	11.1462	5.898189	0.000632	6.324687	2.142862	-0.050972
 724	3.6150e-01	11.0869	6.153050	-0.000632	-6.324687	-2.142862	0.050972
 725	3.6200e-01	11.0628	5.097201	0.002620	26.202275	8.877571	-0.211170
 726	3.6250e-01	11.0131	5.497695	-0.000994	-9.938794	-3.367355	0.080099
 727	3.6300e-01	10.9778	5.461287	0.000090	0.903527	0.306123	-0.007282
 728	3.6350e-01	10.9409	5.388469	0.000181	1.807053	0.612246	-0.014563
 729	3.6400e-01	10.9056	5.679738	-0.000723	-7.228214	-2.448985	0.058254
 730	3.6450e-01	10.8591	5.352061	0.000813	8.131741	2.755108	-0.065535
 731	3.6500e-01	10.8157	5.279244	0.000181	1.807053	0.612246	-0.014563
 732	3.6550e-01	10.7933	5.206427	0.000181	1.807053	0.612246	-0.014563
 733	3.6600e-01	10.7596	5.279244	-0.000181	-1.807053	-0.612246	0.014563
 734	3.6650e-01	10.7018	4.951566	0.000813	8.131741	2.755108	-0.065535
 735	3.6700e-01	10.6505	4.951566	-0.000000	-0.000000	-0.000000	0.000000
 736	3.6750e-01	10.6184	4.660298	0.000723	7.228214	2.448985	-0.058254
 737	3.6800e-01	10.5655	5.060792	-0.000994	-9.938794	-3.367355	0.080099
 738	3.6850e-01	10.5575	4.769524	0.000723	7.228214	2.448985	-0.058254
 739	3.6900e-01	10.4965	4.951566	-0.000452	-4.517634	-1.530616	0.036409
 740	3.6950e-01	10.4692	4.660298	0.000723	7.228214	2.448985	-0.058254
 741	3.7000e-01	10.4179	4.478255	0.000452	4.517634	1.530616	-0.036409
 742	3.7050e-01	10.3714	4.150578	0.000813	8.131741	2.755108	-0.065535
 743	3.7100e-01	10.3297	4.332621	-0.000452	-4.517634	-1.530616	0.036409
 744	3.7150e-01	10.3008	4.259804	0.000181	1.807053	0.612246	-0.014563
 745	3.7200e-01	10.2430	4.478255	-0.000542	-5.421160	-1.836739	0.043690
 746	3.7250e-01	10.2270	4.077761	0.000994	9.938794	3.367355	-0.080099
 747	3.7300e-01	10.1708	3.932126	0.000361	3.614107	1.224493	-0.029127
 748	3.7350e-01	10.1115	4.114169	-0.000452	-4.517634	-1.530616	0.036409
 749	3.7400e-01	10.0906	3.968535	0.000361	3.614107	1.224493	-0.029127
 750	3.7450e-01	10.0361	4.041352	-0.000181	-1.807053	-0.612246	0.014563
 751	3.7500e-01	10.0072	3.859309	0.000452	4.517634	1.530616	-0.036409
 752	3.7550e-01	9.9655	3.895718	-0.000090	-0.903527	-0.306123	0.007282
 753	3.7600e-01	9.9414	3.786492	0.000271	2.710580	0.918369	-0.021845
 754	3.7650e-01	9.9190	3.750083	0.000090	0.903527	0.306123	-0.007282
 755	3.7700e-01	9.8660	3.422406	0.000813	8.131741	2.755108	-0.065535
 756	3.7750e-01	9.8099	3.568041	-0.000361	-3.614107	-1.224493	0.029127
 757	3.7800e-01	9.7746	3.021912	0.001355	13.552901	4.591847	-0.109226
 758	3.7850e-01	9.7265	3.058320	-0.000090	-0.903527	-0.306123	0.007282
 759	3.7900e-01	9.6799	3.203955	-0.000361	-3.614107	-1.224493	0.029127
 760	3.7950e-01	9.6719	3.021912	0.000452	4.517634	1.530616	-0.036409
 761	3.8000e-01	9.6222	2.730643	0.000723	7.228214	2.448985	-0.058254
 762	3.8050e-01	9.5789	3.021912	-0.000723	-7.228214	-2.448985	0.058254
 763	3.8100e-01	9.5324	2.803460	0.000542	5.421160	1.836739	-0.043690
 764	3.8150e-01	9.5035	3.058320	-0.000632	-6.324687	-2.142862	0.050972
 765	3.8200e-01	9.4634	2.657826	0.000994	9.938794	3.367355	-0.080099
 766	3.8250e-01	9.4249	2.220923	0.001084	10.842321	3.673478	-0.087381
 767	3.8300e-01	9.3848	2.839869	-0.001536	-15.359955	-5.204093	0.123789
 768	3.8350e-01	9.3302	2.621418	0.000542	5.421160	1.836739	-0.043690
 769	3.8400e-01	9.2981	2.257332	0.000904	9.035267	3.061231	-0.072817
 770	3.8450e-01	9.2420	2.548600	-0.000723	-7.228214	-2.448985	0.058254
 771	3.8500e-01	9.2292	2.475783	0.000181	1.807053	0.612246	-0.014563
 772	3.8550e-01	9.1810	2.038880	0.001084	10.842321	3.673478	-0.087381
 773	3.8600e-01	9.1538	2.585009	-0.001355	-13.552901	-4.591847	0.109226
 774	3.8650e-01	9.0735	1.929655	0.001626	16.263481	5.510217	-0.131071
 775	3.8700e-01	9.0703	2.293740	-0.000904	-9.035267	-3.061231	0.072817
 776	3.8750e-01	9.0158	1.638386	0.001626	16.263481	5.510217	-0.131071
 777	3.8800e-01	8.9805	1.856837	-0.000542	-5.421160	-1.836739	0.043690
 778	3.8850e-01	8.9163	1.638386	0.000542	5.421160	1.836739	-0.043690
 779	3.8900e-01	8.9003	1.784020	-0.000361	-3.614107	-1.224493	0.029127
 780	3.8950e-01	8.8522	1.310709	0.001175	11.745848	3.979601	-0.094662
 781	3.9000e-01	8.8040	1.711203	-0.000994	-9.938794	-3.367355	0.080099
 782	3.9050e-01	8.7623	1.711203	-0.000000	-0.000000	-0.000000	0.000000
 783	3.9100e-01	8.7447	1.274300	0.001084	10.842321	3.673478	-0.087381
 784	3.9150e-01	8.7126	1.492752	-0.000542	-5.421160	-1.836739	0.043690
 785	3.9200e-01	8.6580	1.310709	0.000452	4.517634	1.530616	-0.036409
 786	3.9250e-01	8.6147	1.237892	0.000181	1.807053	0.612246	-0.014563
 787	3.9300e-01	8.5939	0.910214	0.000813	8.131741	2.755108	-0.065535
 788	3.9350e-01	8.5409	1.019440	-0.000271	-2.710580	-0.918369	0.021845
 789	3.9400e-01	8.4912	1.019440	-0.000000	-0.000000	-0.000000	0.000000
 790	3.9450e-01	8.4559	0.618946	0.000994	9.938794	3.367355	-0.080099
 791	3.9500e-01	8.4222	0.764580	-0.000361	-3.614107	-1.224493	0.029127
 792	3.9550e-01	8.3950	0.582537	0.000452	4.517634	1.530616	-0.036409
 793	3.9600e-01	8.3388	0.764580	-0.000452	-4.517634	-1.530616	0.036409
 794	3.9650e-01	8.3179	0.728172	0.000090	0.903527	0.306123	-0.007282
 795	3.9700e-01	8.2827	0.291269	0.001084	10.842321	3.673478	-0.087381
 796	3.9750e-01	8.2297	0.218451	0.000181	1.807053	0.612246	-0.014563
 797	3.9800e-01	8.1784	0.436903	-0.000542	-5.421160	-1.836739	0.043690
 798	3.9850e-01	8.1238	0.109226	0.000813	8.131741	2.755108	-0.065535
 799	3.9900e-01	8.0885	0.000000	0.000271	2.710580	0.918369	-0.021845
 800	3.9950e-01	8.0532	0.218451	-0.000542	-5.421160	-1.836739	0.043690
 801	4.0000e-01	8.0212	-0.072817	0.000723	7.228214	2.448985	-0.058254
 802	4.0050e-01	7.9746	0.036409	-0.000271	-2.710580	-0.918369	0.021845
 803	4.0100e-01	7.9121	-0.109226	0.000361	3.614107	1.224493	-0.029127
 804	4.0150e-01	7.9233	-0.254860	-0.000361	-3.614107	-1.224493	-0.029127
 805	4.0200e-01	7.8527	-0.364086	0.000271	2.710580	0.918369	-0.021845
 806	4.0250e-01	7.8319	-0.582537	0.000542	5.421160	1.836739	-0.043690
 807	4.0300e-01	7.7805	-0.728172	0.000361	3.614107	1.224493	-0.029127
 808	4.0350e-01	7.7276	-0.582537	-0.000361	-3.614107	-1.224493	0.029127
 809	4.0400e-01	7.7019	-0.327677	-0.000632	-6.324687	-2.142862	0.050972
 810	4.0450e-01	7.6522	-0.618946	0.000723	7.228214	2.448985	-0.058254
 811	4.0500e-01	7.6233	-0.691763	0.000181	1.807053	0.612246	-0.014563
 812	4.0550e-01	7.5912	-0.618946	-0.000181	-1.807053	-0.612246	0.014563
 813	4.0600e-01	7.5415	-1.019440	0.000994	9.938794	3.367355	-0.080099
 814	4.0650e-01	7.4950	-1.092257	0.000181	1.807053	0.612246	-0.014563
 815	4.0700e-01	7.4517	-0.910214	-0.000452	-4.517634	-1.530616	0.036409
 816	4.0750e-01	7.4116	-1.383526	0.001175	11.745848	3.979601	-0.094662
 817	4.0800e-01	7.3714	-1.201483	-0.000452	-4.517634	-1.530616	0.036409
 818	4.0850e-01	7.3313	-1.674795	0.001175	11.745848	3.979601	-0.094662
 819	4.0900e-01	7.2848	-1.674795	-0.000000	-0.000000	-0.000000	0.000000
 820	4.0950e-01	7.2736	-1.601977	-0.000181	-1.807053	-0.612246	0.014563
 821	4.1000e-01	7.2126	-1.456343	-0.000361	-3.614107	-1.224493	0.029127
 822	4.1050e-01	7.1822	-1.784020	0.000813	8.131741	2.755108	-0.065535
 823	4.1100e-01	7.1420	-1.638386	-0.000361	-3.614107	-1.224493	0.029127
 824	4.1150e-01	7.1132	-1.601977	-0.000090	-0.903527	-0.306123	0.007282
 825	4.1200e-01	7.0522	-1.966063	0.000904	9.035267	3.061231	-0.072817
 826	4.1250e-01	7.0297	-1.893246	-0.000181	-1.807053	-0.612246	0.014563
 827	4.1300e-01	6.9816	-2.184515	0.000723	7.228214	2.448985	-0.058254
 828	4.1350e-01	6.9576	-2.257332	0.000181	1.807053	0.612246	-0.014563
 829	4.1400e-01	6.9126	-2.730643	0.001175	11.745848	3.979601	-0.094662
 830	4.1450e-01	6.8661	-2.330149	-0.000994	-9.938794	-3.367355	0.080099
 831	4.1500e-01	6.8244	-2.293740	-0.000090	-0.903527	-0.306123	0.007282
 832	4.1550e-01	6.7731	-2.548600	0.000632	6.324687	2.142862	-0.050972
 833	4.1600e-01	6.7201	-2.512192	-0.000090	-0.903527	-0.306123	0.007282
 834	4.1650e-01	6.7121	-2.694235	0.000452	4.517634	1.530616	-0.036409
 835	4.1700e-01	6.6977	-2.767052	0.000181	1.807053	0.612246	-0.014563
 836	4.1750e-01	6.5966	-3.021912	0.000632	6.324687	2.142862	-0.050972
 837	4.1800e-01	6.5806	-2.694235	-0.000813	-8.131741	-2.755108	0.065535
 838	4.1850e-01	6.5228	-3.021912	0.000813	8.131741	2.755108	-0.065535
 839	4.1900e-01	6.5020	-3.422406	0.000994	9.938794	3.367355	-0.080099
 840	4.1950e-01	6.5004	-3.094729	-0.000813	-8.131741	-2.755108	0.065535
 841	4.2000e-01	6.4394	-3.094729	-0.000000	-0.000000	-0.000000	0.000000
 842	4.2050e-01	6.3848	-3.422406	0.000813	8.131741	2.755108	-0.065535
 843	4.2100e-01	6.3592	-3.276772	-0.000361	-3.614107	-1.224493	0.029127
 844	4.2150e-01	6.3014	-3.604449	0.000813	8.131741	2.755108	-0.065535
 845	4.2200e-01	6.2742	-3.276772	-0.000813	-8.131741	-2.755108	0.065535
 846	4.2250e-01	6.2469	-3.568041	0.000723	7.228214	2.448985	-0.058254
 847	4.2300e-01	6.1939	-3.822901	0.000632	6.324687	2.142862	-0.050972
 848	4.2350e-01	6.1218	-3.604449	-0.000542	-5.421160	-1.836739	0.043690
 849	4.2400e-01	6.0913	-4.114169	0.001265	12.649374	4.285724	-0.101944
 850	4.2450e-01	6.0624	-4.150578	0.000090	0.903527	0.306123	-0.007282
 851	4.2500e-01	6.0223	-3.677266	-0.001175	-11.745848	-3.979601	0.094662
 852	4.2550e-01	5.9597	-4.441846	0.001897	18.974061	6.428586	-0.152916
 853	4.2600e-01	5.9212	-4.186986	-0.000632	-6.324687	-2.142862	0.050972
 854	4.2650e-01	5.9036	-4.514664	0.000813	8.131741	2.755108	-0.065535
 855	4.2700e-01	5.8587	-4.405438	-0.000271	-2.710580	-0.918369	0.021845
 856	4.2750e-01	5.8218	-4.296212	-0.000271	-2.710580	-0.918369	0.021845
 857	4.2800e-01	5.7833	-4.332621	0.000090	0.903527	0.306123	-0.007282
 858	4.2850e-01	5.7415	-4.514664	0.000452	4.517634	1.530616	-0.036409
 859	4.2900e-01	5.7014	-4.987975	0.001175	11.745848	3.979601	-0.094662
 860	4.2950e-01	5.6742	-4.733115	-0.000632	-6.324687	-2.142862	0.050972
 861	4.3000e-01	5.6180	-4.696706	-0.000090	-0.903527	-0.306123	0.007282
 862	4.3050e-01	5.5811	-5.242835	0.001355	13.552901	4.591847	-0.109226
 863	4.3100e-01	5.5394	-4.987975	-0.000632	-6.324687	-2.142862	0.050972
 864	4.3150e-01	5.4961	-5.424878	0.001084	10.842321	3.673478	-0.087381
 865	4.3200e-01	5.4512	-5.352061	-0.000181	-1.807053	-0.612246	0.014563
 866	4.3250e-01	5.4079	-5.242835	-0.000271	-2.710580	-0.918369	0.021845
 867	4.3300e-01	5.3758	-5.570512	0.000813	8.131741	2.755108	-0.065535
 868	4.3350e-01	5.3389	-5.461287	-0.000271	-2.710580	-0.918369	0.021845
 869	4.3400e-01	5.3020	-5.133609	-0.000813	-8.131741	-2.755108	0.065535
 870	4.3450e-01	5.2747	-5.716147	0.001446	14.456428	4.897970	-0.116507
 871	4.3500e-01	5.2426	-5.606921	-0.000271	-2.710580	-0.918369	0.021845
 872	4.3550e-01	5.1753	-5.788964	0.000452	4.517634	1.530616	-0.036409
 873	4.3600e-01	5.1400	-5.898189	0.000271	2.710580	0.918369	-0.021845
 874	4.3650e-01	5.1047	-6.043824	0.000361	3.614107	1.224493	-0.029127
 875	4.3700e-01	5.0726	-6.225867	0.000452	4.517634	1.530616	-0.036409
 876	4.3750e-01	5.0116	-6.116641	-0.000271	-2.710580	-0.918369	0.021845
 877	4.3800e-01	5.0100	-6.189458	0.000181	1.807053	0.612246	-0.014563
 878	4.3850e-01	4.9426	-6.589952	0.000994	9.938794	3.367355	-0.080099
 879	4.3900e-01	4.8929	-6.298684	-0.000723	-7.228214	-2.448985	0.058254
 880	4.3950e-01	4.8624	-6.735587	0.001084	10.842321	3.673478	-0.087381
 881	4.4000e-01	4.8207	-6.771995	0.000090	0.903527	0.306123	-0.007282
 882	4.4050e-01	4.7662	-6.771995	-0.000000	-0.000000	-0.000000	0.000000
 883	4.4100e-01	4.7245	-6.553544	-0.000542	-5.421160	-1.836739	0.043690
 884	4.4150e-01	4.7213	-6.881221	0.000813	8.131741	2.755108	-0.065535
 885	4.4200e-01	4.6812	-7.390941	0.001265	12.649374	4.285724	-0.101944
 886	4.4250e-01	4.6202	-6.954038	-0.001084	-10.842321	-3.673478	0.087381
 887	4.4300e-01	4.5993	-7.026855	0.000181	1.807053	0.612246	-0.014563
 888	4.4350e-01	4.5352	-7.536575	0.001265	12.649374	4.285724	-0.101944
 889	4.4400e-01	4.5047	-7.354533	-0.000452	-4.517634	-1.530616	0.036409
 890	4.4450e-01	4.4678	-7.500167	0.000361	3.614107	1.224493	-0.029127
 891	4.4500e-01	4.4213	-7.390941	-0.000271	-2.710580	-0.918369	0.021845
 892	4.4550e-01	4.3812	-7.463758	0.000181	1.807053	0.612246	-0.014563
 893	4.4600e-01	4.3218	-7.718618	0.000632	6.324687	2.142862	-0.050972
 894	4.4650e-01	4.2817	-7.755027	0.000090	0.903527	0.306123	-0.007282
 895	4.4700e-01	4.2560	-8.046296	0.000723	7.228214	2.448985	-0.058254
 896	4.4750e-01	4.2047	-7.973478	-0.000181	-1.807053	-0.612246	0.014563
 897	4.4800e-01	4.1903	-8.155521	0.000452	4.517634	1.530616	-0.036409
 898	4.4850e-01	4.1357	-8.155521	-0.000000	-0.000000	-0.000000	0.000000
 899	4.4900e-01	4.0924	-8.301156	0.000361	3.614107	1.224493	-0.029127
 900	4.4950e-01	4.0892	-8.483198	0.000452	4.517634	1.530616	-0.036409
 901	4.5000e-01	4.0298	-8.373973	-0.000271	-2.710580	-0.918369	0.021845
 902	4.5050e-01	3.9977	-8.373973	-0.000000	-0.000000	-0.000000	0.000000
 903	4.5100e-01	3.9544	-8.519607	0.000361	3.614107	1.224493	-0.029127
 904	4.5150e-01	3.9111	-8.701650	0.000452	4.517634	1.530616	-0.036409
 905	4.5200e-01	3.8518	-8.810876	0.000271	2.710580	0.918369	-0.021845
 906	4.5250e-01	3.8229	-8.847284	0.000090	0.903527	0.306123	-0.007282
 907	4.5300e-01	3.7876	-8.992919	0.000361	3.614107	1.224493	-0.029127
 908	4.5350e-01	3.7282	-8.992919	-0.000000	-0.000000	-0.000000	0.000000
 909	4.5400e-01	3.7074	-9.065736	0.000181	1.807053	0.612246	-0.014563
 910	4.5450e-01	3.6528	-9.138553	0.000181	1.807053	0.612246	-0.014563
 911	4.5500e-01	3.6159	-9.502639	0.000904	9.035267	3.061231	-0.072817
 912	4.5550e-01	3.5871	-9.211370	-0.000723	-7.228214	-2.448985	0.058254
 913	4.5600e-01	3.5646	-9.284187	0.000181	1.807053	0.612246	-0.014563
 914	4.5650e-01	3.5101	-9.757499	0.001175	11.745848	3.979601	-0.094662
 915	4.5700e-01	3.4443	-9.611864	-0.000361	-3.614107	-1.224493	0.029127
 916	4.5750e-01	3.4282	-9.721090	0.000271	2.710580	0.918369	-0.021845
 917	4.5800e-01	3.3689	-9.830316	0.000271	2.710580	0.918369	-0.021845
 918	4.5850e-01	3.3545	-9.975950	0.000361	3.614107	1.224493	-0.029127
 919	4.5900e-01	3.3047	-10.048767	0.000181	1.807053	0.612246	-0.014563
 920	4.5950e-01	3.2406	-10.230810	0.000452	4.517634	1.530616	-0.036409
 921	4.6000e-01	3.2341	-10.522079	0.000723	7.228214	2.448985	-0.058254
 922	4.6050e-01	3.1555	-10.485670	-0.000090	-0.903527	-0.306123	0.007282
 923	4.6100e-01	3.1395	-10.522079	0.000090	0.903527	0.306123	-0.007282
 924	4.6150e-01	3.1090	-10.704122	0.000452	4.517634	1.530616	-0.036409
 925	4.6200e-01	3.0641	-10.667713	-0.000090	-0.903527	-0.306123	0.007282
 926	4.6250e-01	3.0095	-10.922573	0.000632	6.324687	2.142862	-0.050972
 927	4.6300e-01	2.9775	-10.886165	-0.000090	-0.903527	-0.306123	0.007282
 928	4.6350e-01	2.9390	-10.704122	-0.000452	-4.517634	-1.530616	0.036409
 929	4.6400e-01	2.9117	-11.068207	0.000904	9.035267	3.061231	-0.072817
 930	4.6450e-01	2.8668	-11.068207	-0.000000	-0.000000	-0.000000	0.000000
 931	4.6500e-01	2.8026	-11.505110	0.001084	10.842321	3.673478	-0.087381
 932	4.6550e-01	2.7705	-10.995390	-0.001265	-12.649374	-4.285724	0.101944
 933	4.6600e-01	2.7400	-11.432293	0.001084	10.842321	3.673478	-0.087381
 934	4.6650e-01	2.6935	-11.432293	-0.000000	-0.000000	-0.000000	0.000000
 935	4.6700e-01	2.6454	-11.541519	0.000271	2.710580	0.918369	-0.021845
 936	4.6750e-01	2.6021	-11.541519	-0.000000	-0.000000	-0.000000	0.000000
 937	4.6800e-01	2.5956	-11.759970	0.000542	5.421160	1.836739	-0.043690
 938	4.6850e-01	2.5571	-11.687153	-0.000181	-1.807053	-0.612246	0.014563
 939	4.6900e-01	2.4737	-12.124056	0.001084	10.842321	3.673478	-0.087381
 940	4.6950e-01	2.4481	-12.160465	0.000090	0.903527	0.306123	-0.007282
 941	4.7000e-01	2.4176	-12.378916	0.000542	5.421160	1.836739	-0.043690
 942	4.7050e-01	2.4096	-12.269690	-0.000271	-2.710580	-0.918369	0.021845
 943	4.7100e-01	2.3326	-12.378916	0.000271	2.710580	0.918369	-0.021845
 944	4.7150e-01	2.2941	-12.560959	0.000452	4.517634	1.530616	-0.036409
 945	4.7200e-01	2.2636	-12.233282	-0.000813	-8.131741	-2.755108	0.065535
 946	4.7250e-01	2.2170	-12.451733	0.000542	5.421160	1.836739	-0.043690
 947	4.7300e-01	2.1577	-12.743002	0.000723	7.228214	2.448985	-0.058254
 948	4.7350e-01	2.1400	-12.524550	-0.000542	-5.421160	-1.836739	0.043690
 949	4.7400e-01	2.0951	-12.888636	0.000904	9.035267	3.061231	-0.072817
 950	4.7450e-01	2.0566	-12.597368	-0.000723	-7.228214	-2.448985	0.058254
 951	4.7500e-01	2.0342	-12.961453	0.000904	9.035267	3.061231	-0.072817
 952	4.7550e-01	1.9684	-13.179905	0.000542	5.421160	1.836739	-0.043690
 953	4.7600e-01	1.9347	-13.325539	0.000361	3.614107	1.224493	-0.029127
 954	4.7650e-01	1.8898	-13.434765	0.000271	2.710580	0.918369	-0.021845
 955	4.7700e-01	1.8753	-13.434765	-0.000000	-0.000000	-0.000000	0.000000
 956	4.7750e-01	1.8112	-13.507582	0.000181	1.807053	0.612246	-0.014563
 957	4.7800e-01	1.7566	-13.616808	0.000271	2.710580	0.918369	-0.021845
 958	4.7850e-01	1.7374	-14.017302	0.000994	9.938794	3.367355	-0.080099
 959	4.7900e-01	1.7037	-14.053711	0.000090	0.903527	0.306123	-0.007282
 960	4.7950e-01	1.6732	-13.762442	-0.000723	-7.228214	-2.448985	0.058254
 961	4.8000e-01	1.6395	-14.053711	0.000723	7.228214	2.448985	-0.058254
 962	4.8050e-01	1.5802	-14.199345	0.000361	3.614107	1.224493	-0.029127
 963	4.8100e-01	1.5641	-14.308571	0.000271	2.710580	0.918369	-0.021845
 964	4.8150e-01	1.5224	-14.235754	-0.000181	-1.807053	-0.612246	0.014563
 965	4.8200e-01	1.4647	-14.527022	0.000723	7.228214	2.448985	-0.058254
 966	4.8250e-01	1.4294	-14.490614	-0.000090	-0.903527	-0.306123	0.007282
 967	4.8300e-01	1.3716	-14.818291	0.000813	8.131741	2.755108	-0.065535
 968	4.8350e-01	1.3620	-14.927517	0.000271	2.710580	0.918369	-0.021845
 969	4.8400e-01	1.2994	-14.563431	-0.000904	-9.035267	-3.061231	0.072817
 970	4.8450e-01	1.2545	-15.546462	0.002440	24.395222	8.265325	-0.196606
 971	4.8500e-01	1.2224	-15.073151	-0.001175	-11.745848	-3.979601	0.094662
 972	4.8550e-01	1.1695	-15.692097	0.001536	15.359955	5.204093	-0.123789
 973	4.8600e-01	1.1502	-15.400828	-0.000723	-7.228214	-2.448985	0.058254
 974	4.8650e-01	1.1021	-15.582871	0.000452	4.517634	1.530616	-0.036409
 975	4.8700e-01	1.0845	-15.546462	-0.000090	-0.903527	-0.306123	0.007282
 976	4.8750e-01	0.9994	-15.546462	-0.000000	-0.000000	-0.000000	0.000000
 977	4.8800e-01	0.9770	-16.019774	0.001175	11.745848	3.979601	-0.094662
 978	4.8850e-01	0.9289	-15.692097	-0.000813	-8.131741	-2.755108	0.065535
 979	4.8900e-01	0.9144	-15.874140	0.000452	4.517634	1.530616	-0.036409
 980	4.8950e-01	0.8294	-15.983365	0.000271	2.710580	0.918369	-0.021845
 981	4.9000e-01	0.8374	-16.201817	-0.000542	-5.421160	-1.836739	-0.043690
 982	4.9050e-01	0.7781	-16.529494	0.000813	8.131741	2.755108	-0.065535
 983	4.9100e-01	0.7572	-16.493085	-0.000090	-0.903527	-0.306123	0.007282
 984	4.9150e-01	0.7027	-16.347451	-0.000361	-3.614107	-1.224493	0.029127
 985	4.9200e-01	0.6625	-16.565903	0.000542	5.421160	1.836739	-0.043690
 986	4.9250e-01	0.6144	-16.565903	-0.000000	-0.000000	-0.000000	0.000000
 987	4.9300e-01	0.5727	-16.893580	0.000813	8.131741	2.755108	-0.065535
 988	4.9350e-01	0.5053	-16.565903	-0.000813	-8.131741	-2.755108	0.065535
 989	4.9400e-01	0.4925	-17.294074	0.001807	18.070535	6.122463	-0.145634
 990	4.9450e-01	0.4540	-16.893580	-0.000994	-9.938794	-3.367355	0.080099
 991	4.9500e-01	0.4187	-17.184848	0.000723	7.228214	2.448985	-0.058254
 992	4.9550e-01	0.3497	-17.148440	-0.000090	-0.903527	-0.306123	0.007282
 993	4.9600e-01	0.3401	-17.476117	0.000813	8.131741	2.755108	-0.065535
 994	4.9650e-01	0.2823	-17.876611	0.000994	9.938794	3.367355	-0.080099
 995	4.9700e-01	0.2487	-17.730977	-0.000361	-3.614107	-1.224493	0.029127
 996	4.9750e-01	0.2053	-17.767386	0.000090	0.903527	0.306123	-0.007282
 997	4.9800e-01	0.1588	-17.694568	-0.000181	-1.807053	-0.612246	0.014563
 998	4.9850e-01	0.1460	-18.058654	0.000904	9.035267	3.061231	-0.072817
 999	4.9900e-01	0.1059	-18.240697	0.000452	4.517634	1.530616	-0.036409
1000	4.9950e-01	0.0722	-18.095063	-0.000361	-3.614107	-1.224493	0.029127
1001	5.0000e-01	0.0658	-18.531966	-0.000361	-3.614107	-1.224493	-0.087381

PMax (uC/cm2):	4.02e+01
Pr (uC/cm2):	1.60e+00
-Pr (uC/cm2):	0.00e+00
PLoss (uC/cm2):	0.00e+00
C (Max-Eff) (nF):	2.01e-01
K (Eff):	6.80e+02
Vert. (+/-Pr) Shift (uC/cm2):	8.01e-01
Offset (uC/cm2):	2.01e+01

A (Loop Area - uC/cm2·Volts):	1.15e-01



Hysteresis Version: 5.48.1 - Radiant Technologies, Inc., 1999 - 9/12/24

