»»»»»»»»»»»»»»»»»»»»»»»»»»»»»»»»»»»» Hysteresis ««««««««««««««««««««««««««««««««««««
»»»  Executed Version:	5.48.1
»»»  Vision Version:	5.48.4 (R)
»»»  Vision Compiled:	9/18/24
»»»  Driver Version:	5.47.0
»»»  Windows Version:	Windows 8 or 8.1
»»»  Processor Information:	x86 (AMD or Intel) - 32 Processors
»»»  Tester Name:	PMF21124-494 (100V)
»»»  Tester S/N:	PMF21124-494
»»»  Internal Amp Type:	100V RevK 270k
»»»  Internal Amp S/N:	iAB2-596/K     
»»»  Execution Count:	1
»»»»»»»»»»»»»»»»»»»»»»»»»»»»»»»»»»»»»»»»»»««««««««««««««««««««««««««««««««««««««««««

Stored:	10/8/2025 - 18:47:28
Configured:	10/08/25 04:22:59 PM
Executed:	10/08/25 06:46:39 PM

»»»»»»»»»»»»»»»»»»»»»»»»»»»»»»»»»»» Sample Info ««««««««««««««««««««««««««««««««««««
Sample Name:	Int. Ref. Ferroelectric
Lot Name:	N/A
Wafer Name:	N/A
Die Row/Column:	0/0
Capacitor Number:	0
Sample Area (cm2):	1.00e-04
Sample Thickness (microns):	3.00e-01

Amplifier:	Internal

»»»»»»»»»»»»»»»»»»»»»»»»»»»»»»»»»»» Tester Info «««««««««««««««««««««««««««««««««««
Tester Name:	PMF21124-494 (100V)
Tester Serial Number:	PMF21124-494
Return Signal Amp. Level:	0.02 [Index: 2]

»»»»»»»»»»»»»»»»»»»»»»»»»»»»»»»» Hysteresis Info ««««««««««««««««««««««««««««««««««
Task Name:	Hyste-8
Volts:	20.00
Field:	666.67 (kV/cm)
DCBias:	0.00
DCField:	0.00 (kV/cm)
Hysteresis Period (ms):	5.00e-01
Preset:	Enabled
Preset Delay (ms):	1.00e+03
Profile:	Standard Monopolar

»»»»»»»»»»»»»»»»»»»»»»»»»»»»»»»»»»»»»» Data «««««««««««««««««««««««««««««««««««««««
Points:	1001

Valid Data

Point	Time (ms)	Drive Voltage	Measured Polarization (uC/cm2)	Capacitance (uF)	Normalized Capacitance (uF/cm2)	Dielectric Constant	Instantaneous Current (mA)
   1	0.0000e+00	0.0578	-23.192264	-0.000090	-0.903676	-0.306174	0.007282
   2	5.0000e-04	0.0545	-23.155855	-0.000090	-0.903676	-0.306174	0.007282
   3	1.0000e-03	0.1043	-23.228672	-0.000181	-1.807351	-0.612347	-0.014563
   4	1.5000e-03	0.1508	-22.864586	0.000904	9.036755	3.061735	0.072817
   5	2.0000e-03	0.2150	-23.155855	-0.000723	-7.229404	-2.449388	-0.058254
   6	2.5000e-03	0.2551	-22.646135	0.001265	12.651457	4.286430	0.101944
   7	3.0000e-03	0.2888	-22.973812	-0.000813	-8.133080	-2.755562	-0.065535
   8	3.5000e-03	0.3289	-22.318458	0.001627	16.266159	5.511124	0.131071
   9	4.0000e-03	0.3385	-22.609726	-0.000723	-7.229404	-2.449388	-0.058254
  10	4.5000e-03	0.4091	-22.172823	0.001084	10.844106	3.674083	0.087381
  11	5.0000e-03	0.4556	-22.172823	0.000000	0.000000	0.000000	0.000000
  12	5.5000e-03	0.4684	-22.172823	0.000000	0.000000	0.000000	0.000000
  13	6.0000e-03	0.5134	-21.917963	0.000633	6.325729	2.143215	0.050972
  14	6.5000e-03	0.5615	-21.590286	0.000813	8.133080	2.755562	0.065535
  15	7.0000e-03	0.6064	-21.917963	-0.000813	-8.133080	-2.755562	-0.065535
  16	7.5000e-03	0.6609	-21.371835	0.001356	13.555133	4.592603	0.109226
  17	8.0000e-03	0.6754	-21.881555	-0.001265	-12.651457	-4.286430	-0.101944
  18	8.5000e-03	0.7235	-21.262609	0.001536	15.362484	5.204950	0.123789
  19	9.0000e-03	0.7379	-20.971340	0.000723	7.229404	2.449388	0.058254
  20	9.5000e-03	0.8069	-21.007749	-0.000090	-0.903676	-0.306174	-0.007282
  21	1.0000e-02	0.8310	-21.116975	-0.000271	-2.711027	-0.918521	-0.021845
  22	1.0500e-02	0.8984	-20.898523	0.000542	5.422053	1.837041	0.043690
  23	1.1000e-02	0.9240	-20.862115	0.000090	0.903676	0.306174	0.007282
  24	1.1500e-02	0.9609	-20.315986	0.001356	13.555133	4.592603	0.109226
  25	1.2000e-02	0.9818	-20.680072	-0.000904	-9.036755	-3.061735	-0.072817
  26	1.2500e-02	1.0476	-20.388803	0.000723	7.229404	2.449388	0.058254
  27	1.3000e-02	1.0941	-19.951900	0.001084	10.844106	3.674083	0.087381
  28	1.3500e-02	1.1182	-19.879083	0.000181	1.807351	0.612347	0.014563
  29	1.4000e-02	1.1615	-20.061126	-0.000452	-4.518378	-1.530868	-0.036409
  30	1.4500e-02	1.2000	-19.915492	0.000361	3.614702	1.224694	0.029127
  31	1.5000e-02	1.2673	-19.915492	0.000000	0.000000	0.000000	0.000000
  32	1.5500e-02	1.2754	-19.442180	0.001175	11.747782	3.980256	0.094662
  33	1.6000e-02	1.3058	-19.551406	-0.000271	-2.711027	-0.918521	-0.021845
  34	1.6500e-02	1.3748	-19.223729	0.000813	8.133080	2.755562	0.065535
  35	1.7000e-02	1.4133	-19.150911	0.000181	1.807351	0.612347	0.014563
  36	1.7500e-02	1.4262	-18.896051	0.000633	6.325729	2.143215	0.050972
  37	1.8000e-02	1.5112	-18.677600	0.000542	5.422053	1.837041	0.043690
  38	1.8500e-02	1.5160	-19.041686	-0.000904	-9.036755	-3.061735	-0.072817
  39	1.9000e-02	1.5850	-18.750417	0.000723	7.229404	2.449388	0.058254
  40	1.9500e-02	1.6106	-18.750417	0.000000	0.000000	0.000000	0.000000
  41	2.0000e-02	1.6363	-18.531966	0.000542	5.422053	1.837041	0.043690
  42	2.0500e-02	1.6748	-18.750417	-0.000542	-5.422053	-1.837041	-0.043690
  43	2.1000e-02	1.7262	-18.058654	0.001717	17.169835	5.817297	0.138353
  44	2.1500e-02	1.7791	-18.204288	-0.000361	-3.614702	-1.224694	-0.029127
  45	2.2000e-02	1.8272	-18.240697	-0.000090	-0.903676	-0.306174	-0.007282
  46	2.2500e-02	1.8320	-17.803794	0.001084	10.844106	3.674083	0.087381
  47	2.3000e-02	1.8737	-17.658160	0.000361	3.614702	1.224694	0.029127
  48	2.3500e-02	1.9347	-17.694568	-0.000090	-0.903676	-0.306174	-0.007282
  49	2.4000e-02	1.9764	-17.694568	0.000000	0.000000	0.000000	0.000000
  50	2.4500e-02	1.9957	-17.257665	0.001084	10.844106	3.674083	0.087381
  51	2.5000e-02	2.0518	-17.330483	-0.000181	-1.807351	-0.612347	-0.014563
  52	2.5500e-02	2.0422	-17.075623	-0.000633	-6.325729	-2.143215	0.050972
  53	2.6000e-02	2.1112	-16.820763	0.000633	6.325729	2.143215	0.050972
  54	2.6500e-02	2.1689	-16.747945	0.000181	1.807351	0.612347	0.014563
  55	2.7000e-02	2.1994	-16.383860	0.000904	9.036755	3.061735	0.072817
  56	2.7500e-02	2.2475	-16.929988	-0.001356	-13.555133	-4.592603	-0.109226
  57	2.8000e-02	2.2844	-16.529494	0.000994	9.940431	3.367909	0.080099
  58	2.8500e-02	2.3277	-16.201817	0.000813	8.133080	2.755562	0.065535
  59	2.9000e-02	2.3502	-16.238225	-0.000090	-0.903676	-0.306174	-0.007282
  60	2.9500e-02	2.3887	-16.238225	0.000000	0.000000	0.000000	0.000000
  61	3.0000e-02	2.4384	-16.092591	0.000361	3.614702	1.224694	0.029127
  62	3.0500e-02	2.4978	-16.092591	0.000000	0.000000	0.000000	0.000000
  63	3.1000e-02	2.4994	-16.092591	0.000000	0.000000	0.000000	0.000000
  64	3.1500e-02	2.5652	-15.619280	0.001175	11.747782	3.980256	0.094662
  65	3.2000e-02	2.6053	-15.655688	-0.000090	-0.903676	-0.306174	-0.007282
  66	3.2500e-02	2.6534	-15.655688	0.000000	0.000000	0.000000	0.000000
  67	3.3000e-02	2.6727	-15.036742	0.001536	15.362484	5.204950	0.123789
  68	3.3500e-02	2.7336	-15.255194	-0.000542	-5.422053	-1.837041	-0.043690
  69	3.4000e-02	2.7753	-15.145968	0.000271	2.711027	0.918521	0.021845
  70	3.4500e-02	2.8074	-15.328011	-0.000452	-4.518378	-1.530868	-0.036409
  71	3.5000e-02	2.8427	-14.963925	0.000904	9.036755	3.061735	0.072817
  72	3.5500e-02	2.8603	-14.927517	0.000090	0.903676	0.306174	0.007282
  73	3.6000e-02	2.9117	-15.036742	-0.000271	-2.711027	-0.918521	-0.021845
  74	3.6500e-02	2.9534	-14.381388	0.001627	16.266159	5.511124	0.131071
  75	3.7000e-02	3.0031	-14.781882	-0.000994	-9.940431	-3.367909	-0.080099
  76	3.7500e-02	3.0529	-13.980894	0.001988	19.880861	6.735818	0.160198
  77	3.8000e-02	3.0721	-14.672657	-0.001717	-17.169835	-5.817297	-0.138353
  78	3.8500e-02	3.1266	-14.272162	0.000994	9.940431	3.367909	0.080099
  79	3.9000e-02	3.1635	-13.871668	0.000994	9.940431	3.367909	0.080099
  80	3.9500e-02	3.1876	-13.908076	-0.000090	-0.903676	-0.306174	-0.007282
  81	4.0000e-02	3.2646	-13.653216	0.000633	6.325729	2.143215	0.050972
  82	4.0500e-02	3.2726	-13.726034	-0.000181	-1.807351	-0.612347	-0.014563
  83	4.1000e-02	3.3256	-13.543991	0.000452	4.518378	1.530868	0.036409
  84	4.1500e-02	3.3769	-13.289131	0.000633	6.325729	2.143215	0.050972
  85	4.2000e-02	3.4090	-13.507582	-0.000542	-5.422053	-1.837041	-0.043690
  86	4.2500e-02	3.4587	-13.252722	0.000633	6.325729	2.143215	0.050972
  87	4.3000e-02	3.4908	-13.216313	0.000090	0.903676	0.306174	0.007282
  88	4.3500e-02	3.5069	-12.743002	0.001175	11.747782	3.980256	0.094662
  89	4.4000e-02	3.5550	-12.925045	-0.000452	-4.518378	-1.530868	-0.036409
  90	4.4500e-02	3.6063	-12.743002	0.000452	4.518378	1.530868	0.036409
  91	4.5000e-02	3.6304	-12.597368	0.000361	3.614702	1.224694	0.029127
  92	4.5500e-02	3.6737	-12.779411	-0.000452	-4.518378	-1.530868	-0.036409
  93	4.6000e-02	3.7186	-12.560959	0.000542	5.422053	1.837041	0.043690
  94	4.6500e-02	3.7603	-12.087648	0.001175	11.747782	3.980256	0.094662
  95	4.7000e-02	3.7924	-12.560959	-0.001175	-11.747782	-3.980256	-0.094662
  96	4.7500e-02	3.8213	-12.014830	0.001356	13.555133	4.592603	0.109226
  97	4.8000e-02	3.8614	-11.942013	0.000181	1.807351	0.612347	0.014563
  98	4.8500e-02	3.9480	-11.869196	0.000181	1.807351	0.612347	0.014563
  99	4.9000e-02	3.9625	-12.014830	-0.000361	-3.614702	-1.224694	-0.029127
 100	4.9500e-02	3.9994	-12.087648	-0.000181	-1.807351	-0.612347	-0.014563
 101	5.0000e-02	4.0411	-11.759970	0.000813	8.133080	2.755562	0.065535
 102	5.0500e-02	4.0876	-11.614336	0.000361	3.614702	1.224694	0.029127
 103	5.1000e-02	4.1004	-11.323067	0.000723	7.229404	2.449388	0.058254
 104	5.1500e-02	4.1742	-11.213842	0.000271	2.711027	0.918521	0.021845
 105	5.2000e-02	4.2207	-10.922573	0.000723	7.229404	2.449388	0.058254
 106	5.2500e-02	4.2255	-11.068207	-0.000361	-3.614702	-1.224694	-0.029127
 107	5.3000e-02	4.2945	-11.104616	-0.000090	-0.903676	-0.306174	-0.007282
 108	5.3500e-02	4.3170	-11.141025	-0.000090	-0.903676	-0.306174	-0.007282
 109	5.4000e-02	4.3427	-10.849756	0.000723	7.229404	2.449388	0.058254
 110	5.4500e-02	4.4132	-10.340036	0.001265	12.651457	4.286430	0.101944
 111	5.5000e-02	4.4405	-10.922573	-0.001446	-14.458808	-4.898777	-0.116507
 112	5.5500e-02	4.4886	-10.449262	0.001175	11.747782	3.980256	0.094662
 113	5.6000e-02	4.5271	-10.376444	0.000181	1.807351	0.612347	0.014563
 114	5.6500e-02	4.5673	-10.157993	0.000542	5.422053	1.837041	0.043690
 115	5.7000e-02	4.5945	-10.230810	-0.000181	-1.807351	-0.612347	-0.014563
 116	5.7500e-02	4.6539	-10.085176	0.000361	3.614702	1.224694	0.029127
 117	5.8000e-02	4.6779	-10.121584	-0.000090	-0.903676	-0.306174	-0.007282
 118	5.8500e-02	4.7453	-9.793907	0.000813	8.133080	2.755562	0.065535
 119	5.9000e-02	4.7533	-9.757499	0.000090	0.903676	0.306174	0.007282
 120	5.9500e-02	4.8095	-9.830316	-0.000181	-1.807351	-0.612347	-0.014563
 121	6.0000e-02	4.8400	-9.757499	0.000181	1.807351	0.612347	0.014563
 122	6.0500e-02	4.8769	-9.393413	0.000904	9.036755	3.061735	0.072817
 123	6.1000e-02	4.9090	-9.429821	-0.000090	-0.903676	-0.306174	-0.007282
 124	6.1500e-02	4.9603	-9.611864	-0.000452	-4.518378	-1.530868	-0.036409
 125	6.2000e-02	5.0004	-9.029327	0.001446	14.458808	4.898777	0.116507
 126	6.2500e-02	5.0517	-9.247779	-0.000542	-5.422053	-1.837041	-0.043690
 127	6.3000e-02	5.0966	-8.810876	0.001084	10.844106	3.674083	0.087381
 128	6.3500e-02	5.1384	-8.847284	-0.000090	-0.903676	-0.306174	-0.007282
 129	6.4000e-02	5.1576	-8.738058	0.000271	2.711027	0.918521	0.021845
 130	6.4500e-02	5.1993	-8.628833	0.000271	2.711027	0.918521	0.021845
 131	6.5000e-02	5.2619	-8.228338	0.000994	9.940431	3.367909	0.080099
 132	6.5500e-02	5.2795	-8.446790	-0.000542	-5.422053	-1.837041	-0.043690
 133	6.6000e-02	5.2956	-8.264747	0.000452	4.518378	1.530868	0.036409
 134	6.6500e-02	5.3437	-8.373973	-0.000271	-2.711027	-0.918521	-0.021845
 135	6.7000e-02	5.3838	-8.046296	0.000813	8.133080	2.755562	0.065535
 136	6.7500e-02	5.4400	-7.864253	0.000452	4.518378	1.530868	0.036409
 137	6.8000e-02	5.4865	-8.082704	-0.000542	-5.422053	-1.837041	-0.043690
 138	6.8500e-02	5.5266	-7.536575	0.001356	13.555133	4.592603	0.109226
 139	6.9000e-02	5.5587	-7.609393	-0.000181	-1.807351	-0.612347	-0.014563
 140	6.9500e-02	5.5908	-7.427350	0.000452	4.518378	1.530868	0.036409
 141	7.0000e-02	5.6469	-7.682210	-0.000633	-6.325729	-2.143215	-0.050972
 142	7.0500e-02	5.6902	-7.245307	0.001084	10.844106	3.674083	0.087381
 143	7.1000e-02	5.7143	-7.718618	-0.001175	-11.747782	-3.980256	-0.094662
 144	7.1500e-02	5.7624	-7.281715	0.001084	10.844106	3.674083	0.087381
 145	7.2000e-02	5.7849	-7.099673	0.000452	4.518378	1.530868	0.036409
 146	7.2500e-02	5.8282	-6.881221	0.000542	5.422053	1.837041	0.043690
 147	7.3000e-02	5.8956	-6.771995	0.000271	2.711027	0.918521	0.021845
 148	7.3500e-02	5.9308	-6.771995	0.000000	0.000000	0.000000	0.000000
 149	7.4000e-02	5.9742	-6.626361	0.000361	3.614702	1.224694	0.029127
 150	7.4500e-02	5.9870	-6.553544	0.000181	1.807351	0.612347	0.014563
 151	7.5000e-02	6.0191	-6.444318	0.000271	2.711027	0.918521	0.021845
 152	7.5500e-02	6.0736	-6.771995	-0.000813	-8.133080	-2.755562	-0.065535
 153	7.6000e-02	6.1474	-6.153050	0.001536	15.362484	5.204950	0.123789
 154	7.6500e-02	6.1554	-6.262275	-0.000271	-2.711027	-0.918521	-0.021845
 155	7.7000e-02	6.2084	-6.043824	0.000542	5.422053	1.837041	0.043690
 156	7.7500e-02	6.2758	-5.934598	0.000271	2.711027	0.918521	0.021845
 157	7.8000e-02	6.2774	-5.752555	0.000452	4.518378	1.530868	0.036409
 158	7.8500e-02	6.3383	-5.606921	0.000361	3.614702	1.224694	0.029127
 159	7.9000e-02	6.3576	-5.934598	-0.000813	-8.133080	-2.755562	-0.065535
 160	7.9500e-02	6.4185	-5.679738	0.000633	6.325729	2.143215	0.050972
 161	8.0000e-02	6.4474	-5.497695	0.000452	4.518378	1.530868	0.036409
 162	8.0500e-02	6.4827	-5.716147	-0.000542	-5.422053	-1.837041	-0.043690
 163	8.1000e-02	6.4955	-5.424878	0.000723	7.229404	2.449388	0.058254
 164	8.1500e-02	6.5549	-5.206427	0.000542	5.422053	1.837041	0.043690
 165	8.2000e-02	6.5902	-4.769524	0.001084	10.844106	3.674083	0.087381
 166	8.2500e-02	6.6399	-4.915158	-0.000361	-3.614702	-1.224694	-0.029127
 167	8.3000e-02	6.6768	-4.805932	0.000271	2.711027	0.918521	0.021845
 168	8.3500e-02	6.7394	-4.623889	0.000452	4.518378	1.530868	0.036409
 169	8.4000e-02	6.7634	-4.696706	-0.000181	-1.807351	-0.612347	-0.014563
 170	8.4500e-02	6.7923	-4.441846	0.000633	6.325729	2.143215	0.050972
 171	8.5000e-02	6.8372	-4.623889	-0.000452	-4.518378	-1.530868	-0.036409
 172	8.5500e-02	6.9030	-4.223395	0.000994	9.940431	3.367909	0.080099
 173	8.6000e-02	6.9447	-4.696706	-0.001175	-11.747782	-3.980256	-0.094662
 174	8.6500e-02	6.9527	-4.186986	0.001265	12.651457	4.286430	0.101944
 175	8.7000e-02	6.9977	-4.041352	0.000361	3.614702	1.224694	0.029127
 176	8.7500e-02	7.0650	-4.004943	0.000090	0.903676	0.306174	0.007282
 177	8.8000e-02	7.0811	-3.713675	0.000723	7.229404	2.449388	0.058254
 178	8.8500e-02	7.1228	-3.859309	-0.000361	-3.614702	-1.224694	-0.029127
 179	8.9000e-02	7.1741	-3.458815	0.000994	9.940431	3.367909	0.080099
 180	8.9500e-02	7.1757	-3.640858	-0.000452	-4.518378	-1.530868	-0.036409
 181	9.0000e-02	7.2672	-3.313181	0.000813	8.133080	2.755562	0.065535
 182	9.0500e-02	7.2592	-3.495223	0.000452	4.518378	1.530868	-0.036409
 183	9.1000e-02	7.3281	-3.131138	0.000904	9.036755	3.061735	0.072817
 184	9.1500e-02	7.3634	-3.276772	-0.000361	-3.614702	-1.224694	-0.029127
 185	9.2000e-02	7.3811	-3.276772	0.000000	0.000000	0.000000	0.000000
 186	9.2500e-02	7.4308	-3.167546	0.000271	2.711027	0.918521	0.021845
 187	9.3000e-02	7.4837	-2.803460	0.000904	9.036755	3.061735	0.072817
 188	9.3500e-02	7.5014	-2.985503	-0.000452	-4.518378	-1.530868	-0.036409
 189	9.4000e-02	7.5720	-2.512192	0.001175	11.747782	3.980256	0.094662
 190	9.4500e-02	7.5848	-2.803460	-0.000723	-7.229404	-2.449388	-0.058254
 191	9.5000e-02	7.6297	-2.548600	0.000633	6.325729	2.143215	0.050972
 192	9.5500e-02	7.6682	-2.694235	-0.000361	-3.614702	-1.224694	-0.029127
 193	9.6000e-02	7.7083	-2.330149	0.000904	9.036755	3.061735	0.072817
 194	9.6500e-02	7.7773	-2.439375	-0.000271	-2.711027	-0.918521	-0.021845
 195	9.7000e-02	7.7869	-2.038880	0.000994	9.940431	3.367909	0.080099
 196	9.7500e-02	7.8527	-2.148106	-0.000271	-2.711027	-0.918521	-0.021845
 197	9.8000e-02	7.8543	-1.966063	0.000452	4.518378	1.530868	0.036409
 198	9.8500e-02	7.9345	-1.638386	0.000813	8.133080	2.755562	0.065535
 199	9.9000e-02	7.9811	-1.966063	-0.000813	-8.133080	-2.755562	-0.065535
 200	9.9500e-02	7.9859	-1.601977	0.000904	9.036755	3.061735	0.072817
 201	1.0000e-01	8.0484	-1.529160	0.000181	1.807351	0.612347	0.014563
 202	1.0050e-01	8.0725	-1.565569	-0.000090	-0.903676	-0.306174	-0.007282
 203	1.0100e-01	8.1046	-1.529160	0.000090	0.903676	0.306174	0.007282
 204	1.0150e-01	8.1912	-1.601977	-0.000181	-1.807351	-0.612347	-0.014563
 205	1.0200e-01	8.2073	-1.165074	0.001084	10.844106	3.674083	0.087381
 206	1.0250e-01	8.2538	-1.201483	-0.000090	-0.903676	-0.306174	-0.007282
 207	1.0300e-01	8.2939	-0.873806	0.000813	8.133080	2.755562	0.065535
 208	1.0350e-01	8.3115	-0.983032	-0.000271	-2.711027	-0.918521	-0.021845
 209	1.0400e-01	8.3597	-0.873806	0.000271	2.711027	0.918521	0.021845
 210	1.0450e-01	8.3982	-0.800989	0.000181	1.807351	0.612347	0.014563
 211	1.0500e-01	8.4351	-0.618946	0.000452	4.518378	1.530868	0.036409
 212	1.0550e-01	8.4896	-0.764580	-0.000361	-3.614702	-1.224694	-0.029127
 213	1.0600e-01	8.5121	-0.582537	0.000452	4.518378	1.530868	0.036409
 214	1.0650e-01	8.5666	-0.509720	0.000181	1.807351	0.612347	0.014563
 215	1.0700e-01	8.6019	-0.291269	0.000542	5.422053	1.837041	0.043690
 216	1.0750e-01	8.6484	-0.582537	-0.000723	-7.229404	-2.449388	-0.058254
 217	1.0800e-01	8.6500	-0.254860	0.000813	8.133080	2.755562	0.065535
 218	1.0850e-01	8.7334	0.254860	0.001265	12.651457	4.286430	0.101944
 219	1.0900e-01	8.7463	-0.036409	-0.000723	-7.229404	-2.449388	-0.058254
 220	1.0950e-01	8.7864	0.327677	0.000904	9.036755	3.061735	0.072817
 221	1.1000e-01	8.8522	0.145634	-0.000452	-4.518378	-1.530868	-0.036409
 222	1.1050e-01	8.8810	0.109226	-0.000090	-0.903676	-0.306174	-0.007282
 223	1.1100e-01	8.9243	0.400494	0.000723	7.229404	2.449388	0.058254
 224	1.1150e-01	8.9757	0.655354	0.000633	6.325729	2.143215	0.050972
 225	1.1200e-01	9.0110	0.436903	-0.000542	-5.422053	-1.837041	-0.043690
 226	1.1250e-01	9.0447	0.910214	0.001175	11.747782	3.980256	0.094662
 227	1.1300e-01	9.0671	1.128666	0.000542	5.422053	1.837041	0.043690
 228	1.1350e-01	9.1313	0.800989	-0.000813	-8.133080	-2.755562	-0.065535
 229	1.1400e-01	9.1778	1.092257	0.000723	7.229404	2.449388	0.058254
 230	1.1450e-01	9.1810	1.237892	0.000361	3.614702	1.224694	0.029127
 231	1.1500e-01	9.2179	1.128666	-0.000271	-2.711027	-0.918521	-0.021845
 232	1.1550e-01	9.3013	1.092257	-0.000090	-0.903676	-0.306174	-0.007282
 233	1.1600e-01	9.3270	1.601977	0.001265	12.651457	4.286430	0.101944
 234	1.1650e-01	9.3687	1.456343	-0.000361	-3.614702	-1.224694	-0.029127
 235	1.1700e-01	9.4056	1.565569	0.000271	2.711027	0.918521	0.021845
 236	1.1750e-01	9.4168	1.492752	-0.000181	-1.807351	-0.612347	-0.014563
 237	1.1800e-01	9.4746	1.529160	0.000090	0.903676	0.306174	0.007282
 238	1.1850e-01	9.5083	1.747612	0.000542	5.422053	1.837041	0.043690
 239	1.1900e-01	9.5596	1.784020	0.000090	0.903676	0.306174	0.007282
 240	1.1950e-01	9.6206	1.966063	0.000452	4.518378	1.530868	0.036409
 241	1.2000e-01	9.6559	2.439375	0.001175	11.747782	3.980256	0.094662
 242	1.2050e-01	9.6703	1.966063	-0.001175	-11.747782	-3.980256	-0.094662
 243	1.2100e-01	9.7345	2.293740	0.000813	8.133080	2.755562	0.065535
 244	1.2150e-01	9.7265	2.257332	0.000090	0.903676	0.306174	-0.007282
 245	1.2200e-01	9.7906	2.330149	0.000181	1.807351	0.612347	0.014563
 246	1.2250e-01	9.8339	2.585009	0.000633	6.325729	2.143215	0.050972
 247	1.2300e-01	9.8821	2.803460	0.000542	5.422053	1.837041	0.043690
 248	1.2350e-01	9.9302	3.167546	0.000904	9.036755	3.061735	0.072817
 249	1.2400e-01	9.9446	2.694235	-0.001175	-11.747782	-3.980256	-0.094662
 250	1.2450e-01	10.0249	2.985503	0.000723	7.229404	2.449388	0.058254
 251	1.2500e-01	10.0441	3.021912	0.000090	0.903676	0.306174	0.007282
 252	1.2550e-01	10.0746	3.131138	0.000271	2.711027	0.918521	0.021845
 253	1.2600e-01	10.0986	3.276772	0.000361	3.614702	1.224694	0.029127
 254	1.2650e-01	10.1548	3.058320	-0.000542	-5.422053	-1.837041	-0.043690
 255	1.2700e-01	10.2061	3.604449	0.001356	13.555133	4.592603	0.109226
 256	1.2750e-01	10.2430	3.240363	-0.000904	-9.036755	-3.061735	-0.072817
 257	1.2800e-01	10.2783	3.458815	0.000542	5.422053	1.837041	0.043690
 258	1.2850e-01	10.3152	3.822901	0.000904	9.036755	3.061735	0.072817
 259	1.2900e-01	10.3473	3.895718	0.000181	1.807351	0.612347	0.014563
 260	1.2950e-01	10.3826	3.750083	-0.000361	-3.614702	-1.224694	-0.029127
 261	1.3000e-01	10.4371	3.932126	0.000452	4.518378	1.530868	0.036409
 262	1.3050e-01	10.5029	3.786492	-0.000361	-3.614702	-1.224694	-0.029127
 263	1.3100e-01	10.5222	3.786492	0.000000	0.000000	0.000000	0.000000
 264	1.3150e-01	10.5414	4.369029	0.001446	14.458808	4.898777	0.116507
 265	1.3200e-01	10.6056	4.296212	-0.000181	-1.807351	-0.612347	-0.014563
 266	1.3250e-01	10.6537	4.223395	-0.000181	-1.807351	-0.612347	-0.014563
 267	1.3300e-01	10.6681	4.259804	0.000090	0.903676	0.306174	0.007282
 268	1.3350e-01	10.7291	4.551072	0.000723	7.229404	2.449388	0.058254
 269	1.3400e-01	10.7837	4.696706	0.000361	3.614702	1.224694	0.029127
 270	1.3450e-01	10.8157	4.733115	0.000090	0.903676	0.306174	0.007282
 271	1.3500e-01	10.8574	4.332621	-0.000994	-9.940431	-3.367909	-0.080099
 272	1.3550e-01	10.8767	5.097201	0.001898	18.977186	6.429645	0.152916
 273	1.3600e-01	10.9232	5.060792	-0.000090	-0.903676	-0.306174	-0.007282
 274	1.3650e-01	10.9473	5.097201	0.000090	0.903676	0.306174	0.007282
 275	1.3700e-01	10.9746	5.242835	0.000361	3.614702	1.224694	0.029127
 276	1.3750e-01	11.0387	5.315652	0.000181	1.807351	0.612347	0.014563
 277	1.3800e-01	11.0917	5.242835	-0.000181	-1.807351	-0.612347	-0.014563
 278	1.3850e-01	11.1173	5.534104	0.000723	7.229404	2.449388	0.058254
 279	1.3900e-01	11.1606	5.606921	0.000181	1.807351	0.612347	0.014563
 280	1.3950e-01	11.2200	5.643329	0.000090	0.903676	0.306174	0.007282
 281	1.4000e-01	11.2617	5.388469	-0.000633	-6.325729	-2.143215	-0.050972
 282	1.4050e-01	11.2729	5.643329	0.000633	6.325729	2.143215	0.050972
 283	1.4100e-01	11.2986	5.934598	0.000723	7.229404	2.449388	0.058254
 284	1.4150e-01	11.3516	6.080232	0.000361	3.614702	1.224694	0.029127
 285	1.4200e-01	11.4189	5.825372	-0.000633	-6.325729	-2.143215	-0.050972
 286	1.4250e-01	11.4542	5.898189	0.000181	1.807351	0.612347	0.014563
 287	1.4300e-01	11.4959	6.480727	0.001446	14.458808	4.898777	0.116507
 288	1.4350e-01	11.5280	6.043824	-0.001084	-10.844106	-3.674083	-0.087381
 289	1.4400e-01	11.5521	6.662770	0.001536	15.362484	5.204950	0.123789
 290	1.4450e-01	11.6002	6.371501	-0.000723	-7.229404	-2.449388	-0.058254
 291	1.4500e-01	11.6531	6.553544	0.000452	4.518378	1.530868	0.036409
 292	1.4550e-01	11.6884	6.990447	0.001084	10.844106	3.674083	0.087381
 293	1.4600e-01	11.7109	6.517135	-0.001175	-11.747782	-3.980256	-0.094662
 294	1.4650e-01	11.7638	6.954038	0.001084	10.844106	3.674083	0.087381
 295	1.4700e-01	11.8007	6.808404	-0.000361	-3.614702	-1.224694	-0.029127
 296	1.4750e-01	11.8376	7.172490	0.000904	9.036755	3.061735	0.072817
 297	1.4800e-01	11.8697	7.172490	0.000000	0.000000	0.000000	0.000000
 298	1.4850e-01	11.9211	7.099673	-0.000181	-1.807351	-0.612347	-0.014563
 299	1.4900e-01	11.9355	7.099673	0.000000	0.000000	0.000000	0.000000
 300	1.4950e-01	11.9916	7.427350	0.000813	8.133080	2.755562	0.065535
 301	1.5000e-01	12.0478	7.827844	0.000994	9.940431	3.367909	0.080099
 302	1.5050e-01	12.0831	7.245307	-0.001446	-14.458808	-4.898777	-0.116507
 303	1.5100e-01	12.1360	7.609393	0.000904	9.036755	3.061735	0.072817
 304	1.5150e-01	12.1440	7.536575	-0.000181	-1.807351	-0.612347	-0.014563
 305	1.5200e-01	12.1986	7.755027	0.000542	5.422053	1.837041	0.043690
 306	1.5250e-01	12.2403	7.864253	0.000271	2.711027	0.918521	0.021845
 307	1.5300e-01	12.2852	7.900661	0.000090	0.903676	0.306174	0.007282
 308	1.5350e-01	12.3173	8.119113	0.000542	5.422053	1.837041	0.043690
 309	1.5400e-01	12.3574	8.082704	-0.000090	-0.903676	-0.306174	-0.007282
 310	1.5450e-01	12.4023	8.373973	0.000723	7.229404	2.449388	0.058254
 311	1.5500e-01	12.4472	8.264747	-0.000271	-2.711027	-0.918521	-0.021845
 312	1.5550e-01	12.4729	8.337564	0.000181	1.807351	0.612347	0.014563
 313	1.5600e-01	12.5098	8.665241	0.000813	8.133080	2.755562	0.065535
 314	1.5650e-01	12.5531	8.556016	-0.000271	-2.711027	-0.918521	-0.021845
 315	1.5700e-01	12.6173	8.701650	0.000361	3.614702	1.224694	0.029127
 316	1.5750e-01	12.6574	8.810876	0.000271	2.711027	0.918521	0.021845
 317	1.5800e-01	12.6750	8.883693	0.000181	1.807351	0.612347	0.014563
 318	1.5850e-01	12.7119	8.738058	-0.000361	-3.614702	-1.224694	-0.029127
 319	1.5900e-01	12.7392	8.883693	0.000361	3.614702	1.224694	0.029127
 320	1.5950e-01	12.8018	8.920101	0.000090	0.903676	0.306174	0.007282
 321	1.6000e-01	12.8226	9.429821	0.001265	12.651457	4.286430	0.101944
 322	1.6050e-01	12.8772	9.211370	-0.000542	-5.422053	-1.837041	-0.043690
 323	1.6100e-01	12.9189	9.320596	0.000271	2.711027	0.918521	0.021845
 324	1.6150e-01	12.9413	9.138553	-0.000452	-4.518378	-1.530868	-0.036409
 325	1.6200e-01	13.0103	9.357004	0.000542	5.422053	1.837041	0.043690
 326	1.6250e-01	13.0360	9.539047	0.000452	4.518378	1.530868	0.036409
 327	1.6300e-01	13.0697	9.466230	-0.000181	-1.807351	-0.612347	-0.014563
 328	1.6350e-01	13.1306	9.793907	0.000813	8.133080	2.755562	0.065535
 329	1.6400e-01	13.1611	9.684681	-0.000271	-2.711027	-0.918521	-0.021845
 330	1.6450e-01	13.2205	10.194402	0.001265	12.651457	4.286430	0.101944
 331	1.6500e-01	13.2397	10.048767	-0.000361	-3.614702	-1.224694	-0.029127
 332	1.6550e-01	13.2798	9.939542	-0.000271	-2.711027	-0.918521	-0.021845
 333	1.6600e-01	13.3167	10.194402	0.000633	6.325729	2.143215	0.050972
 334	1.6650e-01	13.3649	10.121584	-0.000181	-1.807351	-0.612347	-0.014563
 335	1.6700e-01	13.4002	10.303627	0.000452	4.518378	1.530868	0.036409
 336	1.6750e-01	13.4403	10.704122	0.000994	9.940431	3.367909	0.080099
 337	1.6800e-01	13.4627	10.085176	-0.001536	-15.362484	-5.204950	-0.123789
 338	1.6850e-01	13.5285	10.594896	0.001265	12.651457	4.286430	0.101944
 339	1.6900e-01	13.5477	10.485670	-0.000271	-2.711027	-0.918521	-0.021845
 340	1.6950e-01	13.5991	10.776939	0.000723	7.229404	2.449388	0.058254
 341	1.7000e-01	13.6536	10.813347	0.000090	0.903676	0.306174	0.007282
 342	1.7050e-01	13.6857	10.594896	-0.000542	-5.422053	-1.837041	-0.043690
 343	1.7100e-01	13.7130	11.323067	0.001807	18.073510	6.123471	0.145634
 344	1.7150e-01	13.7435	11.104616	-0.000542	-5.422053	-1.837041	-0.043690
 345	1.7200e-01	13.7868	10.995390	-0.000271	-2.711027	-0.918521	-0.021845
 346	1.7250e-01	13.8397	11.395885	0.000994	9.940431	3.367909	0.080099
 347	1.7300e-01	13.8814	11.468702	0.000181	1.807351	0.612347	0.014563
 348	1.7350e-01	13.9071	11.213842	-0.000633	-6.325729	-2.143215	-0.050972
 349	1.7400e-01	13.9600	11.650745	0.001084	10.844106	3.674083	0.087381
 350	1.7450e-01	14.0130	11.614336	-0.000090	-0.903676	-0.306174	-0.007282
 351	1.7500e-01	14.0274	11.541519	-0.000181	-1.807351	-0.612347	-0.014563
 352	1.7550e-01	14.0900	11.832788	0.000723	7.229404	2.449388	0.058254
 353	1.7600e-01	14.0996	11.759970	-0.000181	-1.807351	-0.612347	-0.014563
 354	1.7650e-01	14.1317	11.759970	0.000000	0.000000	0.000000	0.000000
 355	1.7700e-01	14.1991	11.759970	0.000000	0.000000	0.000000	0.000000
 356	1.7750e-01	14.2392	12.087648	0.000813	8.133080	2.755562	0.065535
 357	1.7800e-01	14.2584	12.124056	0.000090	0.903676	0.306174	0.007282
 358	1.7850e-01	14.3162	12.196873	0.000181	1.807351	0.612347	0.014563
 359	1.7900e-01	14.3707	12.451733	0.000633	6.325729	2.143215	0.050972
 360	1.7950e-01	14.4156	12.560959	0.000271	2.711027	0.918521	0.021845
 361	1.8000e-01	14.4525	12.560959	0.000000	0.000000	0.000000	0.000000
 362	1.8050e-01	14.4766	12.488142	-0.000181	-1.807351	-0.612347	-0.014563
 363	1.8100e-01	14.5087	12.925045	0.001084	10.844106	3.674083	0.087381
 364	1.8150e-01	14.5376	12.415325	-0.001265	-12.651457	-4.286430	-0.101944
 365	1.8200e-01	14.5985	12.815819	0.000994	9.940431	3.367909	0.080099
 366	1.8250e-01	14.6306	12.670185	-0.000361	-3.614702	-1.224694	-0.029127
 367	1.8300e-01	14.6851	12.961453	0.000723	7.229404	2.449388	0.058254
 368	1.8350e-01	14.7172	13.034271	0.000181	1.807351	0.612347	0.014563
 369	1.8400e-01	14.7589	12.706593	-0.000813	-8.133080	-2.755562	-0.065535
 370	1.8450e-01	14.8055	13.398356	0.001717	17.169835	5.817297	0.138353
 371	1.8500e-01	14.8247	13.289131	-0.000271	-2.711027	-0.918521	-0.021845
 372	1.8550e-01	14.8568	13.398356	0.000271	2.711027	0.918521	0.021845
 373	1.8600e-01	14.9113	13.543991	0.000361	3.614702	1.224694	0.029127
 374	1.8650e-01	14.9627	13.471173	-0.000181	-1.807351	-0.612347	-0.014563
 375	1.8700e-01	14.9900	13.289131	-0.000452	-4.518378	-1.530868	-0.036409
 376	1.8750e-01	15.0429	13.289131	0.000000	0.000000	0.000000	0.000000
 377	1.8800e-01	15.0702	13.798851	0.001265	12.651457	4.286430	0.101944
 378	1.8850e-01	15.1391	13.798851	0.000000	0.000000	0.000000	0.000000
 379	1.8900e-01	15.1504	13.871668	0.000181	1.807351	0.612347	0.014563
 380	1.8950e-01	15.2081	14.162936	0.000723	7.229404	2.449388	0.058254
 381	1.9000e-01	15.2466	13.908076	-0.000633	-6.325729	-2.143215	-0.050972
 382	1.9050e-01	15.2659	14.053711	0.000361	3.614702	1.224694	0.029127
 383	1.9100e-01	15.3172	14.162936	0.000271	2.711027	0.918521	0.021845
 384	1.9150e-01	15.3621	14.199345	0.000090	0.903676	0.306174	0.007282
 385	1.9200e-01	15.3894	14.126528	-0.000181	-1.807351	-0.612347	-0.014563
 386	1.9250e-01	15.4151	14.126528	0.000000	0.000000	0.000000	0.000000
 387	1.9300e-01	15.4808	14.527022	0.000994	9.940431	3.367909	0.080099
 388	1.9350e-01	15.5242	14.527022	0.000000	0.000000	0.000000	0.000000
 389	1.9400e-01	15.5370	14.709065	0.000452	4.518378	1.530868	0.036409
 390	1.9450e-01	15.5931	14.490614	-0.000542	-5.422053	-1.837041	-0.043690
 391	1.9500e-01	15.6300	14.927517	0.001084	10.844106	3.674083	0.087381
 392	1.9550e-01	15.6477	14.927517	0.000000	0.000000	0.000000	0.000000
 393	1.9600e-01	15.7151	15.291602	0.000904	9.036755	3.061735	0.072817
 394	1.9650e-01	15.7600	14.927517	-0.000904	-9.036755	-3.061735	-0.072817
 395	1.9700e-01	15.7905	15.182377	0.000633	6.325729	2.143215	0.050972
 396	1.9750e-01	15.8290	14.781882	-0.000994	-9.940431	-3.367909	-0.080099
 397	1.9800e-01	15.8819	15.328011	0.001356	13.555133	4.592603	0.109226
 398	1.9850e-01	15.9172	15.145968	-0.000452	-4.518378	-1.530868	-0.036409
 399	1.9900e-01	15.9525	15.473645	0.000813	8.133080	2.755562	0.065535
 400	1.9950e-01	15.9910	15.437237	-0.000090	-0.903676	-0.306174	-0.007282
 401	2.0000e-01	16.0279	15.400828	-0.000090	-0.903676	-0.306174	-0.007282
 402	2.0050e-01	16.1049	15.655688	0.000633	6.325729	2.143215	0.050972
 403	2.0100e-01	16.1001	15.874140	-0.000542	-5.422053	-1.837041	0.043690
 404	2.0150e-01	16.1562	16.056182	0.000452	4.518378	1.530868	0.036409
 405	2.0200e-01	16.1819	15.983365	-0.000181	-1.807351	-0.612347	-0.014563
 406	2.0250e-01	16.2348	16.201817	0.000542	5.422053	1.837041	0.043690
 407	2.0300e-01	16.2814	15.801322	-0.000994	-9.940431	-3.367909	-0.080099
 408	2.0350e-01	16.2990	16.238225	0.001084	10.844106	3.674083	0.087381
 409	2.0400e-01	16.3519	16.129000	-0.000271	-2.711027	-0.918521	-0.021845
 410	2.0450e-01	16.3840	16.056182	-0.000181	-1.807351	-0.612347	-0.014563
 411	2.0500e-01	16.4289	16.274634	0.000542	5.422053	1.837041	0.043690
 412	2.0550e-01	16.4723	16.857171	0.001446	14.458808	4.898777	0.116507
 413	2.0600e-01	16.5188	16.493085	-0.000904	-9.036755	-3.061735	-0.072817
 414	2.0650e-01	16.5477	16.529494	0.000090	0.903676	0.306174	0.007282
 415	2.0700e-01	16.5974	16.747945	0.000542	5.422053	1.837041	0.043690
 416	2.0750e-01	16.6247	16.784354	0.000090	0.903676	0.306174	0.007282
 417	2.0800e-01	16.6664	17.257665	0.001175	11.747782	3.980256	0.094662
 418	2.0850e-01	16.7113	16.893580	-0.000904	-9.036755	-3.061735	-0.072817
 419	2.0900e-01	16.7739	16.820763	-0.000181	-1.807351	-0.612347	-0.014563
 420	2.0950e-01	16.7803	17.366891	0.001356	13.555133	4.592603	0.109226
 421	2.1000e-01	16.8573	16.929988	-0.001084	-10.844106	-3.674083	-0.087381
 422	2.1050e-01	16.8573	17.221257	-0.000723	-7.229404	-2.449388	0.058254
 423	2.1100e-01	16.9198	17.330483	0.000271	2.711027	0.918521	0.021845
 424	2.1150e-01	16.9487	17.257665	-0.000181	-1.807351	-0.612347	-0.014563
 425	2.1200e-01	16.9872	17.694568	0.001084	10.844106	3.674083	0.087381
 426	2.1250e-01	17.0562	17.294074	-0.000994	-9.940431	-3.367909	-0.080099
 427	2.1300e-01	17.0642	18.022246	0.001807	18.073510	6.123471	0.145634
 428	2.1350e-01	17.1268	17.694568	-0.000813	-8.133080	-2.755562	-0.065535
 429	2.1400e-01	17.1733	17.767386	0.000181	1.807351	0.612347	0.014563
 430	2.1450e-01	17.2038	18.568374	0.001988	19.880861	6.735818	0.160198
 431	2.1500e-01	17.2519	17.803794	-0.001898	-18.977186	-6.429645	-0.152916
 432	2.1550e-01	17.2744	17.949428	0.000361	3.614702	1.224694	0.029127
 433	2.1600e-01	17.3145	17.803794	-0.000361	-3.614702	-1.224694	-0.029127
 434	2.1650e-01	17.3385	18.204288	0.000994	9.940431	3.367909	0.080099
 435	2.1700e-01	17.3770	18.277106	0.000181	1.807351	0.612347	0.014563
 436	2.1750e-01	17.4476	18.240697	-0.000090	-0.903676	-0.306174	-0.007282
 437	2.1800e-01	17.4845	18.058654	-0.000452	-4.518378	-1.530868	-0.036409
 438	2.1850e-01	17.5246	18.422740	0.000904	9.036755	3.061735	0.072817
 439	2.1900e-01	17.5535	18.786826	0.000904	9.036755	3.061735	0.072817
 440	2.1950e-01	17.5936	18.641191	-0.000361	-3.614702	-1.224694	-0.029127
 441	2.2000e-01	17.6514	18.750417	0.000271	2.711027	0.918521	0.021845
 442	2.2050e-01	17.6915	18.823234	0.000181	1.807351	0.612347	0.014563
 443	2.2100e-01	17.7300	18.932460	0.000271	2.711027	0.918521	0.021845
 444	2.2150e-01	17.7540	18.859643	-0.000181	-1.807351	-0.612347	-0.014563
 445	2.2200e-01	17.7990	19.150911	0.000723	7.229404	2.449388	0.058254
 446	2.2250e-01	17.8102	19.041686	-0.000271	-2.711027	-0.918521	-0.021845
 447	2.2300e-01	17.8679	19.114503	0.000181	1.807351	0.612347	0.014563
 448	2.2350e-01	17.9177	19.332954	0.000542	5.422053	1.837041	0.043690
 449	2.2400e-01	17.9626	19.114503	-0.000542	-5.422053	-1.837041	-0.043690
 450	2.2450e-01	17.9770	19.187320	0.000181	1.807351	0.612347	0.014563
 451	2.2500e-01	18.0412	19.296546	0.000271	2.711027	0.918521	0.021845
 452	2.2550e-01	18.0829	19.369363	0.000181	1.807351	0.612347	0.014563
 453	2.2600e-01	18.1038	20.024717	0.001627	16.266159	5.511124	0.131071
 454	2.2650e-01	18.1407	19.405772	-0.001536	-15.362484	-5.204950	-0.123789
 455	2.2700e-01	18.1952	19.733449	0.000813	8.133080	2.755562	0.065535
 456	2.2750e-01	18.2530	19.769857	0.000090	0.903676	0.306174	0.007282
 457	2.2800e-01	18.2722	19.660632	-0.000271	-2.711027	-0.918521	-0.021845
 458	2.2850e-01	18.3155	19.769857	0.000271	2.711027	0.918521	0.021845
 459	2.2900e-01	18.3572	20.061126	0.000723	7.229404	2.449388	0.058254
 460	2.2950e-01	18.4038	20.388803	0.000813	8.133080	2.755562	0.065535
 461	2.3000e-01	18.4198	20.352395	-0.000090	-0.903676	-0.306174	-0.007282
 462	2.3050e-01	18.4583	19.915492	-0.001084	-10.844106	-3.674083	-0.087381
 463	2.3100e-01	18.5289	20.170352	0.000633	6.325729	2.143215	0.050972
 464	2.3150e-01	18.5369	20.279577	0.000271	2.711027	0.918521	0.021845
 465	2.3200e-01	18.5738	20.315986	0.000090	0.903676	0.306174	0.007282
 466	2.3250e-01	18.6235	20.388803	0.000181	1.807351	0.612347	0.014563
 467	2.3300e-01	18.6717	21.044157	0.001627	16.266159	5.511124	0.131071
 468	2.3350e-01	18.7070	20.388803	-0.001627	-16.266159	-5.511124	-0.131071
 469	2.3400e-01	18.7551	21.262609	0.002169	21.688212	7.348165	0.174761
 470	2.3450e-01	18.8144	20.498029	-0.001898	-18.977186	-6.429645	-0.152916
 471	2.3500e-01	18.8433	21.153383	0.001627	16.266159	5.511124	0.131071
 472	2.3550e-01	18.8802	20.680072	-0.001175	-11.747782	-3.980256	-0.094662
 473	2.3600e-01	18.9316	21.335426	0.001627	16.266159	5.511124	0.131071
 474	2.3650e-01	18.9765	21.553878	0.000542	5.422053	1.837041	0.043690
 475	2.3700e-01	19.0005	21.335426	-0.000542	-5.422053	-1.837041	-0.043690
 476	2.3750e-01	19.0150	21.116975	-0.000542	-5.422053	-1.837041	-0.043690
 477	2.3800e-01	19.0759	21.262609	0.000361	3.614702	1.224694	0.029127
 478	2.3850e-01	19.1225	21.262609	0.000000	0.000000	0.000000	0.000000
 479	2.3900e-01	19.1770	21.262609	0.000000	0.000000	0.000000	0.000000
 480	2.3950e-01	19.2107	21.808738	0.001356	13.555133	4.592603	0.109226
 481	2.4000e-01	19.2348	21.517469	-0.000723	-7.229404	-2.449388	-0.058254
 482	2.4050e-01	19.2749	21.444652	-0.000181	-1.807351	-0.612347	-0.014563
 483	2.4100e-01	19.3294	21.626695	0.000452	4.518378	1.530868	0.036409
 484	2.4150e-01	19.3438	21.881555	0.000633	6.325729	2.143215	0.050972
 485	2.4200e-01	19.3872	22.136415	0.000633	6.325729	2.143215	0.050972
 486	2.4250e-01	19.4016	22.063598	-0.000181	-1.807351	-0.612347	-0.014563
 487	2.4300e-01	19.4674	21.954372	-0.000271	-2.711027	-0.918521	-0.021845
 488	2.4350e-01	19.5107	22.100006	0.000361	3.614702	1.224694	0.029127
 489	2.4400e-01	19.5700	22.391275	0.000723	7.229404	2.449388	0.058254
 490	2.4450e-01	19.6150	22.063598	-0.000813	-8.133080	-2.755562	-0.065535
 491	2.4500e-01	19.6502	22.391275	0.000813	8.133080	2.755562	0.065535
 492	2.4550e-01	19.6743	22.500501	0.000271	2.711027	0.918521	0.021845
 493	2.4600e-01	19.7080	22.427683	-0.000181	-1.807351	-0.612347	-0.014563
 494	2.4650e-01	19.7561	22.791769	0.000904	9.036755	3.061735	0.072817
 495	2.4700e-01	19.7962	22.828178	0.000090	0.903676	0.306174	0.007282
 496	2.4750e-01	19.8476	22.864586	0.000090	0.903676	0.306174	0.007282
 497	2.4800e-01	19.8604	22.718952	-0.000361	-3.614702	-1.224694	-0.029127
 498	2.4850e-01	19.9214	22.828178	0.000271	2.711027	0.918521	0.021845
 499	2.4900e-01	19.9502	23.228672	0.000994	9.940431	3.367909	0.080099
 500	2.4950e-01	20.0000	23.046629	-0.000452	-4.518378	-1.530868	-0.036409
 501	2.5000e-01	20.0401	23.046629	0.000000	0.000000	0.000000	0.000000
 502	2.5050e-01	19.9775	22.718952	0.000813	8.133080	2.755562	-0.065535
 503	2.5100e-01	19.9342	22.937403	-0.000542	-5.422053	-1.837041	0.043690
 504	2.5150e-01	19.9053	22.900995	0.000090	0.903676	0.306174	-0.007282
 505	2.5200e-01	19.8508	22.464092	0.001084	10.844106	3.674083	-0.087381
 506	2.5250e-01	19.8107	22.755361	-0.000723	-7.229404	-2.449388	0.058254
 507	2.5300e-01	19.7882	22.937403	-0.000452	-4.518378	-1.530868	0.036409
 508	2.5350e-01	19.7433	22.536909	0.000994	9.940431	3.367909	-0.080099
 509	2.5400e-01	19.6904	22.573318	-0.000090	-0.903676	-0.306174	0.007282
 510	2.5450e-01	19.6647	22.391275	0.000452	4.518378	1.530868	-0.036409
 511	2.5500e-01	19.6486	22.573318	-0.000452	-4.518378	-1.530868	0.036409
 512	2.5550e-01	19.5700	22.500501	0.000181	1.807351	0.612347	-0.014563
 513	2.5600e-01	19.5251	22.209232	0.000723	7.229404	2.449388	-0.058254
 514	2.5650e-01	19.5027	22.100006	0.000271	2.711027	0.918521	-0.021845
 515	2.5700e-01	19.4690	22.209232	-0.000271	-2.711027	-0.918521	0.021845
 516	2.5750e-01	19.4000	22.282049	-0.000181	-1.807351	-0.612347	0.014563
 517	2.5800e-01	19.3984	22.027189	0.000633	6.325729	2.143215	-0.050972
 518	2.5850e-01	19.3487	21.954372	0.000181	1.807351	0.612347	-0.014563
 519	2.5900e-01	19.2893	22.100006	-0.000361	-3.614702	-1.224694	0.029127
 520	2.5950e-01	19.2716	21.990780	0.000271	2.711027	0.918521	-0.021845
 521	2.6000e-01	19.2235	21.553878	0.001084	10.844106	3.674083	-0.087381
 522	2.6050e-01	19.1674	21.881555	-0.000813	-8.133080	-2.755562	0.065535
 523	2.6100e-01	19.1257	21.626695	0.000633	6.325729	2.143215	-0.050972
 524	2.6150e-01	19.0984	21.444652	0.000452	4.518378	1.530868	-0.036409
 525	2.6200e-01	19.0487	21.517469	-0.000181	-1.807351	-0.612347	0.014563
 526	2.6250e-01	19.0182	21.371835	0.000361	3.614702	1.224694	-0.029127
 527	2.6300e-01	18.9717	21.262609	0.000271	2.711027	0.918521	-0.021845
 528	2.6350e-01	18.9299	21.299018	-0.000090	-0.903676	-0.306174	0.007282
 529	2.6400e-01	18.9187	21.444652	-0.000361	-3.614702	-1.224694	0.029127
 530	2.6450e-01	18.8786	21.226200	0.000542	5.422053	1.837041	-0.043690
 531	2.6500e-01	18.8321	21.080566	0.000361	3.614702	1.224694	-0.029127
 532	2.6550e-01	18.7824	21.044157	0.000090	0.903676	0.306174	-0.007282
 533	2.6600e-01	18.7230	21.007749	0.000090	0.903676	0.306174	-0.007282
 534	2.6650e-01	18.6845	21.044157	-0.000090	-0.903676	-0.306174	0.007282
 535	2.6700e-01	18.6492	20.789297	0.000633	6.325729	2.143215	-0.050972
 536	2.6750e-01	18.6284	21.007749	-0.000542	-5.422053	-1.837041	0.043690
 537	2.6800e-01	18.5818	20.607255	0.000994	9.940431	3.367909	-0.080099
 538	2.6850e-01	18.5546	20.716480	-0.000271	-2.711027	-0.918521	0.021845
 539	2.6900e-01	18.4936	20.752889	-0.000090	-0.903676	-0.306174	0.007282
 540	2.6950e-01	18.4423	20.607255	0.000361	3.614702	1.224694	-0.029127
 541	2.7000e-01	18.3925	20.498029	0.000271	2.711027	0.918521	-0.021845
 542	2.7050e-01	18.3717	20.752889	-0.000633	-6.325729	-2.143215	0.050972
 543	2.7100e-01	18.3268	20.352395	0.000994	9.940431	3.367909	-0.080099
 544	2.7150e-01	18.3043	20.607255	-0.000633	-6.325729	-2.143215	0.050972
 545	2.7200e-01	18.2498	19.879083	0.001807	18.073510	6.123471	-0.145634
 546	2.7250e-01	18.2016	20.243169	-0.000904	-9.036755	-3.061735	0.072817
 547	2.7300e-01	18.1872	20.352395	-0.000271	-2.711027	-0.918521	0.021845
 548	2.7350e-01	18.1407	20.133943	0.000542	5.422053	1.837041	-0.043690
 549	2.7400e-01	18.1102	19.769857	0.000904	9.036755	3.061735	-0.072817
 550	2.7450e-01	18.0637	19.988309	-0.000542	-5.422053	-1.837041	0.043690
 551	2.7500e-01	18.0139	19.442180	0.001356	13.555133	4.592603	-0.109226
 552	2.7550e-01	17.9690	19.624223	-0.000452	-4.518378	-1.530868	0.036409
 553	2.7600e-01	17.9353	19.769857	-0.000361	-3.614702	-1.224694	0.029127
 554	2.7650e-01	17.8984	19.551406	0.000542	5.422053	1.837041	-0.043690
 555	2.7700e-01	17.8455	19.624223	-0.000181	-1.807351	-0.612347	0.014563
 556	2.7750e-01	17.8086	19.369363	0.000633	6.325729	2.143215	-0.050972
 557	2.7800e-01	17.7653	19.260137	0.000271	2.711027	0.918521	-0.021845
 558	2.7850e-01	17.7444	19.260137	-0.000000	-0.000000	-0.000000	0.000000
 559	2.7900e-01	17.6835	19.150911	0.000271	2.711027	0.918521	-0.021845
 560	2.7950e-01	17.6498	19.150911	-0.000000	-0.000000	-0.000000	0.000000
 561	2.8000e-01	17.6097	19.041686	0.000271	2.711027	0.918521	-0.021845
 562	2.8050e-01	17.5680	19.150911	-0.000271	-2.711027	-0.918521	0.021845
 563	2.8100e-01	17.5471	19.041686	0.000271	2.711027	0.918521	-0.021845
 564	2.8150e-01	17.4910	18.604783	0.001084	10.844106	3.674083	-0.087381
 565	2.8200e-01	17.4428	18.896051	-0.000723	-7.229404	-2.449388	0.058254
 566	2.8250e-01	17.4059	18.386331	0.001265	12.651457	4.286430	-0.101944
 567	2.8300e-01	17.3979	19.150911	-0.001898	-18.977186	-6.429645	0.152916
 568	2.8350e-01	17.3337	18.386331	0.001898	18.977186	6.429645	-0.152916
 569	2.8400e-01	17.2696	18.568374	-0.000452	-4.518378	-1.530868	0.036409
 570	2.8450e-01	17.2696	18.459149	0.000271	2.711027	0.918521	-0.021845
 571	2.8500e-01	17.2102	18.422740	0.000090	0.903676	0.306174	-0.007282
 572	2.8550e-01	17.1685	18.349923	0.000181	1.807351	0.612347	-0.014563
 573	2.8600e-01	17.1460	18.167880	0.000452	4.518378	1.530868	-0.036409
 574	2.8650e-01	17.0899	17.913020	0.000633	6.325729	2.143215	-0.050972
 575	2.8700e-01	17.0690	18.095063	-0.000452	-4.518378	-1.530868	0.036409
 576	2.8750e-01	17.0225	18.313514	-0.000542	-5.422053	-1.837041	0.043690
 577	2.8800e-01	16.9840	17.803794	0.001265	12.651457	4.286430	-0.101944
 578	2.8850e-01	16.9375	17.585343	0.000542	5.422053	1.837041	-0.043690
 579	2.8900e-01	16.8942	17.876611	-0.000723	-7.229404	-2.449388	0.058254
 580	2.8950e-01	16.8509	17.840203	0.000090	0.903676	0.306174	-0.007282
 581	2.9000e-01	16.8396	17.694568	0.000361	3.614702	1.224694	-0.029127
 582	2.9050e-01	16.7883	17.512526	0.000452	4.518378	1.530868	-0.036409
 583	2.9100e-01	16.7418	17.621751	-0.000271	-2.711027	-0.918521	0.021845
 584	2.9150e-01	16.6744	17.476117	0.000361	3.614702	1.224694	-0.029127
 585	2.9200e-01	16.6519	17.366891	0.000271	2.711027	0.918521	-0.021845
 586	2.9250e-01	16.6215	17.366891	-0.000000	-0.000000	-0.000000	0.000000
 587	2.9300e-01	16.5701	17.148440	0.000542	5.422053	1.837041	-0.043690
 588	2.9350e-01	16.5428	17.148440	-0.000000	-0.000000	-0.000000	0.000000
 589	2.9400e-01	16.4931	16.857171	0.000723	7.229404	2.449388	-0.058254
 590	2.9450e-01	16.4482	16.857171	-0.000000	-0.000000	-0.000000	0.000000
 591	2.9500e-01	16.4145	17.221257	-0.000904	-9.036755	-3.061735	0.072817
 592	2.9550e-01	16.3744	16.747945	0.001175	11.747782	3.980256	-0.094662
 593	2.9600e-01	16.3359	16.820763	-0.000181	-1.807351	-0.612347	0.014563
 594	2.9650e-01	16.2926	16.966397	-0.000361	-3.614702	-1.224694	0.029127
 595	2.9700e-01	16.2477	16.820763	0.000361	3.614702	1.224694	-0.029127
 596	2.9750e-01	16.1931	16.784354	0.000090	0.903676	0.306174	-0.007282
 597	2.9800e-01	16.1899	16.165408	0.001536	15.362484	5.204950	-0.123789
 598	2.9850e-01	16.1578	16.274634	-0.000271	-2.711027	-0.918521	0.021845
 599	2.9900e-01	16.1193	16.602311	-0.000813	-8.133080	-2.755562	0.065535
 600	2.9950e-01	16.0552	16.529494	0.000181	1.807351	0.612347	-0.014563
 601	3.0000e-01	15.9846	16.056182	0.001175	11.747782	3.980256	-0.094662
 602	3.0050e-01	15.9830	16.092591	-0.000090	-0.903676	-0.306174	0.007282
 603	3.0100e-01	15.9397	16.092591	-0.000000	-0.000000	-0.000000	0.000000
 604	3.0150e-01	15.8883	15.837731	0.000633	6.325729	2.143215	-0.050972
 605	3.0200e-01	15.8546	16.056182	-0.000542	-5.422053	-1.837041	0.043690
 606	3.0250e-01	15.8386	15.764914	0.000723	7.229404	2.449388	-0.058254
 607	3.0300e-01	15.8001	16.056182	-0.000723	-7.229404	-2.449388	0.058254
 608	3.0350e-01	15.7423	15.546462	0.001265	12.651457	4.286430	-0.101944
 609	3.0400e-01	15.6894	15.801322	-0.000633	-6.325729	-2.143215	0.050972
 610	3.0450e-01	15.6669	15.473645	0.000813	8.133080	2.755562	-0.065535
 611	3.0500e-01	15.6012	15.582871	-0.000271	-2.711027	-0.918521	0.021845
 612	3.0550e-01	15.5418	15.364419	0.000542	5.422053	1.837041	-0.043690
 613	3.0600e-01	15.5466	15.328011	-0.000090	-0.903676	-0.306174	-0.007282
 614	3.0650e-01	15.4985	15.218785	0.000271	2.711027	0.918521	-0.021845
 615	3.0700e-01	15.4375	15.437237	-0.000542	-5.422053	-1.837041	0.043690
 616	3.0750e-01	15.4038	15.291602	0.000361	3.614702	1.224694	-0.029127
 617	3.0800e-01	15.3846	15.145968	0.000361	3.614702	1.224694	-0.029127
 618	3.0850e-01	15.3509	14.745474	0.000994	9.940431	3.367909	-0.080099
 619	3.0900e-01	15.3220	15.036742	-0.000723	-7.229404	-2.449388	0.058254
 620	3.0950e-01	15.2514	14.927517	0.000271	2.711027	0.918521	-0.021845
 621	3.1000e-01	15.2274	14.854699	0.000181	1.807351	0.612347	-0.014563
 622	3.1050e-01	15.1921	14.636248	0.000542	5.422053	1.837041	-0.043690
 623	3.1100e-01	15.1825	14.709065	-0.000181	-1.807351	-0.612347	0.014563
 624	3.1150e-01	15.1183	14.891108	-0.000452	-4.518378	-1.530868	0.036409
 625	3.1200e-01	15.0686	14.454205	0.001084	10.844106	3.674083	-0.087381
 626	3.1250e-01	14.9835	14.344979	0.000271	2.711027	0.918521	-0.021845
 627	3.1300e-01	14.9803	14.235754	0.000271	2.711027	0.918521	-0.021845
 628	3.1350e-01	14.9370	14.272162	-0.000090	-0.903676	-0.306174	0.007282
 629	3.1400e-01	14.8985	14.490614	-0.000542	-5.422053	-1.837041	0.043690
 630	3.1450e-01	14.8536	14.162936	0.000813	8.133080	2.755562	-0.065535
 631	3.1500e-01	14.8087	14.126528	0.000090	0.903676	0.306174	-0.007282
 632	3.1550e-01	14.7718	13.762442	0.000904	9.036755	3.061735	-0.072817
 633	3.1600e-01	14.7413	13.798851	-0.000090	-0.903676	-0.306174	0.007282
 634	3.1650e-01	14.6980	13.908076	-0.000271	-2.711027	-0.918521	0.021845
 635	3.1700e-01	14.6611	13.616808	0.000723	7.229404	2.449388	-0.058254
 636	3.1750e-01	14.6065	13.762442	-0.000361	-3.614702	-1.224694	0.029127
 637	3.1800e-01	14.5616	13.653216	0.000271	2.711027	0.918521	-0.021845
 638	3.1850e-01	14.5343	14.017302	-0.000904	-9.036755	-3.061735	0.072817
 639	3.1900e-01	14.4782	13.034271	0.002440	24.399239	8.266686	-0.196606
 640	3.1950e-01	14.4461	13.398356	-0.000904	-9.036755	-3.061735	0.072817
 641	3.2000e-01	14.4333	13.434765	-0.000090	-0.903676	-0.306174	0.007282
 642	3.2050e-01	14.3980	13.580399	-0.000361	-3.614702	-1.224694	0.029127
 643	3.2100e-01	14.3370	13.179905	0.000994	9.940431	3.367909	-0.080099
 644	3.2150e-01	14.3049	12.961453	0.000542	5.422053	1.837041	-0.043690
 645	3.2200e-01	14.2600	12.925045	0.000090	0.903676	0.306174	-0.007282
 646	3.2250e-01	14.2199	12.852228	0.000181	1.807351	0.612347	-0.014563
 647	3.2300e-01	14.1798	12.997862	-0.000361	-3.614702	-1.224694	0.029127
 648	3.2350e-01	14.1189	12.524550	0.001175	11.747782	3.980256	-0.094662
 649	3.2400e-01	14.1044	12.743002	-0.000542	-5.422053	-1.837041	0.043690
 650	3.2450e-01	14.0595	12.560959	0.000452	4.518378	1.530868	-0.036409
 651	3.2500e-01	14.0017	12.378916	0.000452	4.518378	1.530868	-0.036409
 652	3.2550e-01	13.9665	12.378916	-0.000000	-0.000000	-0.000000	0.000000
 653	3.2600e-01	13.9408	12.342508	0.000090	0.903676	0.306174	-0.007282
 654	3.2650e-01	13.8830	12.451733	-0.000271	-2.711027	-0.918521	0.021845
 655	3.2700e-01	13.8606	12.196873	0.000633	6.325729	2.143215	-0.050972
 656	3.2750e-01	13.7996	12.160465	0.000090	0.903676	0.306174	-0.007282
 657	3.2800e-01	13.7627	12.087648	0.000181	1.807351	0.612347	-0.014563
 658	3.2850e-01	13.7531	12.014830	0.000181	1.807351	0.612347	-0.014563
 659	3.2900e-01	13.7050	12.014830	-0.000000	-0.000000	-0.000000	0.000000
 660	3.2950e-01	13.6536	11.687153	0.000813	8.133080	2.755562	-0.065535
 661	3.3000e-01	13.6231	11.359476	0.000813	8.133080	2.755562	-0.065535
 662	3.3050e-01	13.6071	11.505110	-0.000361	-3.614702	-1.224694	0.029127
 663	3.3100e-01	13.5349	11.869196	-0.000904	-9.036755	-3.061735	0.072817
 664	3.3150e-01	13.4964	11.468702	0.000994	9.940431	3.367909	-0.080099
 665	3.3200e-01	13.4547	11.541519	-0.000181	-1.807351	-0.612347	0.014563
 666	3.3250e-01	13.4162	11.068207	0.001175	11.747782	3.980256	-0.094662
 667	3.3300e-01	13.3520	11.104616	-0.000090	-0.903676	-0.306174	0.007282
 668	3.3350e-01	13.3488	11.323067	-0.000542	-5.422053	-1.837041	0.043690
 669	3.3400e-01	13.3119	11.141025	0.000452	4.518378	1.530868	-0.036409
 670	3.3450e-01	13.2526	10.813347	0.000813	8.133080	2.755562	-0.065535
 671	3.3500e-01	13.2125	10.776939	0.000090	0.903676	0.306174	-0.007282
 672	3.3550e-01	13.1740	10.958982	-0.000452	-4.518378	-1.530868	0.036409
 673	3.3600e-01	13.1355	10.922573	0.000090	0.903676	0.306174	-0.007282
 674	3.3650e-01	13.1274	10.522079	0.000994	9.940431	3.367909	-0.080099
 675	3.3700e-01	13.0472	10.740530	-0.000542	-5.422053	-1.837041	0.043690
 676	3.3750e-01	12.9991	10.776939	-0.000090	-0.903676	-0.306174	0.007282
 677	3.3800e-01	12.9750	10.558487	0.000542	5.422053	1.837041	-0.043690
 678	3.3850e-01	12.9189	10.412853	0.000361	3.614702	1.224694	-0.029127
 679	3.3900e-01	12.9173	10.558487	-0.000361	-3.614702	-1.224694	0.029127
 680	3.3950e-01	12.8627	10.340036	0.000542	5.422053	1.837041	-0.043690
 681	3.4000e-01	12.8098	10.449262	-0.000271	-2.711027	-0.918521	0.021845
 682	3.4050e-01	12.7889	9.903133	0.001356	13.555133	4.592603	-0.109226
 683	3.4100e-01	12.7424	10.048767	-0.000361	-3.614702	-1.224694	0.029127
 684	3.4150e-01	12.6991	9.793907	0.000633	6.325729	2.143215	-0.050972
 685	3.4200e-01	12.6590	9.866724	-0.000181	-1.807351	-0.612347	0.014563
 686	3.4250e-01	12.6253	9.866724	-0.000000	-0.000000	-0.000000	0.000000
 687	3.4300e-01	12.5611	9.539047	0.000813	8.133080	2.755562	-0.065535
 688	3.4350e-01	12.5563	9.539047	-0.000000	-0.000000	-0.000000	0.000000
 689	3.4400e-01	12.4825	9.466230	0.000181	1.807351	0.612347	-0.014563
 690	3.4450e-01	12.4633	9.466230	-0.000000	-0.000000	-0.000000	0.000000
 691	3.4500e-01	12.4152	9.466230	-0.000000	-0.000000	-0.000000	0.000000
 692	3.4550e-01	12.3879	9.138553	0.000813	8.133080	2.755562	-0.065535
 693	3.4600e-01	12.3253	9.502639	-0.000904	-9.036755	-3.061735	0.072817
 694	3.4650e-01	12.2964	9.029327	0.001175	11.747782	3.980256	-0.094662
 695	3.4700e-01	12.2708	9.029327	-0.000000	-0.000000	-0.000000	0.000000
 696	3.4750e-01	12.2339	9.029327	-0.000000	-0.000000	-0.000000	0.000000
 697	3.4800e-01	12.1922	8.810876	0.000542	5.422053	1.837041	-0.043690
 698	3.4850e-01	12.1216	9.029327	-0.000542	-5.422053	-1.837041	0.043690
 699	3.4900e-01	12.1023	8.701650	0.000813	8.133080	2.755562	-0.065535
 700	3.4950e-01	12.0815	8.556016	0.000361	3.614702	1.224694	-0.029127
 701	3.5000e-01	12.0141	8.446790	0.000271	2.711027	0.918521	-0.021845
 702	3.5050e-01	11.9965	8.738058	-0.000723	-7.229404	-2.449388	0.058254
 703	3.5100e-01	11.9387	8.337564	0.000994	9.940431	3.367909	-0.080099
 704	3.5150e-01	11.9034	8.483198	-0.000361	-3.614702	-1.224694	0.029127
 705	3.5200e-01	11.8601	8.228338	0.000633	6.325729	2.143215	-0.050972
 706	3.5250e-01	11.8200	8.009887	0.000542	5.422053	1.837041	-0.043690
 707	3.5300e-01	11.7831	8.119113	-0.000271	-2.711027	-0.918521	0.021845
 708	3.5350e-01	11.7478	8.119113	-0.000000	-0.000000	-0.000000	0.000000
 709	3.5400e-01	11.7061	7.682210	0.001084	10.844106	3.674083	-0.087381
 710	3.5450e-01	11.6548	8.155521	-0.001175	-11.747782	-3.980256	0.094662
 711	3.5500e-01	11.5986	7.682210	0.001175	11.747782	3.980256	-0.094662
 712	3.5550e-01	11.5745	7.572984	0.000271	2.711027	0.918521	-0.021845
 713	3.5600e-01	11.5665	7.682210	-0.000271	-2.711027	-0.918521	0.021845
 714	3.5650e-01	11.4927	8.155521	-0.001175	-11.747782	-3.980256	0.094662
 715	3.5700e-01	11.4478	7.245307	0.002259	22.591888	7.654339	-0.182043
 716	3.5750e-01	11.4302	7.354533	-0.000271	-2.711027	-0.918521	0.021845
 717	3.5800e-01	11.3467	7.245307	0.000271	2.711027	0.918521	-0.021845
 718	3.5850e-01	11.3467	7.063264	0.000452	4.518378	1.530868	-0.036409
 719	3.5900e-01	11.2874	6.808404	0.000633	6.325729	2.143215	-0.050972
 720	3.5950e-01	11.2409	7.063264	-0.000633	-6.325729	-2.143215	0.050972
 721	3.6000e-01	11.2312	6.735587	0.000813	8.133080	2.755562	-0.065535
 722	3.6050e-01	11.1975	7.026855	-0.000723	-7.229404	-2.449388	0.058254
 723	3.6100e-01	11.1462	6.881221	0.000361	3.614702	1.224694	-0.029127
 724	3.6150e-01	11.1093	7.099673	-0.000542	-5.422053	-1.837041	0.043690
 725	3.6200e-01	11.0756	6.735587	0.000904	9.036755	3.061735	-0.072817
 726	3.6250e-01	11.0259	6.517135	0.000542	5.422053	1.837041	-0.043690
 727	3.6300e-01	10.9858	6.699178	-0.000452	-4.518378	-1.530868	0.036409
 728	3.6350e-01	10.9377	6.153050	0.001356	13.555133	4.592603	-0.109226
 729	3.6400e-01	10.8831	6.335092	-0.000452	-4.518378	-1.530868	0.036409
 730	3.6450e-01	10.8783	6.335092	-0.000000	-0.000000	-0.000000	0.000000
 731	3.6500e-01	10.8270	5.788964	0.001356	13.555133	4.592603	-0.109226
 732	3.6550e-01	10.7853	6.262275	-0.001175	-11.747782	-3.980256	0.094662
 733	3.6600e-01	10.7307	6.080232	0.000452	4.518378	1.530868	-0.036409
 734	3.6650e-01	10.7083	5.861781	0.000542	5.422053	1.837041	-0.043690
 735	3.6700e-01	10.6730	5.679738	0.000452	4.518378	1.530868	-0.036409
 736	3.6750e-01	10.6232	5.534104	0.000361	3.614702	1.224694	-0.029127
 737	3.6800e-01	10.5703	5.497695	0.000090	0.903676	0.306174	-0.007282
 738	3.6850e-01	10.5462	5.570512	-0.000181	-1.807351	-0.612347	0.014563
 739	3.6900e-01	10.4901	5.461287	0.000271	2.711027	0.918521	-0.021845
 740	3.6950e-01	10.4596	5.315652	0.000361	3.614702	1.224694	-0.029127
 741	3.7000e-01	10.4227	5.170018	0.000361	3.614702	1.224694	-0.029127
 742	3.7050e-01	10.3778	5.352061	-0.000452	-4.518378	-1.530868	0.036409
 743	3.7100e-01	10.3569	4.951566	0.000994	9.940431	3.367909	-0.080099
 744	3.7150e-01	10.2976	5.170018	-0.000542	-5.422053	-1.837041	0.043690
 745	3.7200e-01	10.2735	5.133609	0.000090	0.903676	0.306174	-0.007282
 746	3.7250e-01	10.2142	4.696706	0.001084	10.844106	3.674083	-0.087381
 747	3.7300e-01	10.1837	4.441846	0.000633	6.325729	2.143215	-0.050972
 748	3.7350e-01	10.1564	5.060792	-0.001536	-15.362484	-5.204950	0.123789
 749	3.7400e-01	10.1067	4.551072	0.001265	12.651457	4.286430	-0.101944
 750	3.7450e-01	10.0345	4.551072	-0.000000	-0.000000	-0.000000	0.000000
 751	3.7500e-01	10.0152	4.296212	0.000633	6.325729	2.143215	-0.050972
 752	3.7550e-01	9.9912	4.514664	-0.000542	-5.422053	-1.837041	0.043690
 753	3.7600e-01	9.9254	4.186986	0.000813	8.133080	2.755562	-0.065535
 754	3.7650e-01	9.9142	4.223395	-0.000090	-0.903676	-0.306174	0.007282
 755	3.7700e-01	9.8339	3.932126	0.000723	7.229404	2.449388	-0.058254
 756	3.7750e-01	9.8051	3.531632	0.000994	9.940431	3.367909	-0.080099
 757	3.7800e-01	9.7714	4.114169	-0.001446	-14.458808	-4.898777	0.116507
 758	3.7850e-01	9.7425	3.932126	0.000452	4.518378	1.530868	-0.036409
 759	3.7900e-01	9.7233	3.568041	0.000904	9.036755	3.061735	-0.072817
 760	3.7950e-01	9.6623	3.458815	0.000271	2.711027	0.918521	-0.021845
 761	3.8000e-01	9.6045	3.531632	-0.000181	-1.807351	-0.612347	0.014563
 762	3.8050e-01	9.5628	3.313181	0.000542	5.422053	1.837041	-0.043690
 763	3.8100e-01	9.5324	3.750083	-0.001084	-10.844106	-3.674083	0.087381
 764	3.8150e-01	9.4971	2.949095	0.001988	19.880861	6.735818	-0.160198
 765	3.8200e-01	9.4329	3.422406	-0.001175	-11.747782	-3.980256	0.094662
 766	3.8250e-01	9.4152	2.767052	0.001627	16.266159	5.511124	-0.131071
 767	3.8300e-01	9.3591	2.912686	-0.000361	-3.614702	-1.224694	0.029127
 768	3.8350e-01	9.3382	3.131138	-0.000542	-5.422053	-1.837041	0.043690
 769	3.8400e-01	9.2981	2.767052	0.000904	9.036755	3.061735	-0.072817
 770	3.8450e-01	9.2436	2.839869	-0.000181	-1.807351	-0.612347	0.014563
 771	3.8500e-01	9.2099	2.949095	-0.000271	-2.711027	-0.918521	0.021845
 772	3.8550e-01	9.1714	2.439375	0.001265	12.651457	4.286430	-0.101944
 773	3.8600e-01	9.1457	2.366558	0.000181	1.807351	0.612347	-0.014563
 774	3.8650e-01	9.0800	2.330149	0.000090	0.903676	0.306174	-0.007282
 775	3.8700e-01	9.0543	2.366558	-0.000090	-0.903676	-0.306174	0.007282
 776	3.8750e-01	9.0142	2.038880	0.000813	8.133080	2.755562	-0.065535
 777	3.8800e-01	8.9677	1.820429	0.000542	5.422053	1.837041	-0.043690
 778	3.8850e-01	8.9564	2.366558	-0.001356	-13.555133	-4.592603	0.109226
 779	3.8900e-01	8.8987	2.075289	0.000723	7.229404	2.449388	-0.058254
 780	3.8950e-01	8.8602	1.747612	0.000813	8.133080	2.755562	-0.065535
 781	3.9000e-01	8.8121	1.820429	-0.000181	-1.807351	-0.612347	0.014563
 782	3.9050e-01	8.7800	1.966063	-0.000361	-3.614702	-1.224694	0.029127
 783	3.9100e-01	8.7286	1.747612	0.000542	5.422053	1.837041	-0.043690
 784	3.9150e-01	8.7334	1.310709	-0.001084	-10.844106	-3.674083	-0.087381
 785	3.9200e-01	8.6532	1.383526	-0.000181	-1.807351	-0.612347	0.014563
 786	3.9250e-01	8.6228	1.529160	-0.000361	-3.614702	-1.224694	0.029127
 787	3.9300e-01	8.5634	1.092257	0.001084	10.844106	3.674083	-0.087381
 788	3.9350e-01	8.5361	1.165074	-0.000181	-1.807351	-0.612347	0.014563
 789	3.9400e-01	8.4928	1.092257	0.000181	1.807351	0.612347	-0.014563
 790	3.9450e-01	8.4703	0.728172	0.000904	9.036755	3.061735	-0.072817
 791	3.9500e-01	8.3966	1.092257	-0.000904	-9.036755	-3.061735	0.072817
 792	3.9550e-01	8.3982	0.582537	-0.001265	-12.651457	-4.286430	-0.101944
 793	3.9600e-01	8.3324	0.655354	-0.000181	-1.807351	-0.612347	0.014563
 794	3.9650e-01	8.2971	0.546129	0.000271	2.711027	0.918521	-0.021845
 795	3.9700e-01	8.2377	0.837397	-0.000723	-7.229404	-2.449388	0.058254
 796	3.9750e-01	8.1928	0.618946	0.000542	5.422053	1.837041	-0.043690
 797	3.9800e-01	8.1688	0.400494	0.000542	5.422053	1.837041	-0.043690
 798	3.9850e-01	8.1671	-0.036409	0.001084	10.844106	3.674083	-0.087381
 799	3.9900e-01	8.1286	0.327677	-0.000904	-9.036755	-3.061735	0.072817
 800	3.9950e-01	8.0581	-0.072817	0.000994	9.940431	3.367909	-0.080099
 801	4.0000e-01	8.0019	0.036409	-0.000271	-2.711027	-0.918521	0.021845
 802	4.0050e-01	8.0019	0.109226	-0.000181	-1.807351	-0.612347	0.014563
 803	4.0100e-01	7.9442	0.182043	-0.000181	-1.807351	-0.612347	0.014563
 804	4.0150e-01	7.9089	-0.072817	0.000633	6.325729	2.143215	-0.050972
 805	4.0200e-01	7.8672	-0.582537	0.001265	12.651457	4.286430	-0.101944
 806	4.0250e-01	7.8046	-0.655354	0.000181	1.807351	0.612347	-0.014563
 807	4.0300e-01	7.7821	-0.400494	-0.000633	-6.325729	-2.143215	0.050972
 808	4.0350e-01	7.7500	-0.873806	0.001175	11.747782	3.980256	-0.094662
 809	4.0400e-01	7.7019	-0.364086	-0.001265	-12.651457	-4.286430	0.101944
 810	4.0450e-01	7.6795	-0.400494	0.000090	0.903676	0.306174	-0.007282
 811	4.0500e-01	7.6041	-1.274300	0.002169	21.688212	7.348165	-0.174761
 812	4.0550e-01	7.5624	-1.310709	0.000090	0.903676	0.306174	-0.007282
 813	4.0600e-01	7.5383	-1.128666	-0.000452	-4.518378	-1.530868	0.036409
 814	4.0650e-01	7.4982	-0.910214	-0.000542	-5.422053	-1.837041	0.043690
 815	4.0700e-01	7.4789	-1.092257	0.000452	4.518378	1.530868	-0.036409
 816	4.0750e-01	7.4228	-1.055849	-0.000090	-0.903676	-0.306174	0.007282
 817	4.0800e-01	7.3586	-1.274300	0.000542	5.422053	1.837041	-0.043690
 818	4.0850e-01	7.3329	-1.711203	0.001084	10.844106	3.674083	-0.087381
 819	4.0900e-01	7.3025	-1.565569	-0.000361	-3.614702	-1.224694	0.029127
 820	4.0950e-01	7.2864	-1.601977	0.000090	0.903676	0.306174	-0.007282
 821	4.1000e-01	7.1950	-1.820429	0.000542	5.422053	1.837041	-0.043690
 822	4.1050e-01	7.1918	-1.674795	-0.000361	-3.614702	-1.224694	0.029127
 823	4.1100e-01	7.1404	-1.711203	0.000090	0.903676	0.306174	-0.007282
 824	4.1150e-01	7.1019	-2.402966	0.001717	17.169835	5.817297	-0.138353
 825	4.1200e-01	7.0666	-2.002472	-0.000994	-9.940431	-3.367909	0.080099
 826	4.1250e-01	6.9880	-2.220923	0.000542	5.422053	1.837041	-0.043690
 827	4.1300e-01	6.9752	-1.966063	-0.000633	-6.325729	-2.143215	0.050972
 828	4.1350e-01	6.9383	-2.730643	0.001898	18.977186	6.429645	-0.152916
 829	4.1400e-01	6.9030	-2.839869	0.000271	2.711027	0.918521	-0.021845
 830	4.1450e-01	6.8741	-2.475783	-0.000904	-9.036755	-3.061735	0.072817
 831	4.1500e-01	6.8292	-2.839869	0.000904	9.036755	3.061735	-0.072817
 832	4.1550e-01	6.7843	-2.839869	-0.000000	-0.000000	-0.000000	0.000000
 833	4.1600e-01	6.7233	-3.021912	0.000452	4.518378	1.530868	-0.036409
 834	4.1650e-01	6.6993	-3.422406	0.000994	9.940431	3.367909	-0.080099
 835	4.1700e-01	6.6929	-3.058320	-0.000904	-9.036755	-3.061735	0.072817
 836	4.1750e-01	6.6159	-3.276772	0.000542	5.422053	1.837041	-0.043690
 837	4.1800e-01	6.5886	-3.531632	0.000633	6.325729	2.143215	-0.050972
 838	4.1850e-01	6.5308	-3.531632	-0.000000	-0.000000	-0.000000	0.000000
 839	4.1900e-01	6.4939	-4.041352	0.001265	12.651457	4.286430	-0.101944
 840	4.1950e-01	6.5068	-3.385998	0.001627	16.266159	5.511124	0.131071
 841	4.2000e-01	6.4121	-3.713675	0.000813	8.133080	2.755562	-0.065535
 842	4.2050e-01	6.3800	-3.750083	0.000090	0.903676	0.306174	-0.007282
 843	4.2100e-01	6.3143	-3.968535	0.000542	5.422053	1.837041	-0.043690
 844	4.2150e-01	6.3030	-3.932126	-0.000090	-0.903676	-0.306174	0.007282
 845	4.2200e-01	6.2645	-3.968535	0.000090	0.903676	0.306174	-0.007282
 846	4.2250e-01	6.2373	-4.441846	0.001175	11.747782	3.980256	-0.094662
 847	4.2300e-01	6.1683	-4.551072	0.000271	2.711027	0.918521	-0.021845
 848	4.2350e-01	6.1522	-4.369029	-0.000452	-4.518378	-1.530868	0.036409
 849	4.2400e-01	6.0865	-4.551072	0.000452	4.518378	1.530868	-0.036409
 850	4.2450e-01	6.0544	-4.551072	-0.000000	-0.000000	-0.000000	0.000000
 851	4.2500e-01	6.0079	-4.805932	0.000633	6.325729	2.143215	-0.050972
 852	4.2550e-01	5.9774	-4.514664	-0.000723	-7.229404	-2.449388	0.058254
 853	4.2600e-01	5.9308	-4.987975	0.001175	11.747782	3.980256	-0.094662
 854	4.2650e-01	5.9148	-4.987975	-0.000000	-0.000000	-0.000000	0.000000
 855	4.2700e-01	5.8667	-4.951566	-0.000090	-0.903676	-0.306174	0.007282
 856	4.2750e-01	5.8234	-5.060792	0.000271	2.711027	0.918521	-0.021845
 857	4.2800e-01	5.7849	-5.497695	0.001084	10.844106	3.674083	-0.087381
 858	4.2850e-01	5.7367	-5.060792	-0.001084	-10.844106	-3.674083	0.087381
 859	4.2900e-01	5.7063	-5.752555	0.001717	17.169835	5.817297	-0.138353
 860	4.2950e-01	5.6678	-5.461287	-0.000723	-7.229404	-2.449388	0.058254
 861	4.3000e-01	5.5891	-5.716147	0.000633	6.325729	2.143215	-0.050972
 862	4.3050e-01	5.5875	-5.861781	0.000361	3.614702	1.224694	-0.029127
 863	4.3100e-01	5.5170	-6.007415	0.000361	3.614702	1.224694	-0.029127
 864	4.3150e-01	5.5025	-6.262275	0.000633	6.325729	2.143215	-0.050972
 865	4.3200e-01	5.4592	-6.080232	-0.000452	-4.518378	-1.530868	0.036409
 866	4.3250e-01	5.3902	-6.298684	0.000542	5.422053	1.837041	-0.043690
 867	4.3300e-01	5.3469	-6.116641	-0.000452	-4.518378	-1.530868	0.036409
 868	4.3350e-01	5.3533	-6.407910	-0.000723	-7.229404	-2.449388	-0.058254
 869	4.3400e-01	5.2699	-6.262275	-0.000361	-3.614702	-1.224694	0.029127
 870	4.3450e-01	5.2523	-6.771995	0.001265	12.651457	4.286430	-0.101944
 871	4.3500e-01	5.2073	-6.662770	-0.000271	-2.711027	-0.918521	0.021845
 872	4.3550e-01	5.1817	-6.954038	0.000723	7.229404	2.449388	-0.058254
 873	4.3600e-01	5.1496	-6.662770	-0.000723	-7.229404	-2.449388	0.058254
 874	4.3650e-01	5.0854	-6.990447	0.000813	8.133080	2.755562	-0.065535
 875	4.3700e-01	5.0549	-7.136081	0.000361	3.614702	1.224694	-0.029127
 876	4.3750e-01	5.0245	-7.281715	0.000361	3.614702	1.224694	-0.029127
 877	4.3800e-01	4.9699	-7.536575	0.000633	6.325729	2.143215	-0.050972
 878	4.3850e-01	4.9266	-7.208898	-0.000813	-8.133080	-2.755562	0.065535
 879	4.3900e-01	4.9378	-7.791435	-0.001446	-14.458808	-4.898777	-0.116507
 880	4.3950e-01	4.8849	-7.463758	-0.000813	-8.133080	-2.755562	0.065535
 881	4.4000e-01	4.8255	-7.973478	0.001265	12.651457	4.286430	-0.101944
 882	4.4050e-01	4.7662	-7.609393	-0.000904	-9.036755	-3.061735	0.072817
 883	4.4100e-01	4.7261	-7.755027	0.000361	3.614702	1.224694	-0.029127
 884	4.4150e-01	4.7084	-7.973478	0.000542	5.422053	1.837041	-0.043690
 885	4.4200e-01	4.6523	-8.519607	0.001356	13.555133	4.592603	-0.109226
 886	4.4250e-01	4.6122	-7.937070	-0.001446	-14.458808	-4.898777	0.116507
 887	4.4300e-01	4.5865	-8.483198	0.001356	13.555133	4.592603	-0.109226
 888	4.4350e-01	4.5432	-8.519607	0.000090	0.903676	0.306174	-0.007282
 889	4.4400e-01	4.4951	-8.410381	-0.000271	-2.711027	-0.918521	0.021845
 890	4.4450e-01	4.4517	-8.628833	0.000542	5.422053	1.837041	-0.043690
 891	4.4500e-01	4.4293	-8.373973	-0.000633	-6.325729	-2.143215	0.050972
 892	4.4550e-01	4.3715	-8.920101	0.001356	13.555133	4.592603	-0.109226
 893	4.4600e-01	4.3443	-9.174961	0.000633	6.325729	2.143215	-0.050972
 894	4.4650e-01	4.2785	-8.992919	-0.000452	-4.518378	-1.530868	0.036409
 895	4.4700e-01	4.2512	-9.320596	0.000813	8.133080	2.755562	-0.065535
 896	4.4750e-01	4.2304	-9.357004	0.000090	0.903676	0.306174	-0.007282
 897	4.4800e-01	4.1903	-9.357004	-0.000000	-0.000000	-0.000000	0.000000
 898	4.4850e-01	4.1582	-9.502639	0.000361	3.614702	1.224694	-0.029127
 899	4.4900e-01	4.1116	-9.539047	0.000090	0.903676	0.306174	-0.007282
 900	4.4950e-01	4.0876	-9.539047	-0.000000	-0.000000	-0.000000	0.000000
 901	4.5000e-01	4.0314	-10.157993	0.001536	15.362484	5.204950	-0.123789
 902	4.5050e-01	4.0186	-9.793907	-0.000904	-9.036755	-3.061735	0.072817
 903	4.5100e-01	3.9223	-9.866724	0.000181	1.807351	0.612347	-0.014563
 904	4.5150e-01	3.9207	-10.194402	0.000813	8.133080	2.755562	-0.065535
 905	4.5200e-01	3.8405	-10.230810	0.000090	0.903676	0.306174	-0.007282
 906	4.5250e-01	3.8261	-10.194402	-0.000090	-0.903676	-0.306174	0.007282
 907	4.5300e-01	3.7683	-10.157993	-0.000090	-0.903676	-0.306174	0.007282
 908	4.5350e-01	3.7491	-10.704122	0.001356	13.555133	4.592603	-0.109226
 909	4.5400e-01	3.7074	-10.412853	-0.000723	-7.229404	-2.449388	0.058254
 910	4.5450e-01	3.6785	-10.522079	0.000271	2.711027	0.918521	-0.021845
 911	4.5500e-01	3.5999	-10.704122	0.000452	4.518378	1.530868	-0.036409
 912	4.5550e-01	3.5839	-10.886165	0.000452	4.518378	1.530868	-0.036409
 913	4.5600e-01	3.5405	-11.213842	0.000813	8.133080	2.755562	-0.065535
 914	4.5650e-01	3.5293	-11.031799	-0.000452	-4.518378	-1.530868	0.036409
 915	4.5700e-01	3.4411	-10.995390	-0.000090	-0.903676	-0.306174	0.007282
 916	4.5750e-01	3.4106	-11.541519	0.001356	13.555133	4.592603	-0.109226
 917	4.5800e-01	3.3737	-11.395885	-0.000361	-3.614702	-1.224694	0.029127
 918	4.5850e-01	3.3721	-11.723562	0.000813	8.133080	2.755562	-0.065535
 919	4.5900e-01	3.2823	-11.687153	-0.000090	-0.903676	-0.306174	0.007282
 920	4.5950e-01	3.2550	-12.160465	0.001175	11.747782	3.980256	-0.094662
 921	4.6000e-01	3.2373	-11.905605	-0.000633	-6.325729	-2.143215	0.050972
 922	4.6050e-01	3.1764	-11.759970	-0.000361	-3.614702	-1.224694	0.029127
 923	4.6100e-01	3.1507	-12.415325	0.001627	16.266159	5.511124	-0.131071
 924	4.6150e-01	3.1058	-12.233282	-0.000452	-4.518378	-1.530868	0.036409
 925	4.6200e-01	3.0641	-12.415325	0.000452	4.518378	1.530868	-0.036409
 926	4.6250e-01	3.0304	-12.815819	0.000994	9.940431	3.367909	-0.080099
 927	4.6300e-01	2.9791	-12.488142	-0.000813	-8.133080	-2.755562	0.065535
 928	4.6350e-01	2.9454	-12.560959	0.000181	1.807351	0.612347	-0.014563
 929	4.6400e-01	2.9069	-12.888636	0.000813	8.133080	2.755562	-0.065535
 930	4.6450e-01	2.8571	-12.888636	-0.000000	-0.000000	-0.000000	0.000000
 931	4.6500e-01	2.8170	-12.997862	0.000271	2.711027	0.918521	-0.021845
 932	4.6550e-01	2.7817	-13.289131	0.000723	7.229404	2.449388	-0.058254
 933	4.6600e-01	2.7336	-13.034271	-0.000633	-6.325729	-2.143215	0.050972
 934	4.6650e-01	2.6967	-12.852228	-0.000452	-4.518378	-1.530868	0.036409
 935	4.6700e-01	2.6694	-13.762442	0.002259	22.591888	7.654339	-0.182043
 936	4.6750e-01	2.6277	-13.471173	-0.000723	-7.229404	-2.449388	0.058254
 937	4.6800e-01	2.5812	-13.689625	0.000542	5.422053	1.837041	-0.043690
 938	4.6850e-01	2.5379	-13.689625	-0.000000	-0.000000	-0.000000	0.000000
 939	4.6900e-01	2.4994	-14.017302	0.000813	8.133080	2.755562	-0.065535
 940	4.6950e-01	2.4721	-14.126528	0.000271	2.711027	0.918521	-0.021845
 941	4.7000e-01	2.4400	-14.272162	0.000361	3.614702	1.224694	-0.029127
 942	4.7050e-01	2.3983	-14.417796	0.000361	3.614702	1.224694	-0.029127
 943	4.7100e-01	2.3406	-14.417796	-0.000000	-0.000000	-0.000000	0.000000
 944	4.7150e-01	2.3149	-14.272162	-0.000361	-3.614702	-1.224694	0.029127
 945	4.7200e-01	2.2812	-14.381388	0.000271	2.711027	0.918521	-0.021845
 946	4.7250e-01	2.2058	-14.672657	0.000723	7.229404	2.449388	-0.058254
 947	4.7300e-01	2.1866	-15.109559	0.001084	10.844106	3.674083	-0.087381
 948	4.7350e-01	2.1384	-14.417796	-0.001717	-17.169835	-5.817297	0.138353
 949	4.7400e-01	2.1064	-15.000334	0.001446	14.458808	4.898777	-0.116507
 950	4.7450e-01	2.0711	-15.182377	0.000452	4.518378	1.530868	-0.036409
 951	4.7500e-01	2.0069	-15.328011	0.000361	3.614702	1.224694	-0.029127
 952	4.7550e-01	1.9684	-15.655688	0.000813	8.133080	2.755562	-0.065535
 953	4.7600e-01	1.9122	-15.874140	0.000542	5.422053	1.837041	-0.043690
 954	4.7650e-01	1.8978	-15.582871	-0.000723	-7.229404	-2.449388	0.058254
 955	4.7700e-01	1.8609	-15.764914	0.000452	4.518378	1.530868	-0.036409
 956	4.7750e-01	1.8304	-15.910548	0.000361	3.614702	1.224694	-0.029127
 957	4.7800e-01	1.7823	-16.238225	0.000813	8.133080	2.755562	-0.065535
 958	4.7850e-01	1.7213	-16.165408	-0.000181	-1.807351	-0.612347	0.014563
 959	4.7900e-01	1.6925	-16.129000	-0.000090	-0.903676	-0.306174	0.007282
 960	4.7950e-01	1.6475	-16.383860	0.000633	6.325729	2.143215	-0.050972
 961	4.8000e-01	1.6203	-16.529494	0.000361	3.614702	1.224694	-0.029127
 962	4.8050e-01	1.5994	-16.784354	0.000633	6.325729	2.143215	-0.050972
 963	4.8100e-01	1.5513	-16.711537	-0.000181	-1.807351	-0.612347	0.014563
 964	4.8150e-01	1.5080	-16.711537	-0.000000	-0.000000	-0.000000	0.000000
 965	4.8200e-01	1.4518	-17.112031	0.000994	9.940431	3.367909	-0.080099
 966	4.8250e-01	1.4438	-16.456677	-0.001627	-16.266159	-5.511124	0.131071
 967	4.8300e-01	1.3780	-17.476117	0.002530	25.302914	8.572859	-0.203888
 968	4.8350e-01	1.3107	-17.330483	-0.000361	-3.614702	-1.224694	0.029127
 969	4.8400e-01	1.2866	-17.330483	-0.000000	-0.000000	-0.000000	0.000000
 970	4.8450e-01	1.2529	-17.439708	0.000271	2.711027	0.918521	-0.021845
 971	4.8500e-01	1.2224	-17.767386	0.000813	8.133080	2.755562	-0.065535
 972	4.8550e-01	1.1984	-17.767386	-0.000000	-0.000000	-0.000000	0.000000
 973	4.8600e-01	1.1406	-18.058654	0.000723	7.229404	2.449388	-0.058254
 974	4.8650e-01	1.0941	-18.313514	0.000633	6.325729	2.143215	-0.050972
 975	4.8700e-01	1.0476	-18.277106	-0.000090	-0.903676	-0.306174	0.007282
 976	4.8750e-01	1.0187	-18.022246	-0.000633	-6.325729	-2.143215	0.050972
 977	4.8800e-01	0.9834	-18.495557	0.001175	11.747782	3.980256	-0.094662
 978	4.8850e-01	0.9481	-18.277106	-0.000542	-5.422053	-1.837041	0.043690
 979	4.8900e-01	0.9096	-18.641191	0.000904	9.036755	3.061735	-0.072817
 980	4.8950e-01	0.8711	-19.041686	0.000994	9.940431	3.367909	-0.080099
 981	4.9000e-01	0.8182	-18.859643	-0.000452	-4.518378	-1.530868	0.036409
 982	4.9050e-01	0.7845	-19.078094	0.000542	5.422053	1.837041	-0.043690
 983	4.9100e-01	0.7428	-19.114503	0.000090	0.903676	0.306174	-0.007282
 984	4.9150e-01	0.6850	-19.405772	0.000723	7.229404	2.449388	-0.058254
 985	4.9200e-01	0.6658	-19.223729	-0.000452	-4.518378	-1.530868	0.036409
 986	4.9250e-01	0.6000	-19.697040	0.001175	11.747782	3.980256	-0.094662
 987	4.9300e-01	0.5711	-19.915492	0.000542	5.422053	1.837041	-0.043690
 988	4.9350e-01	0.5374	-19.587814	-0.000813	-8.133080	-2.755562	0.065535
 989	4.9400e-01	0.4909	-19.624223	0.000090	0.903676	0.306174	-0.007282
 990	4.9450e-01	0.4540	-20.461620	0.002078	20.784537	7.041992	-0.167479
 991	4.9500e-01	0.4171	-20.206760	-0.000633	-6.325729	-2.143215	0.050972
 992	4.9550e-01	0.3962	-20.498029	0.000723	7.229404	2.449388	-0.058254
 993	4.9600e-01	0.3369	-20.607255	0.000271	2.711027	0.918521	-0.021845
 994	4.9650e-01	0.2936	-20.898523	0.000723	7.229404	2.449388	-0.058254
 995	4.9700e-01	0.2342	-20.789297	-0.000271	-2.711027	-0.918521	0.021845
 996	4.9750e-01	0.2182	-20.934932	0.000361	3.614702	1.224694	-0.029127
 997	4.9800e-01	0.1749	-21.189792	0.000633	6.325729	2.143215	-0.050972
 998	4.9850e-01	0.1572	-21.153383	-0.000090	-0.903676	-0.306174	0.007282
 999	4.9900e-01	0.0850	-21.116975	-0.000090	-0.903676	-0.306174	0.007282
1000	4.9950e-01	0.0497	-21.808738	0.001717	17.169835	5.817297	-0.138353
1001	5.0000e-01	0.0449	-21.408243	0.001717	17.169835	5.817297	0.080099

PMax (uC/cm2):	4.64e+01
Pr (uC/cm2):	1.97e+00
-Pr (uC/cm2):	0.00e+00
PLoss (uC/cm2):	0.00e+00
C (Max-Eff) (nF):	2.32e-01
K (Eff):	7.85e+02
Vert. (+/-Pr) Shift (uC/cm2):	9.83e-01
Offset (uC/cm2):	2.34e+01

A (Loop Area - uC/cm2·Volts):	-8.63e-02



Hysteresis Version: 5.48.1 - Radiant Technologies, Inc., 1999 - 9/12/24

