»»»»»»»»»»»»»»»»»»»»»»»»»»»»»»»»»»»» Hysteresis ««««««««««««««««««««««««««««««««««««
»»»  Executed Version:	5.48.1
»»»  Vision Version:	5.48.4 (R)
»»»  Vision Compiled:	9/18/24
»»»  Driver Version:	5.47.0
»»»  Windows Version:	Windows 8 or 8.1
»»»  Processor Information:	x86 (AMD or Intel) - 32 Processors
»»»  Tester Name:	PMF21124-494 (100V)
»»»  Tester S/N:	PMF21124-494
»»»  Internal Amp Type:	100V RevK 270k
»»»  Internal Amp S/N:	iAB2-596/K     
»»»  Execution Count:	1
»»»»»»»»»»»»»»»»»»»»»»»»»»»»»»»»»»»»»»»»»»««««««««««««««««««««««««««««««««««««««««««

Stored:	10/8/2025 - 18:44:38
Configured:	10/08/25 04:22:59 PM
Executed:	10/08/25 06:43:05 PM

»»»»»»»»»»»»»»»»»»»»»»»»»»»»»»»»»»» Sample Info ««««««««««««««««««««««««««««««««««««
Sample Name:	Int. Ref. Ferroelectric
Lot Name:	N/A
Wafer Name:	N/A
Die Row/Column:	0/0
Capacitor Number:	0
Sample Area (cm2):	1.00e-04
Sample Thickness (microns):	3.00e-01

Amplifier:	Internal

»»»»»»»»»»»»»»»»»»»»»»»»»»»»»»»»»»» Tester Info «««««««««««««««««««««««««««««««««««
Tester Name:	PMF21124-494 (100V)
Tester Serial Number:	PMF21124-494
Return Signal Amp. Level:	0.02 [Index: 2]

»»»»»»»»»»»»»»»»»»»»»»»»»»»»»»»» Hysteresis Info ««««««««««««««««««««««««««««««««««
Task Name:	Hyste-8
Volts:	20.00
Field:	666.67 (kV/cm)
DCBias:	0.00
DCField:	0.00 (kV/cm)
Hysteresis Period (ms):	5.00e-01
Preset:	Enabled
Preset Delay (ms):	1.00e+03
Profile:	Standard Monopolar

»»»»»»»»»»»»»»»»»»»»»»»»»»»»»»»»»»»»»» Data «««««««««««««««««««««««««««««««««««««««
Points:	1001

Valid Data

Point	Time (ms)	Drive Voltage	Measured Polarization (uC/cm2)	Capacitance (uF)	Normalized Capacitance (uF/cm2)	Dielectric Constant	Instantaneous Current (mA)
   1	0.0000e+00	0.0369	-20.243169	0.001451	14.507578	4.915301	0.116507
   2	5.0000e-04	0.0497	-19.660632	0.001451	14.507578	4.915301	0.116507
   3	1.0000e-03	0.1107	-20.061126	-0.000997	-9.973960	-3.379269	-0.080099
   4	1.5000e-03	0.1668	-19.879083	0.000453	4.533618	1.536031	0.036409
   5	2.0000e-03	0.2134	-19.442180	0.001088	10.880684	3.686475	0.087381
   6	2.5000e-03	0.2503	-19.369363	0.000181	1.813447	0.614413	0.014563
   7	3.0000e-03	0.2807	-19.369363	0.000000	0.000000	0.000000	0.000000
   8	3.5000e-03	0.3192	-19.332954	0.000091	0.906724	0.307206	0.007282
   9	4.0000e-03	0.3545	-19.150911	0.000453	4.533618	1.536031	0.036409
  10	4.5000e-03	0.4043	-19.332954	-0.000453	-4.533618	-1.536031	-0.036409
  11	5.0000e-03	0.4476	-18.604783	0.001813	18.134473	6.144126	0.145634
  12	5.5000e-03	0.4973	-18.641191	-0.000091	-0.906724	-0.307206	-0.007282
  13	6.0000e-03	0.5021	-18.714009	-0.000181	-1.813447	-0.614413	-0.014563
  14	6.5000e-03	0.5438	-18.386331	0.000816	8.160513	2.764857	0.065535
  15	7.0000e-03	0.5984	-18.568374	-0.000453	-4.533618	-1.536031	-0.036409
  16	7.5000e-03	0.6577	-18.641191	-0.000181	-1.813447	-0.614413	-0.014563
  17	8.0000e-03	0.6754	-18.349923	0.000725	7.253789	2.457650	0.058254
  18	8.5000e-03	0.7347	-18.277106	0.000181	1.813447	0.614413	0.014563
  19	9.0000e-03	0.7604	-18.167880	0.000272	2.720171	0.921619	0.021845
  20	9.5000e-03	0.7893	-17.913020	0.000635	6.347066	2.150444	0.050972
  21	1.0000e-02	0.8262	-18.058654	-0.000363	-3.626895	-1.228825	-0.029127
  22	1.0500e-02	0.8711	-17.621751	0.001088	10.880684	3.686475	0.087381
  23	1.1000e-02	0.9449	-17.949428	-0.000816	-8.160513	-2.764857	-0.065535
  24	1.1500e-02	0.9545	-17.621751	0.000816	8.160513	2.764857	0.065535
  25	1.2000e-02	0.9898	-17.403300	0.000544	5.440342	1.843238	0.043690
  26	1.2500e-02	1.0379	-17.512526	-0.000272	-2.720171	-0.921619	-0.021845
  27	1.3000e-02	1.0845	-17.585343	-0.000181	-1.813447	-0.614413	-0.014563
  28	1.3500e-02	1.1326	-17.112031	0.001179	11.787408	3.993682	0.094662
  29	1.4000e-02	1.1839	-17.148440	-0.000091	-0.906724	-0.307206	-0.007282
  30	1.4500e-02	1.1871	-16.857171	0.000725	7.253789	2.457650	0.058254
  31	1.5000e-02	1.2417	-17.148440	-0.000725	-7.253789	-2.457650	-0.058254
  32	1.5500e-02	1.2722	-16.747945	0.000997	9.973960	3.379269	0.080099
  33	1.6000e-02	1.3123	-16.347451	0.000997	9.973960	3.379269	0.080099
  34	1.6500e-02	1.3524	-16.529494	-0.000453	-4.533618	-1.536031	-0.036409
  35	1.7000e-02	1.3909	-16.456677	0.000181	1.813447	0.614413	0.014563
  36	1.7500e-02	1.4230	-16.493085	-0.000091	-0.906724	-0.307206	-0.007282
  37	1.8000e-02	1.4502	-16.238225	0.000635	6.347066	2.150444	0.050972
  38	1.8500e-02	1.5080	-16.056182	0.000453	4.533618	1.536031	0.036409
  39	1.9000e-02	1.5513	-15.764914	0.000725	7.253789	2.457650	0.058254
  40	1.9500e-02	1.5978	-15.801322	-0.000091	-0.906724	-0.307206	-0.007282
  41	2.0000e-02	1.6588	-15.874140	-0.000181	-1.813447	-0.614413	-0.014563
  42	2.0500e-02	1.7005	-15.801322	0.000181	1.813447	0.614413	0.014563
  43	2.1000e-02	1.7454	-15.728505	0.000181	1.813447	0.614413	0.014563
  44	2.1500e-02	1.7855	-15.619280	0.000272	2.720171	0.921619	0.021845
  45	2.2000e-02	1.7823	-15.546462	-0.000181	-1.813447	-0.614413	0.014563
  46	2.2500e-02	1.8465	-15.145968	0.000997	9.973960	3.379269	0.080099
  47	2.3000e-02	1.8946	-15.328011	-0.000453	-4.533618	-1.536031	-0.036409
  48	2.3500e-02	1.9363	-15.109559	0.000544	5.440342	1.843238	0.043690
  49	2.4000e-02	1.9363	-15.291602	0.000453	4.533618	1.536031	-0.036409
  50	2.4500e-02	2.0053	-14.781882	0.001269	12.694131	4.300888	0.101944
  51	2.5000e-02	2.0229	-14.636248	0.000363	3.626895	1.228825	0.029127
  52	2.5500e-02	2.0614	-14.854699	-0.000544	-5.440342	-1.843238	-0.043690
  53	2.6000e-02	2.1433	-14.490614	0.000907	9.067237	3.072063	0.072817
  54	2.6500e-02	2.1561	-14.199345	0.000725	7.253789	2.457650	0.058254
  55	2.7000e-02	2.2122	-14.199345	0.000000	0.000000	0.000000	0.000000
  56	2.7500e-02	2.2475	-14.636248	-0.001088	-10.880684	-3.686475	-0.087381
  57	2.8000e-02	2.3037	-13.908076	0.001813	18.134473	6.144126	0.145634
  58	2.8500e-02	2.3181	-14.454205	-0.001360	-13.600855	-4.608094	-0.109226
  59	2.9000e-02	2.3791	-14.017302	0.001088	10.880684	3.686475	0.087381
  60	2.9500e-02	2.3903	-14.090119	-0.000181	-1.813447	-0.614413	-0.014563
  61	3.0000e-02	2.4400	-13.507582	0.001451	14.507578	4.915301	0.116507
  62	3.0500e-02	2.4737	-13.944485	-0.001088	-10.880684	-3.686475	-0.087381
  63	3.1000e-02	2.5347	-13.580399	0.000907	9.067237	3.072063	0.072817
  64	3.1500e-02	2.5604	-13.361948	0.000544	5.440342	1.843238	0.043690
  65	3.2000e-02	2.5973	-13.398356	-0.000091	-0.906724	-0.307206	-0.007282
  66	3.2500e-02	2.6342	-13.143496	0.000635	6.347066	2.150444	0.050972
  67	3.3000e-02	2.6807	-13.398356	-0.000635	-6.347066	-2.150444	-0.050972
  68	3.3500e-02	2.7384	-12.633776	0.001904	19.041197	6.451332	0.152916
  69	3.4000e-02	2.7593	-12.961453	-0.000816	-8.160513	-2.764857	-0.065535
  70	3.4500e-02	2.7962	-12.925045	0.000091	0.906724	0.307206	0.007282
  71	3.5000e-02	2.8331	-12.815819	0.000272	2.720171	0.921619	0.021845
  72	3.5500e-02	2.8587	-12.743002	0.000181	1.813447	0.614413	0.014563
  73	3.6000e-02	2.9165	-12.378916	0.000907	9.067237	3.072063	0.072817
  74	3.6500e-02	2.9614	-12.670185	-0.000725	-7.253789	-2.457650	-0.058254
  75	3.7000e-02	2.9694	-12.524550	0.000363	3.626895	1.228825	0.029127
  76	3.7500e-02	3.0464	-12.233282	0.000725	7.253789	2.457650	0.058254
  77	3.8000e-02	3.0881	-12.196873	0.000091	0.906724	0.307206	0.007282
  78	3.8500e-02	3.1170	-12.306099	-0.000272	-2.720171	-0.921619	-0.021845
  79	3.9000e-02	3.1716	-12.306099	0.000000	0.000000	0.000000	0.000000
  80	3.9500e-02	3.2004	-12.051239	0.000635	6.347066	2.150444	0.050972
  81	4.0000e-02	3.2422	-11.942013	0.000272	2.720171	0.921619	0.021845
  82	4.0500e-02	3.2438	-11.614336	0.000816	8.160513	2.764857	0.065535
  83	4.1000e-02	3.3095	-11.687153	-0.000181	-1.813447	-0.614413	-0.014563
  84	4.1500e-02	3.3737	-11.505110	0.000453	4.533618	1.536031	0.036409
  85	4.2000e-02	3.4234	-11.432293	0.000181	1.813447	0.614413	0.014563
  86	4.2500e-02	3.4379	-11.177433	0.000635	6.347066	2.150444	0.050972
  87	4.3000e-02	3.4684	-10.886165	0.000725	7.253789	2.457650	0.058254
  88	4.3500e-02	3.5373	-11.614336	-0.001813	-18.134473	-6.144126	-0.145634
  89	4.4000e-02	3.5630	-10.922573	0.001723	17.227749	5.836920	0.138353
  90	4.4500e-02	3.5935	-11.031799	-0.000272	-2.720171	-0.921619	-0.021845
  91	4.5000e-02	3.6400	-10.886165	0.000363	3.626895	1.228825	0.029127
  92	4.5500e-02	3.7074	-11.286659	-0.000997	-9.973960	-3.379269	-0.080099
  93	4.6000e-02	3.7106	-10.594896	0.001723	17.227749	5.836920	0.138353
  94	4.6500e-02	3.7683	-10.813347	-0.000544	-5.440342	-1.843238	-0.043690
  95	4.7000e-02	3.7908	-10.485670	0.000816	8.160513	2.764857	0.065535
  96	4.7500e-02	3.8389	-10.485670	0.000000	0.000000	0.000000	0.000000
  97	4.8000e-02	3.8726	-10.485670	0.000000	0.000000	0.000000	0.000000
  98	4.8500e-02	3.8967	-10.267219	0.000544	5.440342	1.843238	0.043690
  99	4.9000e-02	3.9592	-10.048767	0.000544	5.440342	1.843238	0.043690
 100	4.9500e-02	3.9849	-9.757499	0.000725	7.253789	2.457650	0.058254
 101	5.0000e-02	4.0379	-10.230810	-0.001179	-11.787408	-3.993682	-0.094662
 102	5.0500e-02	4.0507	-9.975950	0.000635	6.347066	2.150444	0.050972
 103	5.1000e-02	4.1068	-9.793907	0.000453	4.533618	1.536031	0.036409
 104	5.1500e-02	4.1630	-9.357004	0.001088	10.880684	3.686475	0.087381
 105	5.2000e-02	4.1935	-9.793907	-0.001088	-10.880684	-3.686475	-0.087381
 106	5.2500e-02	4.2159	-9.284187	0.001269	12.694131	4.300888	0.101944
 107	5.3000e-02	4.2737	-9.466230	-0.000453	-4.533618	-1.536031	-0.036409
 108	5.3500e-02	4.3218	-9.284187	0.000453	4.533618	1.536031	0.036409
 109	5.4000e-02	4.3763	-9.284187	0.000000	0.000000	0.000000	0.000000
 110	5.4500e-02	4.3796	-9.284187	0.000000	0.000000	0.000000	0.000000
 111	5.5000e-02	4.4630	-8.847284	0.001088	10.880684	3.686475	0.087381
 112	5.5500e-02	4.4983	-9.102144	-0.000635	-6.347066	-2.150444	-0.050972
 113	5.6000e-02	4.5207	-8.738058	0.000907	9.067237	3.072063	0.072817
 114	5.6500e-02	4.5640	-8.592424	0.000363	3.626895	1.228825	0.029127
 115	5.7000e-02	4.6138	-9.029327	-0.001088	-10.880684	-3.686475	-0.087381
 116	5.7500e-02	4.6394	-8.301156	0.001813	18.134473	6.144126	0.145634
 117	5.8000e-02	4.6795	-8.373973	-0.000181	-1.813447	-0.614413	-0.014563
 118	5.8500e-02	4.7277	-8.556016	-0.000453	-4.533618	-1.536031	-0.036409
 119	5.9000e-02	4.7662	-8.301156	0.000635	6.347066	2.150444	0.050972
 120	5.9500e-02	4.8255	-8.301156	0.000000	0.000000	0.000000	0.000000
 121	6.0000e-02	4.8352	-7.864253	0.001088	10.880684	3.686475	0.087381
 122	6.0500e-02	4.8913	-8.119113	-0.000635	-6.347066	-2.150444	-0.050972
 123	6.1000e-02	4.9138	-8.082704	0.000091	0.906724	0.307206	0.007282
 124	6.1500e-02	4.9523	-7.973478	0.000272	2.720171	0.921619	0.021845
 125	6.2000e-02	4.9940	-7.791435	0.000453	4.533618	1.536031	0.036409
 126	6.2500e-02	5.0614	-7.755027	0.000091	0.906724	0.307206	0.007282
 127	6.3000e-02	5.0710	-7.900661	-0.000363	-3.626895	-1.228825	-0.029127
 128	6.3500e-02	5.1047	-7.136081	0.001904	19.041197	6.451332	0.152916
 129	6.4000e-02	5.1720	-7.354533	-0.000544	-5.440342	-1.843238	-0.043690
 130	6.4500e-02	5.1945	-7.354533	0.000000	0.000000	0.000000	0.000000
 131	6.5000e-02	5.2394	-7.172490	0.000453	4.533618	1.536031	0.036409
 132	6.5500e-02	5.2811	-7.136081	0.000091	0.906724	0.307206	0.007282
 133	6.6000e-02	5.3277	-6.735587	0.000997	9.973960	3.379269	0.080099
 134	6.6500e-02	5.3630	-7.354533	-0.001541	-15.414302	-5.222507	-0.123789
 135	6.7000e-02	5.3998	-6.699178	0.001632	16.321026	5.529713	0.131071
 136	6.7500e-02	5.4544	-6.990447	-0.000725	-7.253789	-2.457650	-0.058254
 137	6.8000e-02	5.4817	-6.553544	0.001088	10.880684	3.686475	0.087381
 138	6.8500e-02	5.5555	-6.735587	-0.000453	-4.533618	-1.536031	-0.036409
 139	6.9000e-02	5.5506	-6.662770	-0.000181	-1.813447	-0.614413	0.014563
 140	6.9500e-02	5.5859	-6.589952	0.000181	1.813447	0.614413	0.014563
 141	7.0000e-02	5.6469	-6.335092	0.000635	6.347066	2.150444	0.050972
 142	7.0500e-02	5.6678	-6.153050	0.000453	4.533618	1.536031	0.036409
 143	7.1000e-02	5.6934	-6.189458	-0.000091	-0.906724	-0.307206	-0.007282
 144	7.1500e-02	5.7672	-5.971007	0.000544	5.440342	1.843238	0.043690
 145	7.2000e-02	5.7849	-5.825372	0.000363	3.626895	1.228825	0.029127
 146	7.2500e-02	5.8314	-6.080232	-0.000635	-6.347066	-2.150444	-0.050972
 147	7.3000e-02	5.8458	-5.825372	0.000635	6.347066	2.150444	0.050972
 148	7.3500e-02	5.9276	-5.825372	0.000000	0.000000	0.000000	0.000000
 149	7.4000e-02	5.9581	-5.788964	0.000091	0.906724	0.307206	0.007282
 150	7.4500e-02	5.9918	-5.497695	0.000725	7.253789	2.457650	0.058254
 151	7.5000e-02	6.0560	-5.606921	-0.000272	-2.720171	-0.921619	-0.021845
 152	7.5500e-02	6.0897	-5.424878	0.000453	4.533618	1.536031	0.036409
 153	7.6000e-02	6.1346	-5.279244	0.000363	3.626895	1.228825	0.029127
 154	7.6500e-02	6.1651	-5.388469	-0.000272	-2.720171	-0.921619	-0.021845
 155	7.7000e-02	6.2020	-4.951566	0.001088	10.880684	3.686475	0.087381
 156	7.7500e-02	6.2405	-5.097201	-0.000363	-3.626895	-1.228825	-0.029127
 157	7.8000e-02	6.2918	-5.206427	-0.000272	-2.720171	-0.921619	-0.021845
 158	7.8500e-02	6.3255	-4.660298	0.001360	13.600855	4.608094	0.109226
 159	7.9000e-02	6.3463	-4.733115	-0.000181	-1.813447	-0.614413	-0.014563
 160	7.9500e-02	6.3736	-4.842341	-0.000272	-2.720171	-0.921619	-0.021845
 161	8.0000e-02	6.4330	-4.369029	0.001179	11.787408	3.993682	0.094662
 162	8.0500e-02	6.5052	-4.805932	-0.001088	-10.880684	-3.686475	-0.087381
 163	8.1000e-02	6.4939	-4.551072	-0.000635	-6.347066	-2.150444	0.050972
 164	8.1500e-02	6.5774	-4.259804	0.000725	7.253789	2.457650	0.058254
 165	8.2000e-02	6.5950	-4.296212	-0.000091	-0.906724	-0.307206	-0.007282
 166	8.2500e-02	6.6335	-4.551072	-0.000635	-6.347066	-2.150444	-0.050972
 167	8.3000e-02	6.6736	-3.932126	0.001541	15.414302	5.222507	0.123789
 168	8.3500e-02	6.7105	-3.968535	-0.000091	-0.906724	-0.307206	-0.007282
 169	8.4000e-02	6.7474	-4.186986	-0.000544	-5.440342	-1.843238	-0.043690
 170	8.4500e-02	6.7859	-3.932126	0.000635	6.347066	2.150444	0.050972
 171	8.5000e-02	6.8517	-3.750083	0.000453	4.533618	1.536031	0.036409
 172	8.5500e-02	6.8982	-3.932126	-0.000453	-4.533618	-1.536031	-0.036409
 173	8.6000e-02	6.9287	-3.276772	0.001632	16.321026	5.529713	0.131071
 174	8.6500e-02	6.9560	-4.004943	-0.001813	-18.134473	-6.144126	-0.145634
 175	8.7000e-02	6.9945	-3.531632	0.001179	11.787408	3.993682	0.094662
 176	8.7500e-02	7.0474	-3.422406	0.000272	2.720171	0.921619	0.021845
 177	8.8000e-02	7.0747	-3.385998	0.000091	0.906724	0.307206	0.007282
 178	8.8500e-02	7.1228	-3.276772	0.000272	2.720171	0.921619	0.021845
 179	8.9000e-02	7.1565	-3.094729	0.000453	4.533618	1.536031	0.036409
 180	8.9500e-02	7.2030	-3.131138	-0.000091	-0.906724	-0.307206	-0.007282
 181	9.0000e-02	7.2399	-2.912686	0.000544	5.440342	1.843238	0.043690
 182	9.0500e-02	7.2624	-2.839869	0.000181	1.813447	0.614413	0.014563
 183	9.1000e-02	7.2993	-3.058320	-0.000544	-5.440342	-1.843238	-0.043690
 184	9.1500e-02	7.3731	-2.730643	0.000816	8.160513	2.764857	0.065535
 185	9.2000e-02	7.4388	-2.439375	0.000725	7.253789	2.457650	0.058254
 186	9.2500e-02	7.4356	-2.621418	0.000453	4.533618	1.536031	-0.036409
 187	9.3000e-02	7.4902	-2.184515	0.001088	10.880684	3.686475	0.087381
 188	9.3500e-02	7.4918	-2.585009	-0.000997	-9.973960	-3.379269	-0.080099
 189	9.4000e-02	7.5415	-2.439375	0.000363	3.626895	1.228825	0.029127
 190	9.4500e-02	7.5993	-1.929655	0.001269	12.694131	4.300888	0.101944
 191	9.5000e-02	7.6538	-2.293740	-0.000907	-9.067237	-3.072063	-0.072817
 192	9.5500e-02	7.6827	-2.111697	0.000453	4.533618	1.536031	0.036409
 193	9.6000e-02	7.7115	-2.220923	-0.000272	-2.720171	-0.921619	-0.021845
 194	9.6500e-02	7.7517	-1.784020	0.001088	10.880684	3.686475	0.087381
 195	9.7000e-02	7.8142	-1.383526	0.000997	9.973960	3.379269	0.080099
 196	9.7500e-02	7.8527	-1.784020	-0.000997	-9.973960	-3.379269	-0.080099
 197	9.8000e-02	7.8688	-1.601977	0.000453	4.533618	1.536031	0.036409
 198	9.8500e-02	7.9169	-1.274300	0.000816	8.160513	2.764857	0.065535
 199	9.9000e-02	7.9618	-1.492752	-0.000544	-5.440342	-1.843238	-0.043690
 200	9.9500e-02	7.9875	-1.456343	0.000091	0.906724	0.307206	0.007282
 201	1.0000e-01	8.0308	-1.128666	0.000816	8.160513	2.764857	0.065535
 202	1.0050e-01	8.0709	-1.310709	-0.000453	-4.533618	-1.536031	-0.036409
 203	1.0100e-01	8.1142	-1.019440	0.000725	7.253789	2.457650	0.058254
 204	1.0150e-01	8.1479	-0.837397	0.000453	4.533618	1.536031	0.036409
 205	1.0200e-01	8.2040	-1.310709	-0.001179	-11.787408	-3.993682	-0.094662
 206	1.0250e-01	8.2506	-0.655354	0.001632	16.321026	5.529713	0.131071
 207	1.0300e-01	8.2827	-0.983032	-0.000816	-8.160513	-2.764857	-0.065535
 208	1.0350e-01	8.3388	-0.837397	0.000363	3.626895	1.228825	0.029127
 209	1.0400e-01	8.3661	-0.691763	0.000363	3.626895	1.228825	0.029127
 210	1.0450e-01	8.3741	-0.582537	0.000272	2.720171	0.921619	0.021845
 211	1.0500e-01	8.4479	-0.400494	0.000453	4.533618	1.536031	0.036409
 212	1.0550e-01	8.4880	-0.473312	-0.000181	-1.813447	-0.614413	-0.014563
 213	1.0600e-01	8.5297	-0.473312	0.000000	0.000000	0.000000	0.000000
 214	1.0650e-01	8.5570	-0.072817	0.000997	9.973960	3.379269	0.080099
 215	1.0700e-01	8.6115	-0.218451	-0.000363	-3.626895	-1.228825	-0.029127
 216	1.0750e-01	8.6596	0.218451	0.001088	10.880684	3.686475	0.087381
 217	1.0800e-01	8.6821	-0.327677	-0.001360	-13.600855	-4.608094	-0.109226
 218	1.0850e-01	8.7238	0.182043	0.001269	12.694131	4.300888	0.101944
 219	1.0900e-01	8.7575	0.000000	-0.000453	-4.533618	-1.536031	-0.036409
 220	1.0950e-01	8.8056	0.072817	0.000181	1.813447	0.614413	0.014563
 221	1.1000e-01	8.8233	0.036409	-0.000091	-0.906724	-0.307206	-0.007282
 222	1.1050e-01	8.8602	0.400494	0.000907	9.067237	3.072063	0.072817
 223	1.1100e-01	8.9372	0.473312	0.000181	1.813447	0.614413	0.014563
 224	1.1150e-01	8.9516	0.800989	0.000816	8.160513	2.764857	0.065535
 225	1.1200e-01	8.9869	0.655354	-0.000363	-3.626895	-1.228825	-0.029127
 226	1.1250e-01	9.0334	0.436903	-0.000544	-5.440342	-1.843238	-0.043690
 227	1.1300e-01	9.0832	0.546129	0.000272	2.720171	0.921619	0.021845
 228	1.1350e-01	9.1185	1.092257	0.001360	13.600855	4.608094	0.109226
 229	1.1400e-01	9.1457	0.873806	-0.000544	-5.440342	-1.843238	-0.043690
 230	1.1450e-01	9.1939	1.092257	0.000544	5.440342	1.843238	0.043690
 231	1.1500e-01	9.2516	1.092257	0.000000	0.000000	0.000000	0.000000
 232	1.1550e-01	9.2933	1.128666	0.000091	0.906724	0.307206	0.007282
 233	1.1600e-01	9.3142	1.055849	-0.000181	-1.813447	-0.614413	-0.014563
 234	1.1650e-01	9.3591	1.347117	0.000725	7.253789	2.457650	0.058254
 235	1.1700e-01	9.3960	1.638386	0.000725	7.253789	2.457650	0.058254
 236	1.1750e-01	9.4553	1.674795	0.000091	0.906724	0.307206	0.007282
 237	1.1800e-01	9.5019	1.674795	0.000000	0.000000	0.000000	0.000000
 238	1.1850e-01	9.5227	1.565569	-0.000272	-2.720171	-0.921619	-0.021845
 239	1.1900e-01	9.5404	1.856837	0.000725	7.253789	2.457650	0.058254
 240	1.1950e-01	9.6029	1.565569	-0.000725	-7.253789	-2.457650	-0.058254
 241	1.2000e-01	9.6382	2.038880	0.001179	11.787408	3.993682	0.094662
 242	1.2050e-01	9.6880	1.784020	-0.000635	-6.347066	-2.150444	-0.050972
 243	1.2100e-01	9.7217	1.966063	0.000453	4.533618	1.536031	0.036409
 244	1.2150e-01	9.7281	2.111697	0.000363	3.626895	1.228825	0.029127
 245	1.2200e-01	9.7906	2.330149	0.000544	5.440342	1.843238	0.043690
 246	1.2250e-01	9.8468	2.148106	-0.000453	-4.533618	-1.536031	-0.036409
 247	1.2300e-01	9.8965	2.293740	0.000363	3.626895	1.228825	0.029127
 248	1.2350e-01	9.9110	2.548600	0.000635	6.347066	2.150444	0.050972
 249	1.2400e-01	9.9703	2.839869	0.000725	7.253789	2.457650	0.058254
 250	1.2450e-01	9.9976	2.585009	-0.000635	-6.347066	-2.150444	-0.050972
 251	1.2500e-01	10.0377	2.439375	-0.000363	-3.626895	-1.228825	-0.029127
 252	1.2550e-01	10.0954	2.949095	0.001269	12.694131	4.300888	0.101944
 253	1.2600e-01	10.1227	2.730643	-0.000544	-5.440342	-1.843238	-0.043690
 254	1.2650e-01	10.1404	2.912686	0.000453	4.533618	1.536031	0.036409
 255	1.2700e-01	10.1933	2.839869	-0.000181	-1.813447	-0.614413	-0.014563
 256	1.2750e-01	10.2527	2.949095	0.000272	2.720171	0.921619	0.021845
 257	1.2800e-01	10.2783	3.131138	0.000453	4.533618	1.536031	0.036409
 258	1.2850e-01	10.3136	3.131138	0.000000	0.000000	0.000000	0.000000
 259	1.2900e-01	10.3393	3.240363	0.000272	2.720171	0.921619	0.021845
 260	1.2950e-01	10.4147	3.313181	0.000181	1.813447	0.614413	0.014563
 261	1.3000e-01	10.4628	3.531632	0.000544	5.440342	1.843238	0.043690
 262	1.3050e-01	10.4724	3.167546	-0.000907	-9.067237	-3.072063	-0.072817
 263	1.3100e-01	10.5334	3.968535	0.001995	19.947920	6.758538	0.160198
 264	1.3150e-01	10.5607	3.677266	-0.000725	-7.253789	-2.457650	-0.058254
 265	1.3200e-01	10.6104	3.750083	0.000181	1.813447	0.614413	0.014563
 266	1.3250e-01	10.6473	4.259804	0.001269	12.694131	4.300888	0.101944
 267	1.3300e-01	10.6762	3.422406	-0.002085	-20.854644	-7.065745	-0.167479
 268	1.3350e-01	10.7163	3.895718	0.001179	11.787408	3.993682	0.094662
 269	1.3400e-01	10.7564	4.186986	0.000725	7.253789	2.457650	0.058254
 270	1.3450e-01	10.7917	4.405438	0.000544	5.440342	1.843238	0.043690
 271	1.3500e-01	10.8286	3.786492	-0.001541	-15.414302	-5.222507	-0.123789
 272	1.3550e-01	10.9008	4.369029	0.001451	14.507578	4.915301	0.116507
 273	1.3600e-01	10.9200	4.405438	0.000091	0.906724	0.307206	0.007282
 274	1.3650e-01	10.9521	4.332621	-0.000181	-1.813447	-0.614413	-0.014563
 275	1.3700e-01	10.9970	4.478255	0.000363	3.626895	1.228825	0.029127
 276	1.3750e-01	11.0131	4.696706	0.000544	5.440342	1.843238	0.043690
 277	1.3800e-01	11.0949	4.805932	0.000272	2.720171	0.921619	0.021845
 278	1.3850e-01	11.1013	5.060792	0.000635	6.347066	2.150444	0.050972
 279	1.3900e-01	11.1799	4.842341	-0.000544	-5.440342	-1.843238	-0.043690
 280	1.3950e-01	11.2120	4.587481	-0.000635	-6.347066	-2.150444	-0.050972
 281	1.4000e-01	11.2473	5.024384	0.001088	10.880684	3.686475	0.087381
 282	1.4050e-01	11.2810	5.242835	0.000544	5.440342	1.843238	0.043690
 283	1.4100e-01	11.3259	4.878749	-0.000907	-9.067237	-3.072063	-0.072817
 284	1.4150e-01	11.3580	5.097201	0.000544	5.440342	1.843238	0.043690
 285	1.4200e-01	11.3949	5.352061	0.000635	6.347066	2.150444	0.050972
 286	1.4250e-01	11.4173	5.170018	-0.000453	-4.533618	-1.536031	-0.036409
 287	1.4300e-01	11.4526	5.461287	0.000725	7.253789	2.457650	0.058254
 288	1.4350e-01	11.5280	5.461287	0.000000	0.000000	0.000000	0.000000
 289	1.4400e-01	11.5601	5.861781	0.000997	9.973960	3.379269	0.080099
 290	1.4450e-01	11.6018	5.606921	-0.000635	-6.347066	-2.150444	-0.050972
 291	1.4500e-01	11.6162	5.971007	0.000907	9.067237	3.072063	0.072817
 292	1.4550e-01	11.6660	5.861781	-0.000272	-2.720171	-0.921619	-0.021845
 293	1.4600e-01	11.6965	6.153050	0.000725	7.253789	2.457650	0.058254
 294	1.4650e-01	11.7735	5.971007	-0.000453	-4.533618	-1.536031	-0.036409
 295	1.4700e-01	11.8120	6.262275	0.000725	7.253789	2.457650	0.058254
 296	1.4750e-01	11.8344	6.153050	-0.000272	-2.720171	-0.921619	-0.021845
 297	1.4800e-01	11.8793	5.971007	-0.000453	-4.533618	-1.536031	-0.036409
 298	1.4850e-01	11.9082	6.407910	0.001088	10.880684	3.686475	0.087381
 299	1.4900e-01	11.9612	6.298684	-0.000272	-2.720171	-0.921619	-0.021845
 300	1.4950e-01	12.0109	6.407910	0.000272	2.720171	0.921619	0.021845
 301	1.5000e-01	12.0205	6.298684	-0.000272	-2.720171	-0.921619	-0.021845
 302	1.5050e-01	12.0670	6.480727	0.000453	4.533618	1.536031	0.036409
 303	1.5100e-01	12.1023	6.735587	0.000635	6.347066	2.150444	0.050972
 304	1.5150e-01	12.1473	6.589952	-0.000363	-3.626895	-1.228825	-0.029127
 305	1.5200e-01	12.2034	7.063264	0.001179	11.787408	3.993682	0.094662
 306	1.5250e-01	12.2531	6.444318	-0.001541	-15.414302	-5.222507	-0.123789
 307	1.5300e-01	12.2708	6.990447	0.001360	13.600855	4.608094	0.109226
 308	1.5350e-01	12.2980	7.208898	0.000544	5.440342	1.843238	0.043690
 309	1.5400e-01	12.3430	7.136081	-0.000181	-1.813447	-0.614413	-0.014563
 310	1.5450e-01	12.4087	7.099673	-0.000091	-0.906724	-0.307206	-0.007282
 311	1.5500e-01	12.4376	7.172490	0.000181	1.813447	0.614413	0.014563
 312	1.5550e-01	12.4777	7.500167	0.000816	8.160513	2.764857	0.065535
 313	1.5600e-01	12.5339	7.318124	-0.000453	-4.533618	-1.536031	-0.036409
 314	1.5650e-01	12.5387	7.354533	0.000091	0.906724	0.307206	0.007282
 315	1.5700e-01	12.5852	7.354533	0.000000	0.000000	0.000000	0.000000
 316	1.5750e-01	12.6333	7.682210	0.000816	8.160513	2.764857	0.065535
 317	1.5800e-01	12.6542	7.427350	-0.000635	-6.347066	-2.150444	-0.050972
 318	1.5850e-01	12.7200	8.009887	0.001451	14.507578	4.915301	0.116507
 319	1.5900e-01	12.7617	7.755027	-0.000635	-6.347066	-2.150444	-0.050972
 320	1.5950e-01	12.8242	8.264747	0.001269	12.694131	4.300888	0.101944
 321	1.6000e-01	12.8419	7.864253	-0.000997	-9.973960	-3.379269	-0.080099
 322	1.6050e-01	12.8868	7.864253	0.000000	0.000000	0.000000	0.000000
 323	1.6100e-01	12.9269	8.191930	0.000816	8.160513	2.764857	0.065535
 324	1.6150e-01	12.9093	8.082704	0.000272	2.720171	0.921619	-0.021845
 325	1.6200e-01	12.9815	8.082704	0.000000	0.000000	0.000000	0.000000
 326	1.6250e-01	13.0456	8.665241	0.001451	14.507578	4.915301	0.116507
 327	1.6300e-01	13.0665	8.337564	-0.000816	-8.160513	-2.764857	-0.065535
 328	1.6350e-01	13.1210	8.446790	0.000272	2.720171	0.921619	0.021845
 329	1.6400e-01	13.1595	8.519607	0.000181	1.813447	0.614413	0.014563
 330	1.6450e-01	13.1836	8.373973	-0.000363	-3.626895	-1.228825	-0.029127
 331	1.6500e-01	13.2301	8.628833	0.000635	6.347066	2.150444	0.050972
 332	1.6550e-01	13.2718	8.774467	0.000363	3.626895	1.228825	0.029127
 333	1.6600e-01	13.2975	8.628833	-0.000363	-3.626895	-1.228825	-0.029127
 334	1.6650e-01	13.3584	8.956510	0.000816	8.160513	2.764857	0.065535
 335	1.6700e-01	13.4050	8.956510	0.000000	0.000000	0.000000	0.000000
 336	1.6750e-01	13.4226	9.138553	0.000453	4.533618	1.536031	0.036409
 337	1.6800e-01	13.4820	9.138553	0.000000	0.000000	0.000000	0.000000
 338	1.6850e-01	13.5060	9.466230	0.000816	8.160513	2.764857	0.065535
 339	1.6900e-01	13.5333	9.174961	-0.000725	-7.253789	-2.457650	-0.058254
 340	1.6950e-01	13.5862	9.502639	0.000816	8.160513	2.764857	0.065535
 341	1.7000e-01	13.6344	9.284187	-0.000544	-5.440342	-1.843238	-0.043690
 342	1.7050e-01	13.6873	9.502639	0.000544	5.440342	1.843238	0.043690
 343	1.7100e-01	13.7643	9.757499	0.000635	6.347066	2.150444	0.050972
 344	1.7150e-01	13.7515	9.429821	0.000816	8.160513	2.764857	-0.065535
 345	1.7200e-01	13.7996	9.684681	0.000635	6.347066	2.150444	0.050972
 346	1.7250e-01	13.8493	10.012359	0.000816	8.160513	2.764857	0.065535
 347	1.7300e-01	13.8782	9.866724	-0.000363	-3.626895	-1.228825	-0.029127
 348	1.7350e-01	13.9424	9.939542	0.000181	1.813447	0.614413	0.014563
 349	1.7400e-01	13.9440	9.793907	-0.000363	-3.626895	-1.228825	-0.029127
 350	1.7450e-01	13.9937	9.975950	0.000453	4.533618	1.536031	0.036409
 351	1.7500e-01	14.0194	10.085176	0.000272	2.720171	0.921619	0.021845
 352	1.7550e-01	14.0787	10.121584	0.000091	0.906724	0.307206	0.007282
 353	1.7600e-01	14.1189	10.449262	0.000816	8.160513	2.764857	0.065535
 354	1.7650e-01	14.1413	10.230810	-0.000544	-5.440342	-1.843238	-0.043690
 355	1.7700e-01	14.1798	10.303627	0.000181	1.813447	0.614413	0.014563
 356	1.7750e-01	14.2247	10.886165	0.001451	14.507578	4.915301	0.116507
 357	1.7800e-01	14.2793	10.230810	-0.001632	-16.321026	-5.529713	-0.131071
 358	1.7850e-01	14.3162	10.522079	0.000725	7.253789	2.457650	0.058254
 359	1.7900e-01	14.3515	10.958982	0.001088	10.880684	3.686475	0.087381
 360	1.7950e-01	14.3996	10.631304	-0.000816	-8.160513	-2.764857	-0.065535
 361	1.8000e-01	14.4317	10.922573	0.000725	7.253789	2.457650	0.058254
 362	1.8050e-01	14.4750	10.667713	-0.000635	-6.347066	-2.150444	-0.050972
 363	1.8100e-01	14.5199	11.031799	0.000907	9.067237	3.072063	0.072817
 364	1.8150e-01	14.5456	11.031799	0.000000	0.000000	0.000000	0.000000
 365	1.8200e-01	14.5793	11.068207	0.000091	0.906724	0.307206	0.007282
 366	1.8250e-01	14.6402	11.323067	0.000635	6.347066	2.150444	0.050972
 367	1.8300e-01	14.6450	11.104616	-0.000544	-5.440342	-1.843238	-0.043690
 368	1.8350e-01	14.7188	11.141025	0.000091	0.906724	0.307206	0.007282
 369	1.8400e-01	14.7429	11.286659	0.000363	3.626895	1.228825	0.029127
 370	1.8450e-01	14.8119	11.432293	0.000363	3.626895	1.228825	0.029127
 371	1.8500e-01	14.8600	11.687153	0.000635	6.347066	2.150444	0.050972
 372	1.8550e-01	14.8841	11.541519	-0.000363	-3.626895	-1.228825	-0.029127
 373	1.8600e-01	14.9017	11.796379	0.000635	6.347066	2.150444	0.050972
 374	1.8650e-01	14.9531	12.124056	0.000816	8.160513	2.764857	0.065535
 375	1.8700e-01	15.0060	11.723562	-0.000997	-9.973960	-3.379269	-0.080099
 376	1.8750e-01	15.0445	11.942013	0.000544	5.440342	1.843238	0.043690
 377	1.8800e-01	15.0878	11.759970	-0.000453	-4.533618	-1.536031	-0.036409
 378	1.8850e-01	15.1119	11.832788	0.000181	1.813447	0.614413	0.014563
 379	1.8900e-01	15.1616	12.233282	0.000997	9.973960	3.379269	0.080099
 380	1.8950e-01	15.1953	12.196873	-0.000091	-0.906724	-0.307206	-0.007282
 381	1.9000e-01	15.2258	12.524550	0.000816	8.160513	2.764857	0.065535
 382	1.9050e-01	15.2707	11.942013	-0.001451	-14.507578	-4.915301	-0.116507
 383	1.9100e-01	15.3220	12.269690	0.000816	8.160513	2.764857	0.065535
 384	1.9150e-01	15.3445	12.451733	0.000453	4.533618	1.536031	0.036409
 385	1.9200e-01	15.3894	12.815819	0.000907	9.067237	3.072063	0.072817
 386	1.9250e-01	15.4375	12.560959	-0.000635	-6.347066	-2.150444	-0.050972
 387	1.9300e-01	15.4825	12.524550	-0.000091	-0.906724	-0.307206	-0.007282
 388	1.9350e-01	15.5177	12.997862	0.001179	11.787408	3.993682	0.094662
 389	1.9400e-01	15.5370	12.815819	-0.000453	-4.533618	-1.536031	-0.036409
 390	1.9450e-01	15.6028	12.852228	0.000091	0.906724	0.307206	0.007282
 391	1.9500e-01	15.6413	12.888636	0.000091	0.906724	0.307206	0.007282
 392	1.9550e-01	15.6605	13.107088	0.000544	5.440342	1.843238	0.043690
 393	1.9600e-01	15.7215	13.289131	0.000453	4.533618	1.536031	0.036409
 394	1.9650e-01	15.7776	12.997862	-0.000725	-7.253789	-2.457650	-0.058254
 395	1.9700e-01	15.7937	12.997862	0.000000	0.000000	0.000000	0.000000
 396	1.9750e-01	15.8354	13.070679	0.000181	1.813447	0.614413	0.014563
 397	1.9800e-01	15.8835	13.289131	0.000544	5.440342	1.843238	0.043690
 398	1.9850e-01	15.9300	13.507582	0.000544	5.440342	1.843238	0.043690
 399	1.9900e-01	15.9589	13.289131	-0.000544	-5.440342	-1.843238	-0.043690
 400	1.9950e-01	15.9798	13.434765	0.000363	3.626895	1.228825	0.029127
 401	2.0000e-01	16.0391	13.726034	0.000725	7.253789	2.457650	0.058254
 402	2.0050e-01	16.0824	13.434765	-0.000725	-7.253789	-2.457650	-0.058254
 403	2.0100e-01	16.1097	13.580399	0.000363	3.626895	1.228825	0.029127
 404	2.0150e-01	16.1530	13.543991	-0.000091	-0.906724	-0.307206	-0.007282
 405	2.0200e-01	16.1835	14.126528	0.001451	14.507578	4.915301	0.116507
 406	2.0250e-01	16.2348	13.980894	-0.000363	-3.626895	-1.228825	-0.029127
 407	2.0300e-01	16.2910	14.199345	0.000544	5.440342	1.843238	0.043690
 408	2.0350e-01	16.3375	14.199345	0.000000	0.000000	0.000000	0.000000
 409	2.0400e-01	16.3519	14.126528	-0.000181	-1.813447	-0.614413	-0.014563
 410	2.0450e-01	16.4049	14.235754	0.000272	2.720171	0.921619	0.021845
 411	2.0500e-01	16.4338	14.272162	0.000091	0.906724	0.307206	0.007282
 412	2.0550e-01	16.4899	14.199345	-0.000181	-1.813447	-0.614413	-0.014563
 413	2.0600e-01	16.5396	14.272162	0.000181	1.813447	0.614413	0.014563
 414	2.0650e-01	16.5717	14.454205	0.000453	4.533618	1.536031	0.036409
 415	2.0700e-01	16.5942	14.344979	-0.000272	-2.720171	-0.921619	-0.021845
 416	2.0750e-01	16.6391	14.636248	0.000725	7.253789	2.457650	0.058254
 417	2.0800e-01	16.6776	14.891108	0.000635	6.347066	2.150444	0.050972
 418	2.0850e-01	16.7049	14.927517	0.000091	0.906724	0.307206	0.007282
 419	2.0900e-01	16.7466	14.745474	-0.000453	-4.533618	-1.536031	-0.036409
 420	2.0950e-01	16.7995	14.818291	0.000181	1.813447	0.614413	0.014563
 421	2.1000e-01	16.8380	14.963925	0.000363	3.626895	1.228825	0.029127
 422	2.1050e-01	16.8797	15.073151	0.000272	2.720171	0.921619	0.021845
 423	2.1100e-01	16.9086	14.854699	-0.000544	-5.440342	-1.843238	-0.043690
 424	2.1150e-01	16.9632	14.891108	0.000091	0.906724	0.307206	0.007282
 425	2.1200e-01	16.9985	15.109559	0.000544	5.440342	1.843238	0.043690
 426	2.1250e-01	17.0482	15.255194	0.000363	3.626895	1.228825	0.029127
 427	2.1300e-01	17.0578	15.473645	0.000544	5.440342	1.843238	0.043690
 428	2.1350e-01	17.1059	15.728505	0.000635	6.347066	2.150444	0.050972
 429	2.1400e-01	17.1605	15.473645	-0.000635	-6.347066	-2.150444	-0.050972
 430	2.1450e-01	17.2118	15.291602	-0.000453	-4.533618	-1.536031	-0.036409
 431	2.1500e-01	17.2214	15.764914	0.001179	11.787408	3.993682	0.094662
 432	2.1550e-01	17.2872	15.874140	0.000272	2.720171	0.921619	0.021845
 433	2.1600e-01	17.3289	15.692097	-0.000453	-4.533618	-1.536031	-0.036409
 434	2.1650e-01	17.3498	15.728505	0.000091	0.906724	0.307206	0.007282
 435	2.1700e-01	17.4220	15.910548	0.000453	4.533618	1.536031	0.036409
 436	2.1750e-01	17.4412	15.837731	-0.000181	-1.813447	-0.614413	-0.014563
 437	2.1800e-01	17.4781	15.801322	-0.000091	-0.906724	-0.307206	-0.007282
 438	2.1850e-01	17.5054	15.837731	0.000091	0.906724	0.307206	0.007282
 439	2.1900e-01	17.5455	16.383860	0.001360	13.600855	4.608094	0.109226
 440	2.1950e-01	17.6065	15.983365	-0.000997	-9.973960	-3.379269	-0.080099
 441	2.2000e-01	17.6337	16.019774	0.000091	0.906724	0.307206	0.007282
 442	2.2050e-01	17.6722	16.420268	0.000997	9.973960	3.379269	0.080099
 443	2.2100e-01	17.7316	16.747945	0.000816	8.160513	2.764857	0.065535
 444	2.2150e-01	17.7524	16.165408	-0.001451	-14.507578	-4.915301	-0.116507
 445	2.2200e-01	17.7861	16.420268	0.000635	6.347066	2.150444	0.050972
 446	2.2250e-01	17.8503	16.529494	0.000272	2.720171	0.921619	0.021845
 447	2.2300e-01	17.8712	16.529494	0.000000	0.000000	0.000000	0.000000
 448	2.2350e-01	17.9129	17.039214	0.001269	12.694131	4.300888	0.101944
 449	2.2400e-01	17.9385	16.711537	-0.000816	-8.160513	-2.764857	-0.065535
 450	2.2450e-01	18.0123	16.893580	0.000453	4.533618	1.536031	0.036409
 451	2.2500e-01	18.0540	16.893580	0.000000	0.000000	0.000000	0.000000
 452	2.2550e-01	18.0685	16.857171	-0.000091	-0.906724	-0.307206	-0.007282
 453	2.2600e-01	18.1134	17.039214	0.000453	4.533618	1.536031	0.036409
 454	2.2650e-01	18.1663	17.767386	0.001813	18.134473	6.144126	0.145634
 455	2.2700e-01	18.1936	17.257665	-0.001269	-12.694131	-4.300888	-0.101944
 456	2.2750e-01	18.2401	17.257665	0.000000	0.000000	0.000000	0.000000
 457	2.2800e-01	18.2818	17.257665	0.000000	0.000000	0.000000	0.000000
 458	2.2850e-01	18.3316	17.621751	0.000907	9.067237	3.072063	0.072817
 459	2.2900e-01	18.3637	17.294074	-0.000816	-8.160513	-2.764857	-0.065535
 460	2.2950e-01	18.3797	17.403300	0.000272	2.720171	0.921619	0.021845
 461	2.3000e-01	18.4455	17.403300	0.000000	0.000000	0.000000	0.000000
 462	2.3050e-01	18.4792	17.767386	0.000907	9.067237	3.072063	0.072817
 463	2.3100e-01	18.5401	17.585343	-0.000453	-4.533618	-1.536031	-0.036409
 464	2.3150e-01	18.5626	18.022246	0.001088	10.880684	3.686475	0.087381
 465	2.3200e-01	18.5866	17.621751	-0.000997	-9.973960	-3.379269	-0.080099
 466	2.3250e-01	18.6380	17.767386	0.000363	3.626895	1.228825	0.029127
 467	2.3300e-01	18.6412	17.840203	0.000181	1.813447	0.614413	0.014563
 468	2.3350e-01	18.7294	17.985837	0.000363	3.626895	1.228825	0.029127
 469	2.3400e-01	18.7535	17.949428	-0.000091	-0.906724	-0.307206	-0.007282
 470	2.3450e-01	18.8064	18.240697	0.000725	7.253789	2.457650	0.058254
 471	2.3500e-01	18.8160	18.277106	0.000091	0.906724	0.307206	0.007282
 472	2.3550e-01	18.8754	18.386331	0.000272	2.720171	0.921619	0.021845
 473	2.3600e-01	18.9139	18.204288	-0.000453	-4.533618	-1.536031	-0.036409
 474	2.3650e-01	18.9235	18.568374	0.000907	9.067237	3.072063	0.072817
 475	2.3700e-01	19.0070	18.422740	-0.000363	-3.626895	-1.228825	-0.029127
 476	2.3750e-01	19.0422	18.531966	0.000272	2.720171	0.921619	0.021845
 477	2.3800e-01	19.0743	18.422740	-0.000272	-2.720171	-0.921619	-0.021845
 478	2.3850e-01	19.1176	18.568374	0.000363	3.626895	1.228825	0.029127
 479	2.3900e-01	19.1594	18.531966	-0.000091	-0.906724	-0.307206	-0.007282
 480	2.3950e-01	19.2091	18.714009	0.000453	4.533618	1.536031	0.036409
 481	2.4000e-01	19.2251	18.968869	0.000635	6.347066	2.150444	0.050972
 482	2.4050e-01	19.2540	18.750417	-0.000544	-5.440342	-1.843238	-0.043690
 483	2.4100e-01	19.3374	19.114503	0.000907	9.067237	3.072063	0.072817
 484	2.4150e-01	19.3551	18.859643	-0.000635	-6.347066	-2.150444	-0.050972
 485	2.4200e-01	19.3984	19.150911	0.000725	7.253789	2.457650	0.058254
 486	2.4250e-01	19.4096	18.677600	-0.001179	-11.787408	-3.993682	-0.094662
 487	2.4300e-01	19.4754	19.369363	0.001723	17.227749	5.836920	0.138353
 488	2.4350e-01	19.5027	19.223729	-0.000363	-3.626895	-1.228825	-0.029127
 489	2.4400e-01	19.5396	19.223729	0.000000	0.000000	0.000000	0.000000
 490	2.4450e-01	19.6069	19.332954	0.000272	2.720171	0.921619	0.021845
 491	2.4500e-01	19.6310	19.442180	0.000272	2.720171	0.921619	0.021845
 492	2.4550e-01	19.6807	19.769857	0.000816	8.160513	2.764857	0.065535
 493	2.4600e-01	19.6984	19.551406	-0.000544	-5.440342	-1.843238	-0.043690
 494	2.4650e-01	19.7545	19.624223	0.000181	1.813447	0.614413	0.014563
 495	2.4700e-01	19.7850	19.951900	0.000816	8.160513	2.764857	0.065535
 496	2.4750e-01	19.8444	19.551406	-0.000997	-9.973960	-3.379269	-0.080099
 497	2.4800e-01	19.8684	19.660632	0.000272	2.720171	0.921619	0.021845
 498	2.4850e-01	19.9037	19.988309	0.000816	8.160513	2.764857	0.065535
 499	2.4900e-01	19.9695	19.697040	-0.000725	-7.253789	-2.457650	-0.058254
 500	2.4950e-01	20.0032	19.988309	0.000725	7.253789	2.457650	0.058254
 501	2.5000e-01	20.0321	19.879083	-0.000272	-2.720171	-0.921619	-0.021845
 502	2.5050e-01	19.9791	19.988309	-0.000272	-2.720171	-0.921619	0.021845
 503	2.5100e-01	19.9438	20.243169	-0.000635	-6.347066	-2.150444	0.050972
 504	2.5150e-01	19.8877	19.697040	0.001360	13.600855	4.608094	-0.109226
 505	2.5200e-01	19.8588	19.660632	0.000091	0.906724	0.307206	-0.007282
 506	2.5250e-01	19.8460	19.842674	-0.000453	-4.533618	-1.536031	0.036409
 507	2.5300e-01	19.7674	19.369363	0.001179	11.787408	3.993682	-0.094662
 508	2.5350e-01	19.7176	19.478589	-0.000272	-2.720171	-0.921619	0.021845
 509	2.5400e-01	19.6920	19.587814	-0.000272	-2.720171	-0.921619	0.021845
 510	2.5450e-01	19.6711	19.114503	0.001179	11.787408	3.993682	-0.094662
 511	2.5500e-01	19.6246	19.478589	-0.000907	-9.067237	-3.072063	0.072817
 512	2.5550e-01	19.5588	19.223729	0.000635	6.347066	2.150444	-0.050972
 513	2.5600e-01	19.5267	19.078094	0.000363	3.626895	1.228825	-0.029127
 514	2.5650e-01	19.4770	19.551406	-0.001179	-11.787408	-3.993682	0.094662
 515	2.5700e-01	19.4545	19.187320	0.000907	9.067237	3.072063	-0.072817
 516	2.5750e-01	19.4289	19.187320	-0.000000	-0.000000	-0.000000	0.000000
 517	2.5800e-01	19.4128	18.896051	0.000725	7.253789	2.457650	-0.058254
 518	2.5850e-01	19.3150	19.187320	-0.000725	-7.253789	-2.457650	0.058254
 519	2.5900e-01	19.2797	19.296546	-0.000272	-2.720171	-0.921619	0.021845
 520	2.5950e-01	19.2636	18.750417	0.001360	13.600855	4.608094	-0.109226
 521	2.6000e-01	19.2171	18.714009	0.000091	0.906724	0.307206	-0.007282
 522	2.6050e-01	19.1850	18.896051	-0.000453	-4.533618	-1.536031	0.036409
 523	2.6100e-01	19.1626	18.750417	0.000363	3.626895	1.228825	-0.029127
 524	2.6150e-01	19.0840	18.859643	-0.000272	-2.720171	-0.921619	0.021845
 525	2.6200e-01	19.0679	18.750417	0.000272	2.720171	0.921619	-0.021845
 526	2.6250e-01	19.0262	18.313514	0.001088	10.880684	3.686475	-0.087381
 527	2.6300e-01	18.9524	18.386331	-0.000181	-1.813447	-0.614413	0.014563
 528	2.6350e-01	18.9251	18.568374	-0.000453	-4.533618	-1.536031	0.036409
 529	2.6400e-01	18.9075	18.531966	0.000091	0.906724	0.307206	-0.007282
 530	2.6450e-01	18.8562	18.386331	0.000363	3.626895	1.228825	-0.029127
 531	2.6500e-01	18.8160	18.349923	0.000091	0.906724	0.307206	-0.007282
 532	2.6550e-01	18.7663	18.422740	-0.000181	-1.813447	-0.614413	0.014563
 533	2.6600e-01	18.7583	17.913020	0.001269	12.694131	4.300888	-0.101944
 534	2.6650e-01	18.6973	18.204288	-0.000725	-7.253789	-2.457650	0.058254
 535	2.6700e-01	18.6540	18.204288	-0.000000	-0.000000	-0.000000	0.000000
 536	2.6750e-01	18.6091	18.095063	0.000272	2.720171	0.921619	-0.021845
 537	2.6800e-01	18.5770	18.167880	-0.000181	-1.813447	-0.614413	0.014563
 538	2.6850e-01	18.5337	17.803794	0.000907	9.067237	3.072063	-0.072817
 539	2.6900e-01	18.4952	17.767386	0.000091	0.906724	0.307206	-0.007282
 540	2.6950e-01	18.4599	17.730977	0.000091	0.906724	0.307206	-0.007282
 541	2.7000e-01	18.4391	17.730977	-0.000000	-0.000000	-0.000000	0.000000
 542	2.7050e-01	18.3733	17.439708	0.000725	7.253789	2.457650	-0.058254
 543	2.7100e-01	18.3428	17.621751	-0.000453	-4.533618	-1.536031	0.036409
 544	2.7150e-01	18.2770	17.585343	0.000091	0.906724	0.307206	-0.007282
 545	2.7200e-01	18.2433	17.439708	0.000363	3.626895	1.228825	-0.029127
 546	2.7250e-01	18.2080	17.075623	0.000907	9.067237	3.072063	-0.072817
 547	2.7300e-01	18.1840	17.585343	-0.001269	-12.694131	-4.300888	0.101944
 548	2.7350e-01	18.1455	17.476117	0.000272	2.720171	0.921619	-0.021845
 549	2.7400e-01	18.1086	16.966397	0.001269	12.694131	4.300888	-0.101944
 550	2.7450e-01	18.0572	17.148440	-0.000453	-4.533618	-1.536031	0.036409
 551	2.7500e-01	18.0187	16.929988	0.000544	5.440342	1.843238	-0.043690
 552	2.7550e-01	17.9867	17.184848	-0.000635	-6.347066	-2.150444	0.050972
 553	2.7600e-01	17.9257	16.711537	0.001179	11.787408	3.993682	-0.094662
 554	2.7650e-01	17.9193	17.548934	-0.002085	-20.854644	-7.065745	0.167479
 555	2.7700e-01	17.8503	16.820763	0.001813	18.134473	6.144126	-0.145634
 556	2.7750e-01	17.8198	16.638720	0.000453	4.533618	1.536031	-0.036409
 557	2.7800e-01	17.7556	17.075623	-0.001088	-10.880684	-3.686475	0.087381
 558	2.7850e-01	17.7316	16.784354	0.000725	7.253789	2.457650	-0.058254
 559	2.7900e-01	17.6770	16.311042	0.001179	11.787408	3.993682	-0.094662
 560	2.7950e-01	17.6482	16.565903	-0.000635	-6.347066	-2.150444	0.050972
 561	2.8000e-01	17.6209	16.493085	0.000181	1.813447	0.614413	-0.014563
 562	2.8050e-01	17.5808	16.602311	-0.000272	-2.720171	-0.921619	0.021845
 563	2.8100e-01	17.5407	16.347451	0.000635	6.347066	2.150444	-0.050972
 564	2.8150e-01	17.5070	16.201817	0.000363	3.626895	1.228825	-0.029127
 565	2.8200e-01	17.4557	16.456677	-0.000635	-6.347066	-2.150444	0.050972
 566	2.8250e-01	17.4380	16.165408	0.000725	7.253789	2.457650	-0.058254
 567	2.8300e-01	17.3770	15.764914	0.000997	9.973960	3.379269	-0.080099
 568	2.8350e-01	17.3241	16.311042	-0.001360	-13.600855	-4.608094	0.109226
 569	2.8400e-01	17.2936	15.910548	0.000997	9.973960	3.379269	-0.080099
 570	2.8450e-01	17.2631	15.837731	0.000181	1.813447	0.614413	-0.014563
 571	2.8500e-01	17.2230	15.874140	-0.000091	-0.906724	-0.307206	0.007282
 572	2.8550e-01	17.1781	15.764914	0.000272	2.720171	0.921619	-0.021845
 573	2.8600e-01	17.1621	15.764914	-0.000000	-0.000000	-0.000000	0.000000
 574	2.8650e-01	17.0851	15.801322	-0.000091	-0.906724	-0.307206	0.007282
 575	2.8700e-01	17.0530	15.764914	0.000091	0.906724	0.307206	-0.007282
 576	2.8750e-01	17.0241	15.582871	0.000453	4.533618	1.536031	-0.036409
 577	2.8800e-01	16.9952	15.291602	0.000725	7.253789	2.457650	-0.058254
 578	2.8850e-01	16.9391	15.728505	-0.001088	-10.880684	-3.686475	0.087381
 579	2.8900e-01	16.9134	15.400828	0.000816	8.160513	2.764857	-0.065535
 580	2.8950e-01	16.8557	15.473645	-0.000181	-1.813447	-0.614413	0.014563
 581	2.9000e-01	16.8268	15.437237	0.000091	0.906724	0.307206	-0.007282
 582	2.9050e-01	16.7979	15.145968	0.000725	7.253789	2.457650	-0.058254
 583	2.9100e-01	16.7482	15.182377	-0.000091	-0.906724	-0.307206	0.007282
 584	2.9150e-01	16.7113	15.145968	0.000091	0.906724	0.307206	-0.007282
 585	2.9200e-01	16.6600	15.109559	0.000091	0.906724	0.307206	-0.007282
 586	2.9250e-01	16.6247	14.927517	0.000453	4.533618	1.536031	-0.036409
 587	2.9300e-01	16.5653	15.218785	-0.000725	-7.253789	-2.457650	0.058254
 588	2.9350e-01	16.5525	14.963925	0.000635	6.347066	2.150444	-0.050972
 589	2.9400e-01	16.4979	14.781882	0.000453	4.533618	1.536031	-0.036409
 590	2.9450e-01	16.4658	14.709065	0.000181	1.813447	0.614413	-0.014563
 591	2.9500e-01	16.4097	14.490614	0.000544	5.440342	1.843238	-0.043690
 592	2.9550e-01	16.3664	14.454205	0.000091	0.906724	0.307206	-0.007282
 593	2.9600e-01	16.3343	14.891108	-0.001088	-10.880684	-3.686475	0.087381
 594	2.9650e-01	16.3006	14.527022	0.000907	9.067237	3.072063	-0.072817
 595	2.9700e-01	16.2380	14.272162	0.000635	6.347066	2.150444	-0.050972
 596	2.9750e-01	16.2300	14.344979	-0.000181	-1.813447	-0.614413	0.014563
 597	2.9800e-01	16.1883	14.417796	-0.000181	-1.813447	-0.614413	0.014563
 598	2.9850e-01	16.1546	14.272162	0.000363	3.626895	1.228825	-0.029127
 599	2.9900e-01	16.0824	14.090119	0.000453	4.533618	1.536031	-0.036409
 600	2.9950e-01	16.0664	14.199345	-0.000272	-2.720171	-0.921619	0.021845
 601	3.0000e-01	16.0022	13.798851	0.000997	9.973960	3.379269	-0.080099
 602	3.0050e-01	15.9637	13.908076	-0.000272	-2.720171	-0.921619	0.021845
 603	3.0100e-01	15.9525	13.726034	0.000453	4.533618	1.536031	-0.036409
 604	3.0150e-01	15.8947	14.090119	-0.000907	-9.067237	-3.072063	0.072817
 605	3.0200e-01	15.8466	13.871668	0.000544	5.440342	1.843238	-0.043690
 606	3.0250e-01	15.8209	13.689625	0.000453	4.533618	1.536031	-0.036409
 607	3.0300e-01	15.7808	13.361948	0.000816	8.160513	2.764857	-0.065535
 608	3.0350e-01	15.7760	13.762442	-0.000997	-9.973960	-3.379269	0.080099
 609	3.0400e-01	15.7247	13.726034	0.000091	0.906724	0.307206	-0.007282
 610	3.0450e-01	15.6493	13.653216	0.000181	1.813447	0.614413	-0.014563
 611	3.0500e-01	15.6172	13.179905	0.001179	11.787408	3.993682	-0.094662
 612	3.0550e-01	15.5996	13.179905	-0.000000	-0.000000	-0.000000	0.000000
 613	3.0600e-01	15.5595	12.852228	0.000816	8.160513	2.764857	-0.065535
 614	3.0650e-01	15.4841	13.034271	-0.000453	-4.533618	-1.536031	0.036409
 615	3.0700e-01	15.4359	13.143496	-0.000272	-2.720171	-0.921619	0.021845
 616	3.0750e-01	15.4327	13.289131	-0.000363	-3.626895	-1.228825	0.029127
 617	3.0800e-01	15.3990	12.743002	0.001360	13.600855	4.608094	-0.109226
 618	3.0850e-01	15.3268	12.633776	0.000272	2.720171	0.921619	-0.021845
 619	3.0900e-01	15.3060	13.070679	-0.001088	-10.880684	-3.686475	0.087381
 620	3.0950e-01	15.2498	12.670185	0.000997	9.973960	3.379269	-0.080099
 621	3.1000e-01	15.2049	12.633776	0.000091	0.906724	0.307206	-0.007282
 622	3.1050e-01	15.1552	12.633776	-0.000000	-0.000000	-0.000000	0.000000
 623	3.1100e-01	15.1424	12.706593	-0.000181	-1.813447	-0.614413	0.014563
 624	3.1150e-01	15.0782	12.451733	0.000635	6.347066	2.150444	-0.050972
 625	3.1200e-01	15.0686	12.451733	-0.000000	-0.000000	-0.000000	0.000000
 626	3.1250e-01	15.0333	12.706593	-0.000635	-6.347066	-2.150444	0.050972
 627	3.1300e-01	14.9643	12.378916	0.000816	8.160513	2.764857	-0.065535
 628	3.1350e-01	14.9322	12.196873	0.000453	4.533618	1.536031	-0.036409
 629	3.1400e-01	14.8600	12.451733	-0.000635	-6.347066	-2.150444	0.050972
 630	3.1450e-01	14.8680	12.233282	-0.000544	-5.440342	-1.843238	-0.043690
 631	3.1500e-01	14.8472	12.342508	-0.000272	-2.720171	-0.921619	0.021845
 632	3.1550e-01	14.7830	12.196873	0.000363	3.626895	1.228825	-0.029127
 633	3.1600e-01	14.7285	11.723562	0.001179	11.787408	3.993682	-0.094662
 634	3.1650e-01	14.7044	11.505110	0.000544	5.440342	1.843238	-0.043690
 635	3.1700e-01	14.6755	11.905605	-0.000997	-9.973960	-3.379269	0.080099
 636	3.1750e-01	14.6130	11.759970	0.000363	3.626895	1.228825	-0.029127
 637	3.1800e-01	14.5648	11.505110	0.000635	6.347066	2.150444	-0.050972
 638	3.1850e-01	14.5440	11.505110	-0.000000	-0.000000	-0.000000	0.000000
 639	3.1900e-01	14.4830	11.432293	0.000181	1.813447	0.614413	-0.014563
 640	3.1950e-01	14.4493	11.468702	-0.000091	-0.906724	-0.307206	0.007282
 641	3.2000e-01	14.4124	11.213842	0.000635	6.347066	2.150444	-0.050972
 642	3.2050e-01	14.3787	11.468702	-0.000635	-6.347066	-2.150444	0.050972
 643	3.2100e-01	14.3306	11.395885	0.000181	1.813447	0.614413	-0.014563
 644	3.2150e-01	14.3082	11.104616	0.000725	7.253789	2.457650	-0.058254
 645	3.2200e-01	14.2568	11.286659	-0.000453	-4.533618	-1.536031	0.036409
 646	3.2250e-01	14.1910	11.250250	0.000091	0.906724	0.307206	-0.007282
 647	3.2300e-01	14.1798	10.886165	0.000907	9.067237	3.072063	-0.072817
 648	3.2350e-01	14.1461	10.886165	-0.000000	-0.000000	-0.000000	0.000000
 649	3.2400e-01	14.0852	10.958982	-0.000181	-1.813447	-0.614413	0.014563
 650	3.2450e-01	14.0499	10.886165	0.000181	1.813447	0.614413	-0.014563
 651	3.2500e-01	14.0242	10.740530	0.000363	3.626895	1.228825	-0.029127
 652	3.2550e-01	13.9809	10.376444	0.000907	9.067237	3.072063	-0.072817
 653	3.2600e-01	13.9247	11.068207	-0.001723	-17.227749	-5.836920	0.138353
 654	3.2650e-01	13.9039	10.376444	0.001723	17.227749	5.836920	-0.138353
 655	3.2700e-01	13.8734	10.667713	-0.000725	-7.253789	-2.457650	0.058254
 656	3.2750e-01	13.8173	10.594896	0.000181	1.813447	0.614413	-0.014563
 657	3.2800e-01	13.7836	10.340036	0.000635	6.347066	2.150444	-0.050972
 658	3.2850e-01	13.7386	10.376444	-0.000091	-0.906724	-0.307206	0.007282
 659	3.2900e-01	13.6777	10.121584	0.000635	6.347066	2.150444	-0.050972
 660	3.2950e-01	13.6360	9.866724	0.000635	6.347066	2.150444	-0.050972
 661	3.3000e-01	13.6199	10.121584	-0.000635	-6.347066	-2.150444	0.050972
 662	3.3050e-01	13.5702	9.830316	0.000725	7.253789	2.457650	-0.058254
 663	3.3100e-01	13.5301	9.975950	-0.000363	-3.626895	-1.228825	0.029127
 664	3.3150e-01	13.4772	9.284187	0.001723	17.227749	5.836920	-0.138353
 665	3.3200e-01	13.4354	10.230810	-0.002357	-23.574815	-7.987364	0.189325
 666	3.3250e-01	13.4274	9.793907	0.001088	10.880684	3.686475	-0.087381
 667	3.3300e-01	13.3729	9.721090	0.000181	1.813447	0.614413	-0.014563
 668	3.3350e-01	13.3167	9.721090	-0.000000	-0.000000	-0.000000	0.000000
 669	3.3400e-01	13.2718	9.357004	0.000907	9.067237	3.072063	-0.072817
 670	3.3450e-01	13.2622	9.466230	-0.000272	-2.720171	-0.921619	0.021845
 671	3.3500e-01	13.2109	9.539047	-0.000181	-1.813447	-0.614413	0.014563
 672	3.3550e-01	13.1724	9.466230	0.000181	1.813447	0.614413	-0.014563
 673	3.3600e-01	13.1355	9.648273	-0.000453	-4.533618	-1.536031	0.036409
 674	3.3650e-01	13.1082	8.701650	0.002357	23.574815	7.987364	-0.189325
 675	3.3700e-01	13.0569	9.065736	-0.000907	-9.067237	-3.072063	0.072817
 676	3.3750e-01	13.0023	9.065736	-0.000000	-0.000000	-0.000000	0.000000
 677	3.3800e-01	12.9606	9.320596	-0.000635	-6.347066	-2.150444	0.050972
 678	3.3850e-01	12.9381	9.211370	0.000272	2.720171	0.921619	-0.021845
 679	3.3900e-01	12.9173	8.956510	0.000635	6.347066	2.150444	-0.050972
 680	3.3950e-01	12.8563	8.738058	0.000544	5.440342	1.843238	-0.043690
 681	3.4000e-01	12.8082	8.665241	0.000181	1.813447	0.614413	-0.014563
 682	3.4050e-01	12.7633	8.701650	-0.000091	-0.906724	-0.307206	0.007282
 683	3.4100e-01	12.7119	8.592424	0.000272	2.720171	0.921619	-0.021845
 684	3.4150e-01	12.6959	8.519607	0.000181	1.813447	0.614413	-0.014563
 685	3.4200e-01	12.6654	8.410381	0.000272	2.720171	0.921619	-0.021845
 686	3.4250e-01	12.6109	8.410381	-0.000000	-0.000000	-0.000000	0.000000
 687	3.4300e-01	12.5804	8.301156	0.000272	2.720171	0.921619	-0.021845
 688	3.4350e-01	12.5226	8.519607	-0.000544	-5.440342	-1.843238	0.043690
 689	3.4400e-01	12.5050	8.155521	0.000907	9.067237	3.072063	-0.072817
 690	3.4450e-01	12.4697	8.155521	-0.000000	-0.000000	-0.000000	0.000000
 691	3.4500e-01	12.4184	7.791435	0.000907	9.067237	3.072063	-0.072817
 692	3.4550e-01	12.3574	7.900661	-0.000272	-2.720171	-0.921619	0.021845
 693	3.4600e-01	12.3446	8.009887	-0.000272	-2.720171	-0.921619	0.021845
 694	3.4650e-01	12.2916	8.337564	-0.000816	-8.160513	-2.764857	0.065535
 695	3.4700e-01	12.2435	7.937070	0.000997	9.973960	3.379269	-0.080099
 696	3.4750e-01	12.2243	7.791435	0.000363	3.626895	1.228825	-0.029127
 697	3.4800e-01	12.1858	7.718618	0.000181	1.813447	0.614413	-0.014563
 698	3.4850e-01	12.1344	7.427350	0.000725	7.253789	2.457650	-0.058254
 699	3.4900e-01	12.1168	7.755027	-0.000816	-8.160513	-2.764857	0.065535
 700	3.4950e-01	12.0590	7.572984	0.000453	4.533618	1.536031	-0.036409
 701	3.5000e-01	12.0205	7.172490	0.000997	9.973960	3.379269	-0.080099
 702	3.5050e-01	11.9676	7.500167	-0.000816	-8.160513	-2.764857	0.065535
 703	3.5100e-01	11.9547	7.463758	0.000091	0.906724	0.307206	-0.007282
 704	3.5150e-01	11.8906	7.136081	0.000816	8.160513	2.764857	-0.065535
 705	3.5200e-01	11.8585	7.026855	0.000272	2.720171	0.921619	-0.021845
 706	3.5250e-01	11.8216	7.063264	-0.000091	-0.906724	-0.307206	0.007282
 707	3.5300e-01	11.7654	6.990447	0.000181	1.813447	0.614413	-0.014563
 708	3.5350e-01	11.7125	6.699178	0.000725	7.253789	2.457650	-0.058254
 709	3.5400e-01	11.7093	6.917630	-0.000544	-5.440342	-1.843238	0.043690
 710	3.5450e-01	11.6804	6.954038	-0.000091	-0.906724	-0.307206	0.007282
 711	3.5500e-01	11.6243	6.407910	0.001360	13.600855	4.608094	-0.109226
 712	3.5550e-01	11.5473	6.735587	-0.000816	-8.160513	-2.764857	0.065535
 713	3.5600e-01	11.5344	6.407910	0.000816	8.160513	2.764857	-0.065535
 714	3.5650e-01	11.5136	6.808404	-0.000997	-9.973960	-3.379269	0.080099
 715	3.5700e-01	11.4719	6.444318	0.000907	9.067237	3.072063	-0.072817
 716	3.5750e-01	11.4350	6.116641	0.000816	8.160513	2.764857	-0.065535
 717	3.5800e-01	11.3708	5.934598	0.000453	4.533618	1.536031	-0.036409
 718	3.5850e-01	11.3499	6.007415	-0.000181	-1.813447	-0.614413	0.014563
 719	3.5900e-01	11.3211	6.189458	-0.000453	-4.533618	-1.536031	0.036409
 720	3.5950e-01	11.2521	6.043824	0.000363	3.626895	1.228825	-0.029127
 721	3.6000e-01	11.2264	5.934598	0.000272	2.720171	0.921619	-0.021845
 722	3.6050e-01	11.1831	6.189458	-0.000635	-6.347066	-2.150444	0.050972
 723	3.6100e-01	11.1462	5.752555	0.001088	10.880684	3.686475	-0.087381
 724	3.6150e-01	11.0869	5.898189	-0.000363	-3.626895	-1.228825	0.029127
 725	3.6200e-01	11.0628	5.679738	0.000544	5.440342	1.843238	-0.043690
 726	3.6250e-01	11.0195	5.788964	-0.000272	-2.720171	-0.921619	0.021845
 727	3.6300e-01	10.9922	5.170018	0.001541	15.414302	5.222507	-0.123789
 728	3.6350e-01	10.9553	5.534104	-0.000907	-9.067237	-3.072063	0.072817
 729	3.6400e-01	10.9120	5.606921	-0.000181	-1.813447	-0.614413	0.014563
 730	3.6450e-01	10.8735	5.570512	0.000091	0.906724	0.307206	-0.007282
 731	3.6500e-01	10.8286	4.915158	0.001632	16.321026	5.529713	-0.131071
 732	3.6550e-01	10.7965	4.951566	-0.000091	-0.906724	-0.307206	0.007282
 733	3.6600e-01	10.7243	5.206427	-0.000635	-6.347066	-2.150444	0.050972
 734	3.6650e-01	10.6954	4.987975	0.000544	5.440342	1.843238	-0.043690
 735	3.6700e-01	10.6296	4.587481	0.000997	9.973960	3.379269	-0.080099
 736	3.6750e-01	10.6232	5.097201	-0.001269	-12.694131	-4.300888	0.101944
 737	3.6800e-01	10.5767	4.587481	0.001269	12.694131	4.300888	-0.101944
 738	3.6850e-01	10.5478	4.878749	-0.000725	-7.253789	-2.457650	0.058254
 739	3.6900e-01	10.5061	4.514664	0.000907	9.067237	3.072063	-0.072817
 740	3.6950e-01	10.4468	4.696706	-0.000453	-4.533618	-1.536031	0.036409
 741	3.7000e-01	10.4018	4.405438	0.000725	7.253789	2.457650	-0.058254
 742	3.7050e-01	10.3874	4.623889	-0.000544	-5.440342	-1.843238	0.043690
 743	3.7100e-01	10.3345	4.114169	0.001269	12.694131	4.300888	-0.101944
 744	3.7150e-01	10.2976	4.405438	-0.000725	-7.253789	-2.457650	0.058254
 745	3.7200e-01	10.2575	4.186986	0.000544	5.440342	1.843238	-0.043690
 746	3.7250e-01	10.2318	4.004943	0.000453	4.533618	1.536031	-0.036409
 747	3.7300e-01	10.1756	4.186986	-0.000453	-4.533618	-1.536031	0.036409
 748	3.7350e-01	10.1179	3.895718	0.000725	7.253789	2.457650	-0.058254
 749	3.7400e-01	10.0986	3.895718	-0.000000	-0.000000	-0.000000	0.000000
 750	3.7450e-01	10.0650	4.186986	-0.000725	-7.253789	-2.457650	0.058254
 751	3.7500e-01	10.0232	3.968535	0.000544	5.440342	1.843238	-0.043690
 752	3.7550e-01	9.9928	3.604449	0.000907	9.067237	3.072063	-0.072817
 753	3.7600e-01	9.9414	3.385998	0.000544	5.440342	1.843238	-0.043690
 754	3.7650e-01	9.8965	3.604449	-0.000544	-5.440342	-1.843238	0.043690
 755	3.7700e-01	9.8484	3.750083	-0.000363	-3.626895	-1.228825	0.029127
 756	3.7750e-01	9.8163	3.167546	0.001451	14.507578	4.915301	-0.116507
 757	3.7800e-01	9.7938	3.713675	-0.001360	-13.600855	-4.608094	0.109226
 758	3.7850e-01	9.7425	3.276772	0.001088	10.880684	3.686475	-0.087381
 759	3.7900e-01	9.7265	3.349589	-0.000181	-1.813447	-0.614413	0.014563
 760	3.7950e-01	9.6527	3.021912	0.000816	8.160513	2.764857	-0.065535
 761	3.8000e-01	9.6302	3.240363	-0.000544	-5.440342	-1.843238	0.043690
 762	3.8050e-01	9.6110	2.803460	0.001088	10.880684	3.686475	-0.087381
 763	3.8100e-01	9.5340	2.767052	0.000091	0.906724	0.307206	-0.007282
 764	3.8150e-01	9.5003	2.876278	-0.000272	-2.720171	-0.921619	0.021845
 765	3.8200e-01	9.4473	2.803460	0.000181	1.813447	0.614413	-0.014563
 766	3.8250e-01	9.4185	2.694235	0.000272	2.720171	0.921619	-0.021845
 767	3.8300e-01	9.3719	2.730643	-0.000091	-0.906724	-0.307206	0.007282
 768	3.8350e-01	9.3318	2.803460	-0.000181	-1.813447	-0.614413	0.014563
 769	3.8400e-01	9.3110	2.184515	0.001541	15.414302	5.222507	-0.123789
 770	3.8450e-01	9.2805	2.330149	-0.000363	-3.626895	-1.228825	0.029127
 771	3.8500e-01	9.2227	2.111697	0.000544	5.440342	1.843238	-0.043690
 772	3.8550e-01	9.1714	1.893246	0.000544	5.440342	1.843238	-0.043690
 773	3.8600e-01	9.1489	2.075289	-0.000453	-4.533618	-1.536031	0.036409
 774	3.8650e-01	9.0767	1.893246	0.000453	4.533618	1.536031	-0.036409
 775	3.8700e-01	9.0559	2.184515	-0.000725	-7.253789	-2.457650	0.058254
 776	3.8750e-01	9.0174	1.492752	0.001723	17.227749	5.836920	-0.138353
 777	3.8800e-01	8.9548	1.456343	0.000091	0.906724	0.307206	-0.007282
 778	3.8850e-01	8.9308	1.784020	-0.000816	-8.160513	-2.764857	0.065535
 779	3.8900e-01	8.8923	1.601977	0.000453	4.533618	1.536031	-0.036409
 780	3.8950e-01	8.8650	1.711203	-0.000272	-2.720171	-0.921619	0.021845
 781	3.9000e-01	8.8265	1.565569	0.000363	3.626895	1.228825	-0.029127
 782	3.9050e-01	8.7784	1.347117	0.000544	5.440342	1.843238	-0.043690
 783	3.9100e-01	8.7479	1.529160	-0.000453	-4.533618	-1.536031	0.036409
 784	3.9150e-01	8.6933	1.055849	0.001179	11.787408	3.993682	-0.094662
 785	3.9200e-01	8.6677	1.055849	-0.000000	-0.000000	-0.000000	0.000000
 786	3.9250e-01	8.6179	1.019440	0.000091	0.906724	0.307206	-0.007282
 787	3.9300e-01	8.5891	1.055849	-0.000091	-0.906724	-0.307206	0.007282
 788	3.9350e-01	8.5217	1.092257	-0.000091	-0.906724	-0.307206	0.007282
 789	3.9400e-01	8.4880	0.873806	0.000544	5.440342	1.843238	-0.043690
 790	3.9450e-01	8.4431	0.400494	0.001179	11.787408	3.993682	-0.094662
 791	3.9500e-01	8.4126	0.764580	-0.000907	-9.067237	-3.072063	0.072817
 792	3.9550e-01	8.3901	0.546129	0.000544	5.440342	1.843238	-0.043690
 793	3.9600e-01	8.3308	0.873806	-0.000816	-8.160513	-2.764857	0.065535
 794	3.9650e-01	8.3244	0.655354	0.000544	5.440342	1.843238	-0.043690
 795	3.9700e-01	8.2538	0.291269	0.000907	9.067237	3.072063	-0.072817
 796	3.9750e-01	8.2057	0.072817	0.000544	5.440342	1.843238	-0.043690
 797	3.9800e-01	8.1607	0.072817	-0.000000	-0.000000	-0.000000	0.000000
 798	3.9850e-01	8.1543	0.327677	-0.000635	-6.347066	-2.150444	0.050972
 799	3.9900e-01	8.1303	-0.036409	0.000907	9.067237	3.072063	-0.072817
 800	3.9950e-01	8.0645	-0.182043	0.000363	3.626895	1.228825	-0.029127
 801	4.0000e-01	8.0308	-0.291269	0.000272	2.720171	0.921619	-0.021845
 802	4.0050e-01	7.9746	-0.072817	-0.000544	-5.440342	-1.843238	0.043690
 803	4.0100e-01	7.9313	-0.546129	0.001179	11.787408	3.993682	-0.094662
 804	4.0150e-01	7.8992	-0.364086	-0.000453	-4.533618	-1.536031	0.036409
 805	4.0200e-01	7.8720	-0.655354	0.000725	7.253789	2.457650	-0.058254
 806	4.0250e-01	7.8174	-0.473312	-0.000453	-4.533618	-1.536031	0.036409
 807	4.0300e-01	7.7902	-0.509720	0.000091	0.906724	0.307206	-0.007282
 808	4.0350e-01	7.7244	-0.546129	0.000091	0.906724	0.307206	-0.007282
 809	4.0400e-01	7.7067	-0.618946	0.000181	1.813447	0.614413	-0.014563
 810	4.0450e-01	7.6490	-0.546129	-0.000181	-1.813447	-0.614413	0.014563
 811	4.0500e-01	7.6025	-0.764580	0.000544	5.440342	1.843238	-0.043690
 812	4.0550e-01	7.5768	-1.237892	0.001179	11.787408	3.993682	-0.094662
 813	4.0600e-01	7.5319	-1.201483	-0.000091	-0.906724	-0.307206	0.007282
 814	4.0650e-01	7.4966	-0.873806	-0.000816	-8.160513	-2.764857	0.065535
 815	4.0700e-01	7.4549	-1.092257	0.000544	5.440342	1.843238	-0.043690
 816	4.0750e-01	7.4148	-1.274300	0.000453	4.533618	1.536031	-0.036409
 817	4.0800e-01	7.3811	-1.347117	0.000181	1.813447	0.614413	-0.014563
 818	4.0850e-01	7.3458	-1.820429	0.001179	11.787408	3.993682	-0.094662
 819	4.0900e-01	7.2816	-1.492752	-0.000816	-8.160513	-2.764857	0.065535
 820	4.0950e-01	7.2704	-1.601977	0.000272	2.720171	0.921619	-0.021845
 821	4.1000e-01	7.2255	-1.419935	-0.000453	-4.533618	-1.536031	0.036409
 822	4.1050e-01	7.2062	-1.966063	0.001360	13.600855	4.608094	-0.109226
 823	4.1100e-01	7.1613	-1.638386	-0.000816	-8.160513	-2.764857	0.065535
 824	4.1150e-01	7.0939	-1.856837	0.000544	5.440342	1.843238	-0.043690
 825	4.1200e-01	7.0715	-2.002472	0.000363	3.626895	1.228825	-0.029127
 826	4.1250e-01	6.9993	-2.075289	0.000181	1.813447	0.614413	-0.014563
 827	4.1300e-01	6.9752	-2.220923	0.000363	3.626895	1.228825	-0.029127
 828	4.1350e-01	6.9431	-2.512192	0.000725	7.253789	2.457650	-0.058254
 829	4.1400e-01	6.8629	-2.366558	-0.000363	-3.626895	-1.228825	0.029127
 830	4.1450e-01	6.8469	-2.402966	0.000091	0.906724	0.307206	-0.007282
 831	4.1500e-01	6.8164	-2.585009	0.000453	4.533618	1.536031	-0.036409
 832	4.1550e-01	6.7811	-2.366558	-0.000544	-5.440342	-1.843238	0.043690
 833	4.1600e-01	6.7298	-2.657826	0.000725	7.253789	2.457650	-0.058254
 834	4.1650e-01	6.6945	-2.621418	-0.000091	-0.906724	-0.307206	0.007282
 835	4.1700e-01	6.6672	-2.767052	0.000363	3.626895	1.228825	-0.029127
 836	4.1750e-01	6.6078	-2.767052	-0.000000	-0.000000	-0.000000	0.000000
 837	4.1800e-01	6.5725	-2.767052	-0.000000	-0.000000	-0.000000	0.000000
 838	4.1850e-01	6.5421	-2.985503	0.000544	5.440342	1.843238	-0.043690
 839	4.1900e-01	6.4907	-3.276772	0.000725	7.253789	2.457650	-0.058254
 840	4.1950e-01	6.4747	-3.385998	0.000272	2.720171	0.921619	-0.021845
 841	4.2000e-01	6.4233	-3.058320	-0.000816	-8.160513	-2.764857	0.065535
 842	4.2050e-01	6.3832	-3.313181	0.000635	6.347066	2.150444	-0.050972
 843	4.2100e-01	6.3447	-3.568041	0.000635	6.347066	2.150444	-0.050972
 844	4.2150e-01	6.3014	-3.640858	0.000181	1.813447	0.614413	-0.014563
 845	4.2200e-01	6.2389	-3.677266	0.000091	0.906724	0.307206	-0.007282
 846	4.2250e-01	6.2068	-3.640858	-0.000091	-0.906724	-0.307206	0.007282
 847	4.2300e-01	6.1779	-3.604449	-0.000091	-0.906724	-0.307206	0.007282
 848	4.2350e-01	6.1330	-4.041352	0.001088	10.880684	3.686475	-0.087381
 849	4.2400e-01	6.0865	-4.150578	0.000272	2.720171	0.921619	-0.021845
 850	4.2450e-01	6.0768	-4.041352	-0.000272	-2.720171	-0.921619	0.021845
 851	4.2500e-01	6.0319	-3.677266	-0.000907	-9.067237	-3.072063	0.072817
 852	4.2550e-01	5.9710	-4.514664	0.002085	20.854644	7.065745	-0.167479
 853	4.2600e-01	5.9357	-4.041352	-0.001179	-11.787408	-3.993682	0.094662
 854	4.2650e-01	5.8731	-4.696706	0.001632	16.321026	5.529713	-0.131071
 855	4.2700e-01	5.8538	-4.296212	-0.000997	-9.973960	-3.379269	0.080099
 856	4.2750e-01	5.7945	-4.660298	0.000907	9.067237	3.072063	-0.072817
 857	4.2800e-01	5.7752	-4.514664	-0.000363	-3.626895	-1.228825	0.029127
 858	4.2850e-01	5.7496	-4.805932	0.000725	7.253789	2.457650	-0.058254
 859	4.2900e-01	5.6966	-4.623889	-0.000453	-4.533618	-1.536031	0.036409
 860	4.2950e-01	5.6549	-5.133609	0.001269	12.694131	4.300888	-0.101944
 861	4.3000e-01	5.5811	-5.097201	-0.000091	-0.906724	-0.307206	0.007282
 862	4.3050e-01	5.5619	-5.279244	0.000453	4.533618	1.536031	-0.036409
 863	4.3100e-01	5.5105	-5.315652	0.000091	0.906724	0.307206	-0.007282
 864	4.3150e-01	5.4977	-5.534104	0.000544	5.440342	1.843238	-0.043690
 865	4.3200e-01	5.4512	-5.279244	-0.000635	-6.347066	-2.150444	0.050972
 866	4.3250e-01	5.4159	-5.388469	0.000272	2.720171	0.921619	-0.021845
 867	4.3300e-01	5.3726	-5.497695	0.000272	2.720171	0.921619	-0.021845
 868	4.3350e-01	5.3341	-5.497695	-0.000000	-0.000000	-0.000000	0.000000
 869	4.3400e-01	5.2892	-6.007415	0.001269	12.694131	4.300888	-0.101944
 870	4.3450e-01	5.2587	-5.424878	-0.001451	-14.507578	-4.915301	0.116507
 871	4.3500e-01	5.2298	-5.934598	0.001269	12.694131	4.300888	-0.101944
 872	4.3550e-01	5.1737	-5.898189	-0.000091	-0.906724	-0.307206	0.007282
 873	4.3600e-01	5.1207	-6.189458	0.000725	7.253789	2.457650	-0.058254
 874	4.3650e-01	5.0983	-6.335092	0.000363	3.626895	1.228825	-0.029127
 875	4.3700e-01	5.0565	-6.553544	0.000544	5.440342	1.843238	-0.043690
 876	4.3750e-01	5.0164	-6.153050	-0.000997	-9.973960	-3.379269	0.080099
 877	4.3800e-01	4.9667	-6.371501	0.000544	5.440342	1.843238	-0.043690
 878	4.3850e-01	4.9442	-6.262275	-0.000272	-2.720171	-0.921619	0.021845
 879	4.3900e-01	4.9250	-6.589952	0.000816	8.160513	2.764857	-0.065535
 880	4.3950e-01	4.8785	-7.026855	0.001088	10.880684	3.686475	-0.087381
 881	4.4000e-01	4.8352	-6.444318	-0.001451	-14.507578	-4.915301	0.116507
 882	4.4050e-01	4.7726	-6.589952	0.000363	3.626895	1.228825	-0.029127
 883	4.4100e-01	4.7437	-6.954038	0.000907	9.067237	3.072063	-0.072817
 884	4.4150e-01	4.7100	-6.881221	-0.000181	-1.813447	-0.614413	0.014563
 885	4.4200e-01	4.6571	-7.318124	0.001088	10.880684	3.686475	-0.087381
 886	4.4250e-01	4.6394	-7.136081	-0.000453	-4.533618	-1.536031	0.036409
 887	4.4300e-01	4.5961	-7.099673	-0.000091	-0.906724	-0.307206	0.007282
 888	4.4350e-01	4.5207	-7.463758	0.000907	9.067237	3.072063	-0.072817
 889	4.4400e-01	4.5079	-7.245307	-0.000544	-5.440342	-1.843238	0.043690
 890	4.4450e-01	4.4453	-7.973478	0.001813	18.134473	6.144126	-0.145634
 891	4.4500e-01	4.3988	-7.609393	-0.000907	-9.067237	-3.072063	0.072817
 892	4.4550e-01	4.3876	-7.463758	-0.000363	-3.626895	-1.228825	0.029127
 893	4.4600e-01	4.3571	-7.973478	0.001269	12.694131	4.300888	-0.101944
 894	4.4650e-01	4.2881	-7.718618	-0.000635	-6.347066	-2.150444	0.050972
 895	4.4700e-01	4.2721	-8.046296	0.000816	8.160513	2.764857	-0.065535
 896	4.4750e-01	4.2095	-8.046296	-0.000000	-0.000000	-0.000000	0.000000
 897	4.4800e-01	4.1742	-8.155521	0.000272	2.720171	0.921619	-0.021845
 898	4.4850e-01	4.1197	-8.446790	0.000725	7.253789	2.457650	-0.058254
 899	4.4900e-01	4.0988	-8.774467	0.000816	8.160513	2.764857	-0.065535
 900	4.4950e-01	4.0587	-8.519607	-0.000635	-6.347066	-2.150444	0.050972
 901	4.5000e-01	4.0362	-8.483198	-0.000091	-0.906724	-0.307206	0.007282
 902	4.5050e-01	3.9769	-8.774467	0.000725	7.253789	2.457650	-0.058254
 903	4.5100e-01	3.9480	-8.446790	-0.000816	-8.160513	-2.764857	0.065535
 904	4.5150e-01	3.8951	-8.883693	0.001088	10.880684	3.686475	-0.087381
 905	4.5200e-01	3.8550	-9.102144	0.000544	5.440342	1.843238	-0.043690
 906	4.5250e-01	3.8052	-8.992919	-0.000272	-2.720171	-0.921619	0.021845
 907	4.5300e-01	3.7860	-8.956510	-0.000091	-0.906724	-0.307206	0.007282
 908	4.5350e-01	3.7379	-9.138553	0.000453	4.533618	1.536031	-0.036409
 909	4.5400e-01	3.6897	-9.174961	0.000091	0.906724	0.307206	-0.007282
 910	4.5450e-01	3.6464	-9.539047	0.000907	9.067237	3.072063	-0.072817
 911	4.5500e-01	3.6224	-9.174961	-0.000907	-9.067237	-3.072063	0.072817
 912	4.5550e-01	3.5694	-9.866724	0.001723	17.227749	5.836920	-0.138353
 913	4.5600e-01	3.5341	-9.320596	-0.001360	-13.600855	-4.608094	0.109226
 914	4.5650e-01	3.4940	-9.611864	0.000725	7.253789	2.457650	-0.058254
 915	4.5700e-01	3.4315	-9.575456	-0.000091	-0.906724	-0.307206	0.007282
 916	4.5750e-01	3.4202	-10.157993	0.001451	14.507578	4.915301	-0.116507
 917	4.5800e-01	3.3593	-9.939542	-0.000544	-5.440342	-1.843238	0.043690
 918	4.5850e-01	3.3384	-10.230810	0.000725	7.253789	2.457650	-0.058254
 919	4.5900e-01	3.2887	-10.048767	-0.000453	-4.533618	-1.536031	0.036409
 920	4.5950e-01	3.2566	-10.230810	0.000453	4.533618	1.536031	-0.036409
 921	4.6000e-01	3.2662	-10.485670	-0.000635	-6.347066	-2.150444	-0.050972
 922	4.6050e-01	3.1924	-10.048767	-0.001088	-10.880684	-3.686475	0.087381
 923	4.6100e-01	3.1411	-10.267219	0.000544	5.440342	1.843238	-0.043690
 924	4.6150e-01	3.1090	-10.776939	0.001269	12.694131	4.300888	-0.101944
 925	4.6200e-01	3.0673	-10.485670	-0.000725	-7.253789	-2.457650	0.058254
 926	4.6250e-01	3.0496	-10.922573	0.001088	10.880684	3.686475	-0.087381
 927	4.6300e-01	2.9823	-10.958982	0.000091	0.906724	0.307206	-0.007282
 928	4.6350e-01	2.9357	-10.813347	-0.000363	-3.626895	-1.228825	0.029127
 929	4.6400e-01	2.9021	-11.213842	0.000997	9.973960	3.379269	-0.080099
 930	4.6450e-01	2.8555	-11.177433	-0.000091	-0.906724	-0.307206	0.007282
 931	4.6500e-01	2.7833	-11.432293	0.000635	6.347066	2.150444	-0.050972
 932	4.6550e-01	2.7769	-11.432293	-0.000000	-0.000000	-0.000000	0.000000
 933	4.6600e-01	2.7593	-11.141025	-0.000725	-7.253789	-2.457650	0.058254
 934	4.6650e-01	2.6935	-11.942013	0.001995	19.947920	6.758538	-0.160198
 935	4.6700e-01	2.6406	-11.614336	-0.000816	-8.160513	-2.764857	0.065535
 936	4.6750e-01	2.6069	-11.650745	0.000091	0.906724	0.307206	-0.007282
 937	4.6800e-01	2.5780	-11.687153	0.000091	0.906724	0.307206	-0.007282
 938	4.6850e-01	2.5251	-11.978422	0.000725	7.253789	2.457650	-0.058254
 939	4.6900e-01	2.4769	-11.723562	-0.000635	-6.347066	-2.150444	0.050972
 940	4.6950e-01	2.4817	-12.014830	-0.000725	-7.253789	-2.457650	-0.058254
 941	4.7000e-01	2.4176	-12.233282	0.000544	5.440342	1.843238	-0.043690
 942	4.7050e-01	2.3743	-12.670185	0.001088	10.880684	3.686475	-0.087381
 943	4.7100e-01	2.3213	-12.342508	-0.000816	-8.160513	-2.764857	0.065535
 944	4.7150e-01	2.2812	-12.815819	0.001179	11.787408	3.993682	-0.094662
 945	4.7200e-01	2.2588	-12.815819	-0.000000	-0.000000	-0.000000	0.000000
 946	4.7250e-01	2.2187	-12.888636	0.000181	1.813447	0.614413	-0.014563
 947	4.7300e-01	2.1689	-13.107088	0.000544	5.440342	1.843238	-0.043690
 948	4.7350e-01	2.1272	-12.852228	-0.000635	-6.347066	-2.150444	0.050972
 949	4.7400e-01	2.0839	-13.143496	0.000725	7.253789	2.457650	-0.058254
 950	4.7450e-01	2.0791	-12.997862	-0.000363	-3.626895	-1.228825	0.029127
 951	4.7500e-01	2.0261	-13.543991	0.001360	13.600855	4.608094	-0.109226
 952	4.7550e-01	1.9860	-13.507582	-0.000091	-0.906724	-0.307206	0.007282
 953	4.7600e-01	1.9363	-13.434765	-0.000181	-1.813447	-0.614413	0.014563
 954	4.7650e-01	1.8994	-13.616808	0.000453	4.533618	1.536031	-0.036409
 955	4.7700e-01	1.8834	-13.289131	-0.000816	-8.160513	-2.764857	0.065535
 956	4.7750e-01	1.8128	-14.017302	0.001813	18.134473	6.144126	-0.145634
 957	4.7800e-01	1.7695	-14.090119	0.000181	1.813447	0.614413	-0.014563
 958	4.7850e-01	1.7550	-13.908076	-0.000453	-4.533618	-1.536031	0.036409
 959	4.7900e-01	1.7117	-14.308571	0.000997	9.973960	3.379269	-0.080099
 960	4.7950e-01	1.6492	-14.454205	0.000363	3.626895	1.228825	-0.029127
 961	4.8000e-01	1.6123	-14.235754	-0.000544	-5.440342	-1.843238	0.043690
 962	4.8050e-01	1.5738	-14.745474	0.001269	12.694131	4.300888	-0.101944
 963	4.8100e-01	1.5385	-14.527022	-0.000544	-5.440342	-1.843238	0.043690
 964	4.8150e-01	1.4823	-14.563431	0.000091	0.906724	0.307206	-0.007282
 965	4.8200e-01	1.4647	-14.636248	0.000181	1.813447	0.614413	-0.014563
 966	4.8250e-01	1.4246	-14.818291	0.000453	4.533618	1.536031	-0.036409
 967	4.8300e-01	1.3508	-14.781882	-0.000091	-0.906724	-0.307206	0.007282
 968	4.8350e-01	1.3460	-14.891108	0.000272	2.720171	0.921619	-0.021845
 969	4.8400e-01	1.3074	-15.400828	0.001269	12.694131	4.300888	-0.101944
 970	4.8450e-01	1.2577	-15.255194	-0.000363	-3.626895	-1.228825	0.029127
 971	4.8500e-01	1.2016	-15.473645	0.000544	5.440342	1.843238	-0.043690
 972	4.8550e-01	1.1807	-15.546462	0.000181	1.813447	0.614413	-0.014563
 973	4.8600e-01	1.1486	-15.364419	-0.000453	-4.533618	-1.536031	0.036409
 974	4.8650e-01	1.0909	-15.910548	0.001360	13.600855	4.608094	-0.109226
 975	4.8700e-01	1.0700	-15.655688	-0.000635	-6.347066	-2.150444	0.050972
 976	4.8750e-01	1.0107	-15.910548	0.000635	6.347066	2.150444	-0.050972
 977	4.8800e-01	0.9529	-16.165408	0.000635	6.347066	2.150444	-0.050972
 978	4.8850e-01	0.9224	-15.946957	-0.000544	-5.440342	-1.843238	0.043690
 979	4.8900e-01	0.9000	-16.529494	0.001451	14.507578	4.915301	-0.116507
 980	4.8950e-01	0.8583	-16.201817	-0.000816	-8.160513	-2.764857	0.065535
 981	4.9000e-01	0.8182	-16.711537	0.001269	12.694131	4.300888	-0.101944
 982	4.9050e-01	0.7652	-16.565903	-0.000363	-3.626895	-1.228825	0.029127
 983	4.9100e-01	0.7524	-16.638720	0.000181	1.813447	0.614413	-0.014563
 984	4.9150e-01	0.7171	-16.820763	0.000453	4.533618	1.536031	-0.036409
 985	4.9200e-01	0.6658	-16.857171	0.000091	0.906724	0.307206	-0.007282
 986	4.9250e-01	0.6224	-17.002805	0.000363	3.626895	1.228825	-0.029127
 987	4.9300e-01	0.5759	-16.929988	-0.000181	-1.813447	-0.614413	0.014563
 988	4.9350e-01	0.5503	-17.366891	0.001088	10.880684	3.686475	-0.087381
 989	4.9400e-01	0.5182	-17.294074	-0.000181	-1.813447	-0.614413	0.014563
 990	4.9450e-01	0.4604	-17.621751	0.000816	8.160513	2.764857	-0.065535
 991	4.9500e-01	0.4299	-17.366891	-0.000635	-6.347066	-2.150444	0.050972
 992	4.9550e-01	0.3850	-17.658160	0.000725	7.253789	2.457650	-0.058254
 993	4.9600e-01	0.3257	-17.803794	0.000363	3.626895	1.228825	-0.029127
 994	4.9650e-01	0.3353	-17.985837	-0.000453	-4.533618	-1.536031	-0.036409
 995	4.9700e-01	0.2615	-17.803794	-0.000453	-4.533618	-1.536031	0.036409
 996	4.9750e-01	0.2021	-18.349923	0.001360	13.600855	4.608094	-0.109226
 997	4.9800e-01	0.1797	-18.386331	0.000091	0.906724	0.307206	-0.007282
 998	4.9850e-01	0.1059	-18.240697	-0.000363	-3.626895	-1.228825	0.029127
 999	4.9900e-01	0.1091	-18.277106	-0.000091	-0.906724	-0.307206	-0.007282
1000	4.9950e-01	0.0946	-18.750417	0.001179	11.787408	3.993682	-0.094662
1001	5.0000e-01	0.0898	-18.786826	0.001179	11.787408	3.993682	-0.007282

PMax (uC/cm2):	3.99e+01
Pr (uC/cm2):	1.27e+00
-Pr (uC/cm2):	0.00e+00
PLoss (uC/cm2):	0.00e+00
C (Max-Eff) (nF):	1.99e-01
K (Eff):	6.76e+02
Vert. (+/-Pr) Shift (uC/cm2):	6.37e-01
Offset (uC/cm2):	2.01e+01

A (Loop Area - uC/cm2·Volts):	6.83e-03



Hysteresis Version: 5.48.1 - Radiant Technologies, Inc., 1999 - 9/12/24

