»»»»»»»»»»»»»»»»»»»»»»»»»»»»»»»»»»»» Hysteresis ««««««««««««««««««««««««««««««««««««
»»»  Executed Version:	5.48.1
»»»  Vision Version:	5.48.4 (R)
»»»  Vision Compiled:	9/18/24
»»»  Driver Version:	5.47.0
»»»  Windows Version:	Windows 8 or 8.1
»»»  Processor Information:	x86 (AMD or Intel) - 32 Processors
»»»  Tester Name:	PMF21124-494 (100V)
»»»  Tester S/N:	PMF21124-494
»»»  Internal Amp Type:	100V RevK 270k
»»»  Internal Amp S/N:	iAB2-596/K     
»»»  Execution Count:	1
»»»»»»»»»»»»»»»»»»»»»»»»»»»»»»»»»»»»»»»»»»««««««««««««««««««««««««««««««««««««««««««

Stored:	10/8/2025 - 19:37:19
Configured:	10/08/25 04:22:59 PM
Executed:	10/08/25 07:36:58 PM

»»»»»»»»»»»»»»»»»»»»»»»»»»»»»»»»»»» Sample Info ««««««««««««««««««««««««««««««««««««
Sample Name:	Int. Ref. Ferroelectric
Lot Name:	N/A
Wafer Name:	N/A
Die Row/Column:	0/0
Capacitor Number:	0
Sample Area (cm2):	1.00e-04
Sample Thickness (microns):	3.00e-01

Amplifier:	Internal

»»»»»»»»»»»»»»»»»»»»»»»»»»»»»»»»»»» Tester Info «««««««««««««««««««««««««««««««««««
Tester Name:	PMF21124-494 (100V)
Tester Serial Number:	PMF21124-494
Return Signal Amp. Level:	0.02 [Index: 2]

»»»»»»»»»»»»»»»»»»»»»»»»»»»»»»»» Hysteresis Info ««««««««««««««««««««««««««««««««««
Task Name:	Hyste-8
Volts:	20.00
Field:	666.67 (kV/cm)
DCBias:	0.00
DCField:	0.00 (kV/cm)
Hysteresis Period (ms):	5.00e-01
Preset:	Enabled
Preset Delay (ms):	1.00e+03
Profile:	Standard Monopolar

»»»»»»»»»»»»»»»»»»»»»»»»»»»»»»»»»»»»»» Data «««««««««««««««««««««««««««««««««««««««
Points:	1001

Valid Data

Point	Time (ms)	Drive Voltage	Measured Polarization (uC/cm2)	Capacitance (uF)	Normalized Capacitance (uF/cm2)	Dielectric Constant	Instantaneous Current (mA)
   1	0.0000e+00	0.0305	-20.334190	0.000803	8.025739	2.719194	0.065535
   2	5.0000e-04	0.0369	-20.006513	0.000803	8.025739	2.719194	0.065535
   3	1.0000e-03	0.1572	-20.224965	-0.000535	-5.350493	-1.812796	-0.043690
   4	1.5000e-03	0.1781	-20.079330	0.000357	3.566995	1.208531	0.029127
   5	2.0000e-03	0.1845	-20.261373	-0.000446	-4.458744	-1.510663	-0.036409
   6	2.5000e-03	0.2775	-19.860879	0.000981	9.809237	3.323459	0.080099
   7	3.0000e-03	0.2823	-19.897287	-0.000089	-0.891749	-0.302133	-0.007282
   8	3.5000e-03	0.3192	-19.606019	0.000713	7.133990	2.417061	0.058254
   9	4.0000e-03	0.3658	-20.188556	-0.001427	-14.267981	-4.834123	-0.116507
  10	4.5000e-03	0.4123	-19.897287	0.000713	7.133990	2.417061	0.058254
  11	5.0000e-03	0.4508	-19.715244	0.000446	4.458744	1.510663	0.036409
  12	5.5000e-03	0.4797	-19.897287	-0.000446	-4.458744	-1.510663	-0.036409
  13	6.0000e-03	0.5262	-19.606019	0.000713	7.133990	2.417061	0.058254
  14	6.5000e-03	0.5422	-19.205524	0.000981	9.809237	3.323459	0.080099
  15	7.0000e-03	0.5759	-19.496793	-0.000713	-7.133990	-2.417061	-0.058254
  16	7.5000e-03	0.6273	-19.496793	0.000000	0.000000	0.000000	0.000000
  17	8.0000e-03	0.6898	-19.132707	0.000892	8.917488	3.021327	0.072817
  18	8.5000e-03	0.7363	-18.987073	0.000357	3.566995	1.208531	0.029127
  19	9.0000e-03	0.7572	-18.914256	0.000178	1.783498	0.604265	0.014563
  20	9.5000e-03	0.7845	-18.659396	0.000624	6.242242	2.114929	0.050972
  21	1.0000e-02	0.8230	-18.732213	-0.000178	-1.783498	-0.604265	-0.014563
  22	1.0500e-02	0.8791	-18.622987	0.000268	2.675246	0.906398	0.021845
  23	1.1000e-02	0.9898	-18.477353	0.000357	3.566995	1.208531	0.029127
  24	1.1500e-02	0.9609	-18.186084	-0.000713	-7.133990	-2.417061	0.058254
  25	1.2000e-02	0.9930	-18.222493	-0.000089	-0.891749	-0.302133	-0.007282
  26	1.2500e-02	1.0508	-17.858407	0.000892	8.917488	3.021327	0.072817
  27	1.3000e-02	1.0989	-18.040450	-0.000446	-4.458744	-1.510663	-0.036409
  28	1.3500e-02	1.1117	-17.639956	0.000981	9.809237	3.323459	0.080099
  29	1.4000e-02	1.1743	-17.894816	-0.000624	-6.242242	-2.114929	-0.050972
  30	1.4500e-02	1.2144	-17.676364	0.000535	5.350493	1.812796	0.043690
  31	1.5000e-02	1.2513	-17.567138	0.000268	2.675246	0.906398	0.021845
  32	1.5500e-02	1.2866	-17.385096	0.000446	4.458744	1.510663	0.036409
  33	1.6000e-02	1.3139	-17.603547	-0.000535	-5.350493	-1.812796	-0.043690
  34	1.6500e-02	1.3411	-16.911784	0.001694	16.943227	5.740521	0.138353
  35	1.7000e-02	1.4230	-16.729741	0.000446	4.458744	1.510663	0.036409
  36	1.7500e-02	1.4566	-17.093827	-0.000892	-8.917488	-3.021327	-0.072817
  37	1.8000e-02	1.4967	-16.802558	0.000713	7.133990	2.417061	0.058254
  38	1.8500e-02	1.5144	-16.802558	0.000000	0.000000	0.000000	0.000000
  39	1.9000e-02	1.5721	-17.093827	-0.000713	-7.133990	-2.417061	-0.058254
  40	1.9500e-02	1.6074	-16.438472	0.001605	16.051479	5.438388	0.131071
  41	2.0000e-02	1.6524	-16.511290	-0.000178	-1.783498	-0.604265	-0.014563
  42	2.0500e-02	1.6893	-16.438472	0.000178	1.783498	0.604265	0.014563
  43	2.1000e-02	1.7262	-16.292838	0.000357	3.566995	1.208531	0.029127
  44	2.1500e-02	1.7647	-16.110795	0.000446	4.458744	1.510663	0.036409
  45	2.2000e-02	1.7791	-16.147204	-0.000089	-0.891749	-0.302133	-0.007282
  46	2.2500e-02	1.8449	-15.819527	0.000803	8.025739	2.719194	0.065535
  47	2.3000e-02	1.8866	-15.855935	-0.000089	-0.891749	-0.302133	-0.007282
  48	2.3500e-02	1.9588	-15.491849	0.000892	8.917488	3.021327	0.072817
  49	2.4000e-02	1.9973	-15.710301	-0.000535	-5.350493	-1.812796	-0.043690
  50	2.4500e-02	1.9636	-15.491849	-0.000535	-5.350493	-1.812796	0.043690
  51	2.5000e-02	2.0711	-15.200581	0.000713	7.133990	2.417061	0.058254
  52	2.5500e-02	2.0999	-15.382624	-0.000446	-4.458744	-1.510663	-0.036409
  53	2.6000e-02	2.1192	-15.236989	0.000357	3.566995	1.208531	0.029127
  54	2.6500e-02	2.1641	-15.164172	0.000178	1.783498	0.604265	0.014563
  55	2.7000e-02	2.1930	-14.909312	0.000624	6.242242	2.114929	0.050972
  56	2.7500e-02	2.2604	-14.800087	0.000268	2.675246	0.906398	0.021845
  57	2.8000e-02	2.2860	-14.800087	0.000000	0.000000	0.000000	0.000000
  58	2.8500e-02	2.3197	-14.763678	0.000089	0.891749	0.302133	0.007282
  59	2.9000e-02	2.3727	-14.545226	0.000535	5.350493	1.812796	0.043690
  60	2.9500e-02	2.4256	-14.508818	0.000089	0.891749	0.302133	0.007282
  61	3.0000e-02	2.4400	-13.962689	0.001338	13.376232	4.531990	0.109226
  62	3.0500e-02	2.4994	-13.889872	0.000178	1.783498	0.604265	0.014563
  63	3.1000e-02	2.5379	-14.144732	-0.000624	-6.242242	-2.114929	-0.050972
  64	3.1500e-02	2.5700	-14.181141	-0.000089	-0.891749	-0.302133	-0.007282
  65	3.2000e-02	2.6149	-13.780646	0.000981	9.809237	3.323459	0.080099
  66	3.2500e-02	2.6406	-13.780646	0.000000	0.000000	0.000000	0.000000
  67	3.3000e-02	2.6871	-13.817055	-0.000089	-0.891749	-0.302133	-0.007282
  68	3.3500e-02	2.7224	-13.343743	0.001159	11.592735	3.927725	0.094662
  69	3.4000e-02	2.7817	-13.416561	-0.000178	-1.783498	-0.604265	-0.014563
  70	3.4500e-02	2.8154	-13.343743	0.000178	1.783498	0.604265	0.014563
  71	3.5000e-02	2.8186	-13.380152	-0.000089	-0.891749	-0.302133	-0.007282
  72	3.5500e-02	2.8924	-13.198109	0.000446	4.458744	1.510663	0.036409
  73	3.6000e-02	2.9213	-13.198109	0.000000	0.000000	0.000000	0.000000
  74	3.6500e-02	2.9438	-13.052475	0.000357	3.566995	1.208531	0.029127
  75	3.7000e-02	3.0224	-13.016066	0.000089	0.891749	0.302133	0.007282
  76	3.7500e-02	3.0561	-13.052475	-0.000089	-0.891749	-0.302133	-0.007282
  77	3.8000e-02	3.0769	-12.834023	0.000535	5.350493	1.812796	0.043690
  78	3.8500e-02	3.1154	-12.579163	0.000624	6.242242	2.114929	0.050972
  79	3.9000e-02	3.1828	-12.506346	0.000178	1.783498	0.604265	0.014563
  80	3.9500e-02	3.1908	-11.960218	0.001338	13.376232	4.531990	0.109226
  81	4.0000e-02	3.2470	-12.360712	-0.000981	-9.809237	-3.323459	-0.080099
  82	4.0500e-02	3.2855	-12.287895	0.000178	1.783498	0.604265	0.014563
  83	4.1000e-02	3.3224	-12.178669	0.000268	2.675246	0.906398	0.021845
  84	4.1500e-02	3.3737	-11.887400	0.000713	7.133990	2.417061	0.058254
  85	4.2000e-02	3.3994	-12.105852	-0.000535	-5.350493	-1.812796	-0.043690
  86	4.2500e-02	3.4459	-11.668949	0.001070	10.700986	3.625592	0.087381
  87	4.3000e-02	3.4828	-11.778175	-0.000268	-2.675246	-0.906398	-0.021845
  88	4.3500e-02	3.5357	-11.814583	-0.000089	-0.891749	-0.302133	-0.007282
  89	4.4000e-02	3.5823	-11.450497	0.000892	8.917488	3.021327	0.072817
  90	4.4500e-02	3.6079	-11.341272	0.000268	2.675246	0.906398	0.021845
  91	4.5000e-02	3.6480	-11.304863	0.000089	0.891749	0.302133	0.007282
  92	4.5500e-02	3.6865	-11.341272	-0.000089	-0.891749	-0.302133	-0.007282
  93	4.6000e-02	3.7298	-11.195637	0.000357	3.566995	1.208531	0.029127
  94	4.6500e-02	3.7459	-10.795143	0.000981	9.809237	3.323459	0.080099
  95	4.7000e-02	3.8165	-11.050003	-0.000624	-6.242242	-2.114929	-0.050972
  96	4.7500e-02	3.8726	-11.050003	0.000000	0.000000	0.000000	0.000000
  97	4.8000e-02	3.8903	-10.467466	0.001427	14.267981	4.834123	0.116507
  98	4.8500e-02	3.9159	-10.904369	-0.001070	-10.700986	-3.625592	-0.087381
  99	4.9000e-02	3.9432	-10.321832	0.001427	14.267981	4.834123	0.116507
 100	4.9500e-02	4.0362	-10.139789	0.000446	4.458744	1.510663	0.036409
 101	5.0000e-02	4.0539	-10.103380	0.000089	0.891749	0.302133	0.007282
 102	5.0500e-02	4.0683	-10.503874	-0.000981	-9.809237	-3.323459	-0.080099
 103	5.1000e-02	4.1582	-10.249014	0.000624	6.242242	2.114929	0.050972
 104	5.1500e-02	4.1598	-9.739294	0.001248	12.484483	4.229857	0.101944
 105	5.2000e-02	4.1790	-10.249014	-0.001248	-12.484483	-4.229857	-0.101944
 106	5.2500e-02	4.2336	-9.994154	0.000624	6.242242	2.114929	0.050972
 107	5.3000e-02	4.2432	-9.812111	0.000446	4.458744	1.510663	0.036409
 108	5.3500e-02	4.3346	-9.520843	0.000713	7.133990	2.417061	0.058254
 109	5.4000e-02	4.3635	-9.338800	0.000446	4.458744	1.510663	0.036409
 110	5.4500e-02	4.4373	-9.630069	-0.000713	-7.133990	-2.417061	-0.058254
 111	5.5000e-02	4.4582	-9.448026	0.000446	4.458744	1.510663	0.036409
 112	5.5500e-02	4.4935	-9.448026	0.000000	0.000000	0.000000	0.000000
 113	5.6000e-02	4.5239	-9.520843	-0.000178	-1.783498	-0.604265	-0.014563
 114	5.6500e-02	4.5689	-8.829080	0.001694	16.943227	5.740521	0.138353
 115	5.7000e-02	4.6250	-8.829080	0.000000	0.000000	0.000000	0.000000
 116	5.7500e-02	4.6555	-8.974714	-0.000357	-3.566995	-1.208531	-0.029127
 117	5.8000e-02	4.7325	-8.792671	0.000446	4.458744	1.510663	0.036409
 118	5.8500e-02	4.7437	-8.683446	0.000268	2.675246	0.906398	0.021845
 119	5.9000e-02	4.7437	-8.756263	0.000178	1.783498	0.604265	-0.014563
 120	5.9500e-02	4.7918	-8.501403	0.000624	6.242242	2.114929	0.050972
 121	6.0000e-02	4.8480	-8.319360	0.000446	4.458744	1.510663	0.036409
 122	6.0500e-02	4.8753	-8.501403	-0.000446	-4.458744	-1.510663	-0.036409
 123	6.1000e-02	4.9362	-8.246543	0.000624	6.242242	2.114929	0.050972
 124	6.1500e-02	4.9442	-7.955274	0.000713	7.133990	2.417061	0.058254
 125	6.2000e-02	5.0309	-8.137317	-0.000446	-4.458744	-1.510663	-0.036409
 126	6.2500e-02	5.0309	-7.846048	-0.000713	-7.133990	-2.417061	0.058254
 127	6.3000e-02	5.0774	-8.028091	-0.000446	-4.458744	-1.510663	-0.036409
 128	6.3500e-02	5.1207	-7.918865	0.000268	2.675246	0.906398	0.021845
 129	6.4000e-02	5.1704	-7.918865	0.000000	0.000000	0.000000	0.000000
 130	6.4500e-02	5.1993	-7.554780	0.000892	8.917488	3.021327	0.072817
 131	6.5000e-02	5.2362	-7.299920	0.000624	6.242242	2.114929	0.050972
 132	6.5500e-02	5.2827	-7.081468	0.000535	5.350493	1.812796	0.043690
 133	6.6000e-02	5.3196	-7.664005	-0.001427	-14.267981	-4.834123	-0.116507
 134	6.6500e-02	5.3646	-7.045060	0.001516	15.159730	5.136255	0.123789
 135	6.7000e-02	5.3998	-7.263511	-0.000535	-5.350493	-1.812796	-0.043690
 136	6.7500e-02	5.4592	-6.608157	0.001605	16.051479	5.438388	0.131071
 137	6.8000e-02	5.4929	-6.972242	-0.000892	-8.917488	-3.021327	-0.072817
 138	6.8500e-02	5.5330	-6.863017	0.000268	2.675246	0.906398	0.021845
 139	6.9000e-02	5.5539	-6.972242	-0.000268	-2.675246	-0.906398	-0.021845
 140	6.9500e-02	5.6116	-6.608157	0.000892	8.917488	3.021327	0.072817
 141	7.0000e-02	5.6629	-6.644565	-0.000089	-0.891749	-0.302133	-0.007282
 142	7.0500e-02	5.6806	-6.426114	0.000535	5.350493	1.812796	0.043690
 143	7.1000e-02	5.7127	-6.462522	-0.000089	-0.891749	-0.302133	-0.007282
 144	7.1500e-02	5.7415	-6.316888	0.000357	3.566995	1.208531	0.029127
 145	7.2000e-02	5.8266	-6.389705	-0.000178	-1.783498	-0.604265	-0.014563
 146	7.2500e-02	5.8137	-5.770759	-0.001516	-15.159730	-5.136255	0.123789
 147	7.3000e-02	5.8956	-6.244071	-0.001159	-11.592735	-3.927725	-0.094662
 148	7.3500e-02	5.9020	-6.062028	0.000446	4.458744	1.510663	0.036409
 149	7.4000e-02	5.9629	-5.770759	0.000713	7.133990	2.417061	0.058254
 150	7.4500e-02	6.0046	-5.807168	-0.000089	-0.891749	-0.302133	-0.007282
 151	7.5000e-02	6.0640	-6.062028	-0.000624	-6.242242	-2.114929	-0.050972
 152	7.5500e-02	6.0415	-5.588717	-0.001159	-11.592735	-3.927725	0.094662
 153	7.6000e-02	6.1153	-5.625125	-0.000089	-0.891749	-0.302133	-0.007282
 154	7.6500e-02	6.1362	-5.552308	0.000178	1.783498	0.604265	0.014563
 155	7.7000e-02	6.2132	-5.734351	-0.000446	-4.458744	-1.510663	-0.036409
 156	7.7500e-02	6.2613	-5.261039	0.001159	11.592735	3.927725	0.094662
 157	7.8000e-02	6.2982	-5.261039	0.000000	0.000000	0.000000	0.000000
 158	7.8500e-02	6.3127	-5.042588	0.000535	5.350493	1.812796	0.043690
 159	7.9000e-02	6.3576	-5.151814	-0.000268	-2.675246	-0.906398	-0.021845
 160	7.9500e-02	6.4041	-5.042588	0.000268	2.675246	0.906398	0.021845
 161	8.0000e-02	6.4233	-4.751319	0.000713	7.133990	2.417061	0.058254
 162	8.0500e-02	6.4955	-4.896954	-0.000357	-3.566995	-1.208531	-0.029127
 163	8.1000e-02	6.4843	-4.714911	-0.000446	-4.458744	-1.510663	0.036409
 164	8.1500e-02	6.5597	-4.751319	-0.000089	-0.891749	-0.302133	-0.007282
 165	8.2000e-02	6.6014	-4.569276	0.000446	4.458744	1.510663	0.036409
 166	8.2500e-02	6.6287	-4.205191	0.000892	8.917488	3.021327	0.072817
 167	8.3000e-02	6.6816	-4.205191	0.000000	0.000000	0.000000	0.000000
 168	8.3500e-02	6.7137	-4.314416	-0.000268	-2.675246	-0.906398	-0.021845
 169	8.4000e-02	6.7490	-4.314416	0.000000	0.000000	0.000000	0.000000
 170	8.4500e-02	6.8212	-4.423642	-0.000268	-2.675246	-0.906398	-0.021845
 171	8.5000e-02	6.8292	-3.768288	0.001605	16.051479	5.438388	0.131071
 172	8.5500e-02	6.8934	-4.059556	-0.000713	-7.133990	-2.417061	-0.058254
 173	8.6000e-02	6.9303	-3.804696	0.000624	6.242242	2.114929	0.050972
 174	8.6500e-02	6.9784	-3.950331	-0.000357	-3.566995	-1.208531	-0.029127
 175	8.7000e-02	6.9993	-3.950331	0.000000	0.000000	0.000000	0.000000
 176	8.7500e-02	7.0426	-3.695471	0.000624	6.242242	2.114929	0.050972
 177	8.8000e-02	7.0811	-3.331385	0.000892	8.917488	3.021327	0.072817
 178	8.8500e-02	7.1244	-3.440611	-0.000268	-2.675246	-0.906398	-0.021845
 179	8.9000e-02	7.1581	-3.258568	0.000446	4.458744	1.510663	0.036409
 180	8.9500e-02	7.2158	-3.404202	-0.000357	-3.566995	-1.208531	-0.029127
 181	9.0000e-02	7.2287	-3.222159	0.000446	4.458744	1.510663	0.036409
 182	9.0500e-02	7.3105	-3.076525	0.000357	3.566995	1.208531	0.029127
 183	9.1000e-02	7.2928	-3.112933	0.000089	0.891749	0.302133	-0.007282
 184	9.1500e-02	7.3795	-2.894482	0.000535	5.350493	1.812796	0.043690
 185	9.2000e-02	7.3971	-2.858073	0.000089	0.891749	0.302133	0.007282
 186	9.2500e-02	7.4388	-2.603213	0.000624	6.242242	2.114929	0.050972
 187	9.3000e-02	7.4902	-2.858073	-0.000624	-6.242242	-2.114929	-0.050972
 188	9.3500e-02	7.5287	-2.530396	0.000803	8.025739	2.719194	0.065535
 189	9.4000e-02	7.5688	-2.348353	0.000446	4.458744	1.510663	0.036409
 190	9.4500e-02	7.5848	-2.311945	0.000089	0.891749	0.302133	0.007282
 191	9.5000e-02	7.6233	-1.984267	0.000803	8.025739	2.719194	0.065535
 192	9.5500e-02	7.6939	-1.984267	0.000000	0.000000	0.000000	0.000000
 193	9.6000e-02	7.7196	-2.493988	-0.001248	-12.484483	-4.229857	-0.101944
 194	9.6500e-02	7.7869	-1.984267	0.001248	12.484483	4.229857	0.101944
 195	9.7000e-02	7.8030	-2.057085	-0.000178	-1.783498	-0.604265	-0.014563
 196	9.7500e-02	7.8463	-1.547365	0.001248	12.484483	4.229857	0.101944
 197	9.8000e-02	7.9057	-1.838633	-0.000713	-7.133990	-2.417061	-0.058254
 198	9.8500e-02	7.9554	-1.656590	0.000446	4.458744	1.510663	0.036409
 199	9.9000e-02	7.9714	-1.765816	-0.000268	-2.675246	-0.906398	-0.021845
 200	9.9500e-02	8.0115	-1.256096	0.001248	12.484483	4.229857	0.101944
 201	1.0000e-01	8.0516	-1.438139	-0.000446	-4.458744	-1.510663	-0.036409
 202	1.0050e-01	8.1078	-1.328913	0.000268	2.675246	0.906398	0.021845
 203	1.0100e-01	8.1030	-1.438139	0.000268	2.675246	0.906398	-0.021845
 204	1.0150e-01	8.1800	-1.183279	0.000624	6.242242	2.114929	0.050972
 205	1.0200e-01	8.2297	-0.964827	0.000535	5.350493	1.812796	0.043690
 206	1.0250e-01	8.2506	-0.709967	0.000624	6.242242	2.114929	0.050972
 207	1.0300e-01	8.2843	-1.256096	-0.001338	-13.376232	-4.531990	-0.109226
 208	1.0350e-01	8.3083	-0.746376	0.001248	12.484483	4.229857	0.101944
 209	1.0400e-01	8.3629	-0.855602	-0.000268	-2.675246	-0.906398	-0.021845
 210	1.0450e-01	8.3757	-0.600742	0.000624	6.242242	2.114929	0.050972
 211	1.0500e-01	8.4286	-0.673559	-0.000178	-1.783498	-0.604265	-0.014563
 212	1.0550e-01	8.4928	-0.600742	0.000178	1.783498	0.604265	0.014563
 213	1.0600e-01	8.5056	-0.455107	0.000357	3.566995	1.208531	0.029127
 214	1.0650e-01	8.5682	-0.455107	0.000000	0.000000	0.000000	0.000000
 215	1.0700e-01	8.6163	-0.491516	-0.000089	-0.891749	-0.302133	-0.007282
 216	1.0750e-01	8.6484	-0.091021	0.000981	9.809237	3.323459	0.080099
 217	1.0800e-01	8.6693	-0.091021	0.000000	0.000000	0.000000	0.000000
 218	1.0850e-01	8.7302	0.018204	0.000268	2.675246	0.906398	0.021845
 219	1.0900e-01	8.7463	-0.163839	-0.000446	-4.458744	-1.510663	-0.036409
 220	1.0950e-01	8.7912	0.200247	0.000892	8.917488	3.021327	0.072817
 221	1.1000e-01	8.8650	0.091021	-0.000268	-2.675246	-0.906398	-0.021845
 222	1.1050e-01	8.9067	0.163839	0.000178	1.783498	0.604265	0.014563
 223	1.1100e-01	8.9436	0.673559	0.001248	12.484483	4.229857	0.101944
 224	1.1150e-01	8.9564	0.455107	-0.000535	-5.350493	-1.812796	-0.043690
 225	1.1200e-01	9.0062	0.491516	0.000089	0.891749	0.302133	0.007282
 226	1.1250e-01	9.0270	0.782784	0.000713	7.133990	2.417061	0.058254
 227	1.1300e-01	9.0639	0.709967	-0.000178	-1.783498	-0.604265	-0.014563
 228	1.1350e-01	9.1249	0.964827	0.000624	6.242242	2.114929	0.050972
 229	1.1400e-01	9.1489	0.746376	-0.000535	-5.350493	-1.812796	-0.043690
 230	1.1450e-01	9.2179	1.037644	0.000713	7.133990	2.417061	0.058254
 231	1.1500e-01	9.2660	0.892010	-0.000357	-3.566995	-1.208531	-0.029127
 232	1.1550e-01	9.3174	1.256096	0.000892	8.917488	3.021327	0.072817
 233	1.1600e-01	9.3029	1.219687	0.000089	0.891749	0.302133	-0.007282
 234	1.1650e-01	9.3527	1.219687	0.000000	0.000000	0.000000	0.000000
 235	1.1700e-01	9.3912	1.438139	0.000535	5.350493	1.812796	0.043690
 236	1.1750e-01	9.4666	1.438139	0.000000	0.000000	0.000000	0.000000
 237	1.1800e-01	9.4698	1.256096	-0.000446	-4.458744	-1.510663	-0.036409
 238	1.1850e-01	9.5131	1.547365	0.000713	7.133990	2.417061	0.058254
 239	1.1900e-01	9.5612	1.984267	0.001070	10.700986	3.625592	0.087381
 240	1.1950e-01	9.5853	1.620182	-0.000892	-8.917488	-3.021327	-0.072817
 241	1.2000e-01	9.6430	1.656590	0.000089	0.891749	0.302133	0.007282
 242	1.2050e-01	9.6912	1.875042	0.000535	5.350493	1.812796	0.043690
 243	1.2100e-01	9.7056	2.057085	0.000446	4.458744	1.510663	0.036409
 244	1.2150e-01	9.7505	2.275536	0.000535	5.350493	1.812796	0.043690
 245	1.2200e-01	9.8163	1.802225	-0.001159	-11.592735	-3.927725	-0.094662
 246	1.2250e-01	9.8372	2.493988	0.001694	16.943227	5.740521	0.138353
 247	1.2300e-01	9.9045	2.348353	-0.000357	-3.566995	-1.208531	-0.029127
 248	1.2350e-01	9.9575	2.603213	0.000624	6.242242	2.114929	0.050972
 249	1.2400e-01	9.9687	2.530396	-0.000178	-1.783498	-0.604265	-0.014563
 250	1.2450e-01	10.0024	2.457579	-0.000178	-1.783498	-0.604265	-0.014563
 251	1.2500e-01	10.0505	2.457579	0.000000	0.000000	0.000000	0.000000
 252	1.2550e-01	10.0874	2.603213	0.000357	3.566995	1.208531	0.029127
 253	1.2600e-01	10.1211	2.566805	-0.000089	-0.891749	-0.302133	-0.007282
 254	1.2650e-01	10.1468	2.712439	0.000357	3.566995	1.208531	0.029127
 255	1.2700e-01	10.1885	3.222159	0.001248	12.484483	4.229857	0.101944
 256	1.2750e-01	10.2607	3.112933	-0.000268	-2.675246	-0.906398	-0.021845
 257	1.2800e-01	10.3104	2.821665	-0.000713	-7.133990	-2.417061	-0.058254
 258	1.2850e-01	10.3168	3.404202	0.001427	14.267981	4.834123	0.116507
 259	1.2900e-01	10.3890	3.294976	-0.000268	-2.675246	-0.906398	-0.021845
 260	1.2950e-01	10.4275	3.440611	0.000357	3.566995	1.208531	0.029127
 261	1.3000e-01	10.4371	3.440611	0.000000	0.000000	0.000000	0.000000
 262	1.3050e-01	10.4788	3.294976	-0.000357	-3.566995	-1.208531	-0.029127
 263	1.3100e-01	10.5141	3.586245	0.000713	7.133990	2.417061	0.058254
 264	1.3150e-01	10.5639	3.331385	-0.000624	-6.242242	-2.114929	-0.050972
 265	1.3200e-01	10.6152	3.950331	0.001516	15.159730	5.136255	0.123789
 266	1.3250e-01	10.6649	3.659062	-0.000713	-7.133990	-2.417061	-0.058254
 267	1.3300e-01	10.6730	4.423642	0.001873	18.726725	6.344786	0.152916
 268	1.3350e-01	10.7419	3.841105	-0.001427	-14.267981	-4.834123	-0.116507
 269	1.3400e-01	10.7788	4.387234	0.001338	13.376232	4.531990	0.109226
 270	1.3450e-01	10.8286	3.841105	-0.001338	-13.376232	-4.531990	-0.109226
 271	1.3500e-01	10.8558	4.241599	0.000981	9.809237	3.323459	0.080099
 272	1.3550e-01	10.8959	4.205191	-0.000089	-0.891749	-0.302133	-0.007282
 273	1.3600e-01	10.9040	4.569276	0.000892	8.917488	3.021327	0.072817
 274	1.3650e-01	10.9601	4.569276	0.000000	0.000000	0.000000	0.000000
 275	1.3700e-01	10.9938	4.387234	-0.000446	-4.458744	-1.510663	-0.036409
 276	1.3750e-01	11.0660	4.714911	0.000803	8.025739	2.719194	0.065535
 277	1.3800e-01	11.0901	4.532868	-0.000446	-4.458744	-1.510663	-0.036409
 278	1.3850e-01	11.1350	4.860545	0.000803	8.025739	2.719194	0.065535
 279	1.3900e-01	11.1655	4.824136	-0.000089	-0.891749	-0.302133	-0.007282
 280	1.3950e-01	11.1863	4.933362	0.000268	2.675246	0.906398	0.021845
 281	1.4000e-01	11.2617	4.933362	0.000000	0.000000	0.000000	0.000000
 282	1.4050e-01	11.2922	4.933362	0.000000	0.000000	0.000000	0.000000
 283	1.4100e-01	11.3307	5.188222	0.000624	6.242242	2.114929	0.050972
 284	1.4150e-01	11.3403	5.333857	0.000357	3.566995	1.208531	0.029127
 285	1.4200e-01	11.4334	5.151814	-0.000446	-4.458744	-1.510663	-0.036409
 286	1.4250e-01	11.4478	5.261039	0.000268	2.675246	0.906398	0.021845
 287	1.4300e-01	11.4799	5.697942	0.001070	10.700986	3.625592	0.087381
 288	1.4350e-01	11.4943	5.515899	-0.000446	-4.458744	-1.510663	-0.036409
 289	1.4400e-01	11.5537	5.770759	0.000624	6.242242	2.114929	0.050972
 290	1.4450e-01	11.6066	6.062028	0.000713	7.133990	2.417061	0.058254
 291	1.4500e-01	11.6660	5.807168	-0.000624	-6.242242	-2.114929	-0.050972
 292	1.4550e-01	11.6836	5.879985	0.000178	1.783498	0.604265	0.014563
 293	1.4600e-01	11.7173	5.989211	0.000268	2.675246	0.906398	0.021845
 294	1.4650e-01	11.7638	6.134845	0.000357	3.566995	1.208531	0.029127
 295	1.4700e-01	11.7943	6.244071	0.000268	2.675246	0.906398	0.021845
 296	1.4750e-01	11.8617	6.134845	-0.000268	-2.675246	-0.906398	-0.021845
 297	1.4800e-01	11.8938	5.697942	-0.001070	-10.700986	-3.625592	-0.087381
 298	1.4850e-01	11.9499	6.280480	0.001427	14.267981	4.834123	0.116507
 299	1.4900e-01	11.9580	6.280480	0.000000	0.000000	0.000000	0.000000
 300	1.4950e-01	12.0125	6.426114	0.000357	3.566995	1.208531	0.029127
 301	1.5000e-01	12.0558	6.680974	0.000624	6.242242	2.114929	0.050972
 302	1.5050e-01	12.0815	6.353297	-0.000803	-8.025739	-2.719194	-0.065535
 303	1.5100e-01	12.1168	6.498931	0.000357	3.566995	1.208531	0.029127
 304	1.5150e-01	12.1344	6.462522	-0.000089	-0.891749	-0.302133	-0.007282
 305	1.5200e-01	12.1874	7.117877	0.001605	16.051479	5.438388	0.131071
 306	1.5250e-01	12.2371	6.753791	-0.000892	-8.917488	-3.021327	-0.072817
 307	1.5300e-01	12.2868	7.045060	0.000713	7.133990	2.417061	0.058254
 308	1.5350e-01	12.3462	6.863017	-0.000446	-4.458744	-1.510663	-0.036409
 309	1.5400e-01	12.3526	7.190694	0.000803	8.025739	2.719194	0.065535
 310	1.5450e-01	12.3975	7.117877	-0.000178	-1.783498	-0.604265	-0.014563
 311	1.5500e-01	12.4408	7.190694	0.000178	1.783498	0.604265	0.014563
 312	1.5550e-01	12.4681	7.263511	0.000178	1.783498	0.604265	0.014563
 313	1.5600e-01	12.5531	7.518371	0.000624	6.242242	2.114929	0.050972
 314	1.5650e-01	12.5563	7.591188	0.000178	1.783498	0.604265	0.014563
 315	1.5700e-01	12.5948	7.372737	-0.000535	-5.350493	-1.812796	-0.043690
 316	1.5750e-01	12.6638	7.627597	0.000624	6.242242	2.114929	0.050972
 317	1.5800e-01	12.6895	7.700414	0.000178	1.783498	0.604265	0.014563
 318	1.5850e-01	12.7184	7.700414	0.000000	0.000000	0.000000	0.000000
 319	1.5900e-01	12.7793	7.700414	0.000000	0.000000	0.000000	0.000000
 320	1.5950e-01	12.8098	8.137317	0.001070	10.700986	3.625592	0.087381
 321	1.6000e-01	12.8403	8.064500	-0.000178	-1.783498	-0.604265	-0.014563
 322	1.6050e-01	12.8868	7.700414	-0.000892	-8.917488	-3.021327	-0.072817
 323	1.6100e-01	12.9397	8.428586	0.001783	17.834976	6.042654	0.145634
 324	1.6150e-01	12.9333	8.210134	0.000535	5.350493	1.812796	-0.043690
 325	1.6200e-01	12.9847	8.355768	0.000357	3.566995	1.208531	0.029127
 326	1.6250e-01	13.0232	8.501403	0.000357	3.566995	1.208531	0.029127
 327	1.6300e-01	13.0777	8.137317	-0.000892	-8.917488	-3.021327	-0.072817
 328	1.6350e-01	13.1162	8.392177	0.000624	6.242242	2.114929	0.050972
 329	1.6400e-01	13.1499	8.574220	0.000446	4.458744	1.510663	0.036409
 330	1.6450e-01	13.1884	9.083940	0.001248	12.484483	4.229857	0.101944
 331	1.6500e-01	13.1996	8.683446	-0.000981	-9.809237	-3.323459	-0.080099
 332	1.6550e-01	13.2686	8.829080	0.000357	3.566995	1.208531	0.029127
 333	1.6600e-01	13.2975	8.938306	0.000268	2.675246	0.906398	0.021845
 334	1.6650e-01	13.3520	9.083940	0.000357	3.566995	1.208531	0.029127
 335	1.6700e-01	13.3986	9.448026	0.000892	8.917488	3.021327	0.072817
 336	1.6750e-01	13.4595	8.829080	-0.001516	-15.159730	-5.136255	-0.123789
 337	1.6800e-01	13.4804	9.047531	0.000535	5.350493	1.812796	0.043690
 338	1.6850e-01	13.4916	9.193166	0.000357	3.566995	1.208531	0.029127
 339	1.6900e-01	13.5429	9.047531	-0.000357	-3.566995	-1.208531	-0.029127
 340	1.6950e-01	13.6151	9.630069	0.001427	14.267981	4.834123	0.116507
 341	1.7000e-01	13.6440	9.484434	-0.000357	-3.566995	-1.208531	-0.029127
 342	1.7050e-01	13.6408	9.630069	-0.000357	-3.566995	-1.208531	0.029127
 343	1.7100e-01	13.7114	9.484434	-0.000357	-3.566995	-1.208531	-0.029127
 344	1.7150e-01	13.7547	9.848520	0.000892	8.917488	3.021327	0.072817
 345	1.7200e-01	13.7836	9.848520	0.000000	0.000000	0.000000	0.000000
 346	1.7250e-01	13.8429	10.212606	0.000892	8.917488	3.021327	0.072817
 347	1.7300e-01	13.8862	9.739294	-0.001159	-11.592735	-3.927725	-0.094662
 348	1.7350e-01	13.9167	9.848520	0.000268	2.675246	0.906398	0.021845
 349	1.7400e-01	13.9584	9.848520	0.000000	0.000000	0.000000	0.000000
 350	1.7450e-01	13.9841	10.139789	0.000713	7.133990	2.417061	0.058254
 351	1.7500e-01	14.0370	10.358240	0.000535	5.350493	1.812796	0.043690
 352	1.7550e-01	14.0707	10.285423	-0.000178	-1.783498	-0.604265	-0.014563
 353	1.7600e-01	14.1301	10.285423	0.000000	0.000000	0.000000	0.000000
 354	1.7650e-01	14.1878	10.249014	-0.000089	-0.891749	-0.302133	-0.007282
 355	1.7700e-01	14.1846	10.431057	-0.000446	-4.458744	-1.510663	0.036409
 356	1.7750e-01	14.2424	10.649509	0.000535	5.350493	1.812796	0.043690
 357	1.7800e-01	14.2777	10.467466	-0.000446	-4.458744	-1.510663	-0.036409
 358	1.7850e-01	14.3386	10.503874	0.000089	0.891749	0.302133	0.007282
 359	1.7900e-01	14.3643	10.503874	0.000000	0.000000	0.000000	0.000000
 360	1.7950e-01	14.4060	10.940777	0.001070	10.700986	3.625592	0.087381
 361	1.8000e-01	14.4381	11.086412	0.000357	3.566995	1.208531	0.029127
 362	1.8050e-01	14.4573	10.867960	-0.000535	-5.350493	-1.812796	-0.043690
 363	1.8100e-01	14.5247	10.867960	0.000000	0.000000	0.000000	0.000000
 364	1.8150e-01	14.5488	11.122820	0.000624	6.242242	2.114929	0.050972
 365	1.8200e-01	14.5680	11.232046	0.000268	2.675246	0.906398	0.021845
 366	1.8250e-01	14.6306	11.377680	0.000357	3.566995	1.208531	0.029127
 367	1.8300e-01	14.6515	11.268455	-0.000268	-2.675246	-0.906398	-0.021845
 368	1.8350e-01	14.7573	10.904369	-0.000892	-8.917488	-3.021327	-0.072817
 369	1.8400e-01	14.7750	11.559723	0.001605	16.051479	5.438388	0.131071
 370	1.8450e-01	14.7974	11.814583	0.000624	6.242242	2.114929	0.050972
 371	1.8500e-01	14.8311	11.741766	-0.000178	-1.783498	-0.604265	-0.014563
 372	1.8550e-01	14.8536	11.159229	-0.001427	-14.267981	-4.834123	-0.116507
 373	1.8600e-01	14.9306	11.960218	0.001962	19.618474	6.646919	0.160198
 374	1.8650e-01	14.9611	11.596132	-0.000892	-8.917488	-3.021327	-0.072817
 375	1.8700e-01	14.9932	11.705357	0.000268	2.675246	0.906398	0.021845
 376	1.8750e-01	15.0076	12.069443	0.000892	8.917488	3.021327	0.072817
 377	1.8800e-01	15.0734	11.887400	-0.000446	-4.458744	-1.510663	-0.036409
 378	1.8850e-01	15.1231	11.850992	-0.000089	-0.891749	-0.302133	-0.007282
 379	1.8900e-01	15.1600	12.069443	0.000535	5.350493	1.812796	0.043690
 380	1.8950e-01	15.1921	12.433529	0.000892	8.917488	3.021327	0.072817
 381	1.9000e-01	15.2434	12.069443	-0.000892	-8.917488	-3.021327	-0.072817
 382	1.9050e-01	15.3028	12.105852	0.000089	0.891749	0.302133	0.007282
 383	1.9100e-01	15.3140	12.542755	0.001070	10.700986	3.625592	0.087381
 384	1.9150e-01	15.3300	12.506346	-0.000089	-0.891749	-0.302133	-0.007282
 385	1.9200e-01	15.3942	12.651980	0.000357	3.566995	1.208531	0.029127
 386	1.9250e-01	15.4536	12.579163	-0.000178	-1.783498	-0.604265	-0.014563
 387	1.9300e-01	15.5017	12.615572	0.000089	0.891749	0.302133	0.007282
 388	1.9350e-01	15.5338	12.651980	0.000089	0.891749	0.302133	0.007282
 389	1.9400e-01	15.5691	12.834023	0.000446	4.458744	1.510663	0.036409
 390	1.9450e-01	15.5996	12.506346	-0.000803	-8.025739	-2.719194	-0.065535
 391	1.9500e-01	15.6268	12.870432	0.000892	8.917488	3.021327	0.072817
 392	1.9550e-01	15.6669	13.343743	0.001159	11.592735	3.927725	0.094662
 393	1.9600e-01	15.7183	13.016066	-0.000803	-8.025739	-2.719194	-0.065535
 394	1.9650e-01	15.7407	13.234518	0.000535	5.350493	1.812796	0.043690
 395	1.9700e-01	15.7937	13.416561	0.000446	4.458744	1.510663	0.036409
 396	1.9750e-01	15.8209	12.943249	-0.001159	-11.592735	-3.927725	-0.094662
 397	1.9800e-01	15.8915	13.270926	0.000803	8.025739	2.719194	0.065535
 398	1.9850e-01	15.9028	13.452969	0.000446	4.458744	1.510663	0.036409
 399	1.9900e-01	15.9477	13.525786	0.000178	1.783498	0.604265	0.014563
 400	1.9950e-01	16.0038	13.416561	-0.000268	-2.675246	-0.906398	-0.021845
 401	2.0000e-01	16.0375	13.889872	0.001159	11.592735	3.927725	0.094662
 402	2.0050e-01	16.0728	13.489378	-0.000981	-9.809237	-3.323459	-0.080099
 403	2.0100e-01	16.1241	13.707829	0.000535	5.350493	1.812796	0.043690
 404	2.0150e-01	16.1642	13.744238	0.000089	0.891749	0.302133	0.007282
 405	2.0200e-01	16.1835	13.671421	-0.000178	-1.783498	-0.604265	-0.014563
 406	2.0250e-01	16.2637	13.889872	0.000535	5.350493	1.812796	0.043690
 407	2.0300e-01	16.2445	13.962689	-0.000178	-1.783498	-0.604265	0.014563
 408	2.0350e-01	16.3102	14.144732	0.000446	4.458744	1.510663	0.036409
 409	2.0400e-01	16.3632	14.144732	0.000000	0.000000	0.000000	0.000000
 410	2.0450e-01	16.3568	14.290366	-0.000357	-3.566995	-1.208531	0.029127
 411	2.0500e-01	16.4338	14.326775	0.000089	0.891749	0.302133	0.007282
 412	2.0550e-01	16.4803	14.472409	0.000357	3.566995	1.208531	0.029127
 413	2.0600e-01	16.5124	14.508818	0.000089	0.891749	0.302133	0.007282
 414	2.0650e-01	16.5525	14.436001	-0.000178	-1.783498	-0.604265	-0.014563
 415	2.0700e-01	16.6054	14.763678	0.000803	8.025739	2.719194	0.065535
 416	2.0750e-01	16.6519	15.054947	0.000713	7.133990	2.417061	0.058254
 417	2.0800e-01	16.6760	14.727269	-0.000803	-8.025739	-2.719194	-0.065535
 418	2.0850e-01	16.7097	14.945721	0.000535	5.350493	1.812796	0.043690
 419	2.0900e-01	16.7594	15.164172	0.000535	5.350493	1.812796	0.043690
 420	2.0950e-01	16.7947	14.508818	-0.001605	-16.051479	-5.438388	-0.131071
 421	2.1000e-01	16.8396	15.091355	0.001427	14.267981	4.834123	0.116507
 422	2.1050e-01	16.8846	14.836495	-0.000624	-6.242242	-2.114929	-0.050972
 423	2.1100e-01	16.9182	15.127764	0.000713	7.133990	2.417061	0.058254
 424	2.1150e-01	16.9632	15.091355	-0.000089	-0.891749	-0.302133	-0.007282
 425	2.1200e-01	17.0049	15.236989	0.000357	3.566995	1.208531	0.029127
 426	2.1250e-01	17.0434	15.273398	0.000089	0.891749	0.302133	0.007282
 427	2.1300e-01	17.0738	15.346215	0.000178	1.783498	0.604265	0.014563
 428	2.1350e-01	17.1220	15.273398	-0.000178	-1.783498	-0.604265	-0.014563
 429	2.1400e-01	17.1316	15.637484	0.000892	8.917488	3.021327	0.072817
 430	2.1450e-01	17.1926	15.309807	-0.000803	-8.025739	-2.719194	-0.065535
 431	2.1500e-01	17.2150	15.673892	0.000892	8.917488	3.021327	0.072817
 432	2.1550e-01	17.2872	15.419032	-0.000624	-6.242242	-2.114929	-0.050972
 433	2.1600e-01	17.3273	15.746710	0.000803	8.025739	2.719194	0.065535
 434	2.1650e-01	17.3594	15.783118	0.000089	0.891749	0.302133	0.007282
 435	2.1700e-01	17.3867	15.819527	0.000089	0.891749	0.302133	0.007282
 436	2.1750e-01	17.4380	15.783118	-0.000089	-0.891749	-0.302133	-0.007282
 437	2.1800e-01	17.4605	15.965161	0.000446	4.458744	1.510663	0.036409
 438	2.1850e-01	17.5166	16.037978	0.000178	1.783498	0.604265	0.014563
 439	2.1900e-01	17.5471	16.220021	0.000446	4.458744	1.510663	0.036409
 440	2.1950e-01	17.5952	15.783118	-0.001070	-10.700986	-3.625592	-0.087381
 441	2.2000e-01	17.6257	16.584107	0.001962	19.618474	6.646919	0.160198
 442	2.2050e-01	17.6706	16.220021	-0.000892	-8.917488	-3.021327	-0.072817
 443	2.2100e-01	17.7220	16.147204	-0.000178	-1.783498	-0.604265	-0.014563
 444	2.2150e-01	17.7573	16.402064	0.000624	6.242242	2.114929	0.050972
 445	2.2200e-01	17.7749	16.329247	-0.000178	-1.783498	-0.604265	-0.014563
 446	2.2250e-01	17.8391	16.911784	0.001427	14.267981	4.834123	0.116507
 447	2.2300e-01	17.8904	16.656924	-0.000624	-6.242242	-2.114929	-0.050972
 448	2.2350e-01	17.9209	16.693333	0.000089	0.891749	0.302133	0.007282
 449	2.2400e-01	17.9401	16.584107	-0.000268	-2.675246	-0.906398	-0.021845
 450	2.2450e-01	17.9915	16.766150	0.000446	4.458744	1.510663	0.036409
 451	2.2500e-01	18.0428	16.875375	0.000268	2.675246	0.906398	0.021845
 452	2.2550e-01	18.0621	16.911784	0.000089	0.891749	0.302133	0.007282
 453	2.2600e-01	18.1102	16.984601	0.000178	1.783498	0.604265	0.014563
 454	2.2650e-01	18.1487	17.239461	0.000624	6.242242	2.114929	0.050972
 455	2.2700e-01	18.1952	17.312278	0.000178	1.783498	0.604265	0.014563
 456	2.2750e-01	18.2321	17.385096	0.000178	1.783498	0.604265	0.014563
 457	2.2800e-01	18.2738	17.385096	0.000000	0.000000	0.000000	0.000000
 458	2.2850e-01	18.3219	17.057418	-0.000803	-8.025739	-2.719194	-0.065535
 459	2.2900e-01	18.3380	17.275870	0.000535	5.350493	1.812796	0.043690
 460	2.2950e-01	18.4054	17.676364	0.000981	9.809237	3.323459	0.080099
 461	2.3000e-01	18.4310	17.494321	-0.000446	-4.458744	-1.510663	-0.036409
 462	2.3050e-01	18.4551	17.312278	-0.000446	-4.458744	-1.510663	-0.036409
 463	2.3100e-01	18.5193	17.712773	0.000981	9.809237	3.323459	0.080099
 464	2.3150e-01	18.5546	17.749181	0.000089	0.891749	0.302133	0.007282
 465	2.3200e-01	18.6059	17.676364	-0.000178	-1.783498	-0.604265	-0.014563
 466	2.3250e-01	18.6267	17.858407	0.000446	4.458744	1.510663	0.036409
 467	2.3300e-01	18.6845	17.967633	0.000268	2.675246	0.906398	0.021845
 468	2.3350e-01	18.7102	17.931224	-0.000089	-0.891749	-0.302133	-0.007282
 469	2.3400e-01	18.7647	18.186084	0.000624	6.242242	2.114929	0.050972
 470	2.3450e-01	18.8032	18.222493	0.000089	0.891749	0.302133	0.007282
 471	2.3500e-01	18.8417	18.076858	-0.000357	-3.566995	-1.208531	-0.029127
 472	2.3550e-01	18.8898	18.295310	0.000535	5.350493	1.812796	0.043690
 473	2.3600e-01	18.9171	18.113267	-0.000446	-4.458744	-1.510663	-0.036409
 474	2.3650e-01	18.9909	18.477353	0.000892	8.917488	3.021327	0.072817
 475	2.3700e-01	19.0021	18.222493	-0.000624	-6.242242	-2.114929	-0.050972
 476	2.3750e-01	19.0406	18.295310	0.000178	1.783498	0.604265	0.014563
 477	2.3800e-01	19.0920	18.477353	0.000446	4.458744	1.510663	0.036409
 478	2.3850e-01	19.1160	18.732213	0.000624	6.242242	2.114929	0.050972
 479	2.3900e-01	19.1754	18.695804	-0.000089	-0.891749	-0.302133	-0.007282
 480	2.3950e-01	19.2171	18.622987	-0.000178	-1.783498	-0.604265	-0.014563
 481	2.4000e-01	19.2412	18.768621	0.000357	3.566995	1.208531	0.029127
 482	2.4050e-01	19.2893	18.950664	0.000446	4.458744	1.510663	0.036409
 483	2.4100e-01	19.3294	19.132707	0.000446	4.458744	1.510663	0.036409
 484	2.4150e-01	19.3567	18.877847	-0.000624	-6.242242	-2.114929	-0.050972
 485	2.4200e-01	19.3791	19.096299	0.000535	5.350493	1.812796	0.043690
 486	2.4250e-01	19.4305	18.841439	-0.000624	-6.242242	-2.114929	-0.050972
 487	2.4300e-01	19.4994	19.387567	0.001338	13.376232	4.531990	0.109226
 488	2.4350e-01	19.5203	19.132707	-0.000624	-6.242242	-2.114929	-0.050972
 489	2.4400e-01	19.5636	19.351159	0.000535	5.350493	1.812796	0.043690
 490	2.4450e-01	19.6037	19.423976	0.000178	1.783498	0.604265	0.014563
 491	2.4500e-01	19.6519	19.132707	-0.000713	-7.133990	-2.417061	-0.058254
 492	2.4550e-01	19.6775	19.496793	0.000892	8.917488	3.021327	0.072817
 493	2.4600e-01	19.7064	19.460384	-0.000089	-0.891749	-0.302133	-0.007282
 494	2.4650e-01	19.7529	19.533202	0.000178	1.783498	0.604265	0.014563
 495	2.4700e-01	19.8251	19.970104	0.001070	10.700986	3.625592	0.087381
 496	2.4750e-01	19.8476	19.715244	-0.000624	-6.242242	-2.114929	-0.050972
 497	2.4800e-01	19.8748	19.423976	-0.000713	-7.133990	-2.417061	-0.058254
 498	2.4850e-01	19.8989	19.824470	0.000981	9.809237	3.323459	0.080099
 499	2.4900e-01	19.9663	19.933696	0.000268	2.675246	0.906398	0.021845
 500	2.4950e-01	20.0048	19.970104	0.000089	0.891749	0.302133	0.007282
 501	2.5000e-01	20.0385	20.042922	0.000178	1.783498	0.604265	0.014563
 502	2.5050e-01	19.9743	19.897287	0.000357	3.566995	1.208531	-0.029127
 503	2.5100e-01	19.9342	20.152147	-0.000624	-6.242242	-2.114929	0.050972
 504	2.5150e-01	19.8925	20.334190	-0.000446	-4.458744	-1.510663	0.036409
 505	2.5200e-01	19.8444	20.115739	0.000535	5.350493	1.812796	-0.043690
 506	2.5250e-01	19.8139	19.751653	0.000892	8.917488	3.021327	-0.072817
 507	2.5300e-01	19.7786	19.933696	-0.000446	-4.458744	-1.510663	0.036409
 508	2.5350e-01	19.7401	20.042922	-0.000268	-2.675246	-0.906398	0.021845
 509	2.5400e-01	19.7176	20.006513	0.000089	0.891749	0.302133	-0.007282
 510	2.5450e-01	19.6679	19.970104	0.000089	0.891749	0.302133	-0.007282
 511	2.5500e-01	19.6166	19.678836	0.000713	7.133990	2.417061	-0.058254
 512	2.5550e-01	19.5700	19.897287	-0.000535	-5.350493	-1.812796	0.043690
 513	2.5600e-01	19.5075	19.460384	0.001070	10.700986	3.625592	-0.087381
 514	2.5650e-01	19.4642	19.897287	-0.001070	-10.700986	-3.625592	0.087381
 515	2.5700e-01	19.4545	19.606019	0.000713	7.133990	2.417061	-0.058254
 516	2.5750e-01	19.4048	19.496793	0.000268	2.675246	0.906398	-0.021845
 517	2.5800e-01	19.4321	19.678836	0.000446	4.458744	1.510663	0.036409
 518	2.5850e-01	19.3069	19.496793	0.000446	4.458744	1.510663	-0.036409
 519	2.5900e-01	19.3005	19.460384	0.000089	0.891749	0.302133	-0.007282
 520	2.5950e-01	19.2524	19.278342	0.000446	4.458744	1.510663	-0.036409
 521	2.6000e-01	19.2011	19.606019	-0.000803	-8.025739	-2.719194	0.065535
 522	2.6050e-01	19.1946	19.314750	0.000713	7.133990	2.417061	-0.058254
 523	2.6100e-01	19.1273	19.351159	-0.000089	-0.891749	-0.302133	0.007282
 524	2.6150e-01	19.0968	19.278342	0.000178	1.783498	0.604265	-0.014563
 525	2.6200e-01	19.0551	19.059890	0.000535	5.350493	1.812796	-0.043690
 526	2.6250e-01	19.0374	19.096299	-0.000089	-0.891749	-0.302133	0.007282
 527	2.6300e-01	18.9540	19.205524	-0.000268	-2.675246	-0.906398	0.021845
 528	2.6350e-01	18.9364	19.169116	0.000089	0.891749	0.302133	-0.007282
 529	2.6400e-01	18.9011	19.132707	0.000089	0.891749	0.302133	-0.007282
 530	2.6450e-01	18.8160	19.059890	0.000178	1.783498	0.604265	-0.014563
 531	2.6500e-01	18.7984	18.586579	0.001159	11.592735	3.927725	-0.094662
 532	2.6550e-01	18.7824	18.695804	-0.000268	-2.675246	-0.906398	0.021845
 533	2.6600e-01	18.7471	18.513761	0.000446	4.458744	1.510663	-0.036409
 534	2.6650e-01	18.6957	18.805030	-0.000713	-7.133990	-2.417061	0.058254
 535	2.6700e-01	18.6733	18.695804	0.000268	2.675246	0.906398	-0.021845
 536	2.6750e-01	18.6091	18.404536	0.000713	7.133990	2.417061	-0.058254
 537	2.6800e-01	18.5594	18.622987	-0.000535	-5.350493	-1.812796	0.043690
 538	2.6850e-01	18.5385	18.258901	0.000892	8.917488	3.021327	-0.072817
 539	2.6900e-01	18.4808	18.586579	-0.000803	-8.025739	-2.719194	0.065535
 540	2.6950e-01	18.4503	18.258901	0.000803	8.025739	2.719194	-0.065535
 541	2.7000e-01	18.4278	18.186084	0.000178	1.783498	0.604265	-0.014563
 542	2.7050e-01	18.3653	18.040450	0.000357	3.566995	1.208531	-0.029127
 543	2.7100e-01	18.3171	18.040450	-0.000000	-0.000000	-0.000000	0.000000
 544	2.7150e-01	18.2963	18.258901	-0.000535	-5.350493	-1.812796	0.043690
 545	2.7200e-01	18.2514	17.858407	0.000981	9.809237	3.323459	-0.080099
 546	2.7250e-01	18.2145	17.931224	-0.000178	-1.783498	-0.604265	0.014563
 547	2.7300e-01	18.1952	17.894816	0.000089	0.891749	0.302133	-0.007282
 548	2.7350e-01	18.1407	17.894816	-0.000000	-0.000000	-0.000000	0.000000
 549	2.7400e-01	18.0781	18.040450	-0.000357	-3.566995	-1.208531	0.029127
 550	2.7450e-01	18.0380	17.858407	0.000446	4.458744	1.510663	-0.036409
 551	2.7500e-01	18.0107	17.385096	0.001159	11.592735	3.927725	-0.094662
 552	2.7550e-01	17.9851	17.567138	-0.000446	-4.458744	-1.510663	0.036409
 553	2.7600e-01	17.9273	17.712773	-0.000357	-3.566995	-1.208531	0.029127
 554	2.7650e-01	17.8695	17.530730	0.000446	4.458744	1.510663	-0.036409
 555	2.7700e-01	17.8343	17.494321	0.000089	0.891749	0.302133	-0.007282
 556	2.7750e-01	17.8134	17.203053	0.000713	7.133990	2.417061	-0.058254
 557	2.7800e-01	17.7573	17.676364	-0.001159	-11.592735	-3.927725	0.094662
 558	2.7850e-01	17.7508	17.057418	0.001516	15.159730	5.136255	-0.123789
 559	2.7900e-01	17.6931	17.312278	-0.000624	-6.242242	-2.114929	0.050972
 560	2.7950e-01	17.6835	17.239461	0.000178	1.783498	0.604265	-0.014563
 561	2.8000e-01	17.6113	17.057418	0.000446	4.458744	1.510663	-0.036409
 562	2.8050e-01	17.5872	17.130235	-0.000178	-1.783498	-0.604265	0.014563
 563	2.8100e-01	17.5343	17.203053	-0.000178	-1.783498	-0.604265	0.014563
 564	2.8150e-01	17.4893	17.166644	0.000089	0.891749	0.302133	-0.007282
 565	2.8200e-01	17.4765	17.203053	-0.000089	-0.891749	-0.302133	0.007282
 566	2.8250e-01	17.4091	16.438472	0.001873	18.726725	6.344786	-0.152916
 567	2.8300e-01	17.3803	16.838967	-0.000981	-9.809237	-3.323459	0.080099
 568	2.8350e-01	17.3241	16.656924	0.000446	4.458744	1.510663	-0.036409
 569	2.8400e-01	17.3129	16.584107	0.000178	1.783498	0.604265	-0.014563
 570	2.8450e-01	17.2471	16.547698	0.000089	0.891749	0.302133	-0.007282
 571	2.8500e-01	17.2279	16.220021	0.000803	8.025739	2.719194	-0.065535
 572	2.8550e-01	17.1525	16.547698	-0.000803	-8.025739	-2.719194	0.065535
 573	2.8600e-01	17.1509	16.292838	0.000624	6.242242	2.114929	-0.050972
 574	2.8650e-01	17.0899	16.292838	-0.000000	-0.000000	-0.000000	0.000000
 575	2.8700e-01	17.0530	16.037978	0.000624	6.242242	2.114929	-0.050972
 576	2.8750e-01	17.0033	16.474881	-0.001070	-10.700986	-3.625592	0.087381
 577	2.8800e-01	16.9696	16.147204	0.000803	8.025739	2.719194	-0.065535
 578	2.8850e-01	16.9487	16.329247	-0.000446	-4.458744	-1.510663	0.036409
 579	2.8900e-01	16.9054	16.074387	0.000624	6.242242	2.114929	-0.050972
 580	2.8950e-01	16.8637	15.928752	0.000357	3.566995	1.208531	-0.029127
 581	2.9000e-01	16.8220	15.855935	0.000178	1.783498	0.604265	-0.014563
 582	2.9050e-01	16.7739	15.746710	0.000268	2.675246	0.906398	-0.021845
 583	2.9100e-01	16.7145	15.855935	-0.000268	-2.675246	-0.906398	0.021845
 584	2.9150e-01	16.6840	15.564667	0.000713	7.133990	2.417061	-0.058254
 585	2.9200e-01	16.6888	15.819527	0.000624	6.242242	2.114929	0.050972
 586	2.9250e-01	16.5974	15.309807	0.001248	12.484483	4.229857	-0.101944
 587	2.9300e-01	16.5493	15.637484	-0.000803	-8.025739	-2.719194	0.065535
 588	2.9350e-01	16.5428	15.746710	-0.000268	-2.675246	-0.906398	0.021845
 589	2.9400e-01	16.4931	15.455441	0.000713	7.133990	2.417061	-0.058254
 590	2.9450e-01	16.4370	15.127764	0.000803	8.025739	2.719194	-0.065535
 591	2.9500e-01	16.3921	15.382624	-0.000624	-6.242242	-2.114929	0.050972
 592	2.9550e-01	16.3776	14.982129	0.000981	9.809237	3.323459	-0.080099
 593	2.9600e-01	16.3519	15.273398	-0.000713	-7.133990	-2.417061	0.058254
 594	2.9650e-01	16.2974	15.091355	0.000446	4.458744	1.510663	-0.036409
 595	2.9700e-01	16.2701	14.945721	0.000357	3.566995	1.208531	-0.029127
 596	2.9750e-01	16.2236	15.346215	-0.000981	-9.809237	-3.323459	0.080099
 597	2.9800e-01	16.1915	14.800087	0.001338	13.376232	4.531990	-0.109226
 598	2.9850e-01	16.1578	14.581635	0.000535	5.350493	1.812796	-0.043690
 599	2.9900e-01	16.0889	14.763678	-0.000446	-4.458744	-1.510663	0.036409
 600	2.9950e-01	16.0632	14.654452	0.000268	2.675246	0.906398	-0.021845
 601	3.0000e-01	15.9942	14.982129	-0.000803	-8.025739	-2.719194	0.065535
 602	3.0050e-01	15.9637	14.508818	0.001159	11.592735	3.927725	-0.094662
 603	3.0100e-01	15.9461	14.618044	-0.000268	-2.675246	-0.906398	0.021845
 604	3.0150e-01	15.8867	14.654452	-0.000089	-0.891749	-0.302133	0.007282
 605	3.0200e-01	15.8322	14.217549	0.001070	10.700986	3.625592	-0.087381
 606	3.0250e-01	15.8193	14.727269	-0.001248	-12.484483	-4.229857	0.101944
 607	3.0300e-01	15.7471	13.999098	0.001783	17.834976	6.042654	-0.145634
 608	3.0350e-01	15.7167	14.472409	-0.001159	-11.592735	-3.927725	0.094662
 609	3.0400e-01	15.6782	14.363184	0.000268	2.675246	0.906398	-0.021845
 610	3.0450e-01	15.6156	14.253958	0.000268	2.675246	0.906398	-0.021845
 611	3.0500e-01	15.6284	14.181141	-0.000178	-1.783498	-0.604265	-0.014563
 612	3.0550e-01	15.6076	13.999098	0.000446	4.458744	1.510663	-0.036409
 613	3.0600e-01	15.5210	14.326775	-0.000803	-8.025739	-2.719194	0.065535
 614	3.0650e-01	15.4969	13.817055	0.001248	12.484483	4.229857	-0.101944
 615	3.0700e-01	15.4552	13.744238	0.000178	1.783498	0.604265	-0.014563
 616	3.0750e-01	15.4215	13.817055	-0.000178	-1.783498	-0.604265	0.014563
 617	3.0800e-01	15.3910	13.962689	-0.000357	-3.566995	-1.208531	0.029127
 618	3.0850e-01	15.3172	13.562195	0.000981	9.809237	3.323459	-0.080099
 619	3.0900e-01	15.3268	13.598603	0.000089	0.891749	0.302133	0.007282
 620	3.0950e-01	15.2691	13.234518	0.000892	8.917488	3.021327	-0.072817
 621	3.1000e-01	15.2226	13.452969	-0.000535	-5.350493	-1.812796	0.043690
 622	3.1050e-01	15.1680	13.270926	0.000446	4.458744	1.510663	-0.036409
 623	3.1100e-01	15.1039	13.161701	0.000268	2.675246	0.906398	-0.021845
 624	3.1150e-01	15.0798	13.452969	-0.000713	-7.133990	-2.417061	0.058254
 625	3.1200e-01	15.0702	13.452969	-0.000000	-0.000000	-0.000000	0.000000
 626	3.1250e-01	15.0333	13.125292	0.000803	8.025739	2.719194	-0.065535
 627	3.1300e-01	14.9723	12.797615	0.000803	8.025739	2.719194	-0.065535
 628	3.1350e-01	14.9659	13.343743	-0.001338	-13.376232	-4.531990	0.109226
 629	3.1400e-01	14.8985	12.943249	0.000981	9.809237	3.323459	-0.080099
 630	3.1450e-01	14.8873	13.052475	-0.000268	-2.675246	-0.906398	0.021845
 631	3.1500e-01	14.8247	12.943249	0.000268	2.675246	0.906398	-0.021845
 632	3.1550e-01	14.7910	12.542755	0.000981	9.809237	3.323459	-0.080099
 633	3.1600e-01	14.7124	12.688389	-0.000357	-3.566995	-1.208531	0.029127
 634	3.1650e-01	14.7317	12.324303	-0.000892	-8.917488	-3.021327	-0.072817
 635	3.1700e-01	14.6900	12.688389	-0.000892	-8.917488	-3.021327	0.072817
 636	3.1750e-01	14.6097	12.761206	-0.000178	-1.783498	-0.604265	0.014563
 637	3.1800e-01	14.5712	12.397120	0.000892	8.917488	3.021327	-0.072817
 638	3.1850e-01	14.5648	12.579163	-0.000446	-4.458744	-1.510663	0.036409
 639	3.1900e-01	14.5007	12.142260	0.001070	10.700986	3.625592	-0.087381
 640	3.1950e-01	14.4525	12.287895	-0.000357	-3.566995	-1.208531	0.029127
 641	3.2000e-01	14.4253	12.142260	0.000357	3.566995	1.208531	-0.029127
 642	3.2050e-01	14.3884	12.105852	0.000089	0.891749	0.302133	-0.007282
 643	3.2100e-01	14.3450	11.923809	0.000446	4.458744	1.510663	-0.036409
 644	3.2150e-01	14.3049	11.778175	0.000357	3.566995	1.208531	-0.029127
 645	3.2200e-01	14.2584	11.923809	-0.000357	-3.566995	-1.208531	0.029127
 646	3.2250e-01	14.2311	11.887400	0.000089	0.891749	0.302133	-0.007282
 647	3.2300e-01	14.1670	11.523315	0.000892	8.917488	3.021327	-0.072817
 648	3.2350e-01	14.1429	11.596132	-0.000178	-1.783498	-0.604265	0.014563
 649	3.2400e-01	14.0884	11.887400	-0.000713	-7.133990	-2.417061	0.058254
 650	3.2450e-01	14.0435	11.450497	0.001070	10.700986	3.625592	-0.087381
 651	3.2500e-01	14.0033	11.559723	-0.000268	-2.675246	-0.906398	0.021845
 652	3.2550e-01	13.9632	11.377680	0.000446	4.458744	1.510663	-0.036409
 653	3.2600e-01	13.9199	11.523315	-0.000357	-3.566995	-1.208531	0.029127
 654	3.2650e-01	13.8927	11.341272	0.000446	4.458744	1.510663	-0.036409
 655	3.2700e-01	13.8558	11.232046	0.000268	2.675246	0.906398	-0.021845
 656	3.2750e-01	13.8124	11.232046	-0.000000	-0.000000	-0.000000	0.000000
 657	3.2800e-01	13.7643	11.159229	0.000178	1.783498	0.604265	-0.014563
 658	3.2850e-01	13.7386	10.977186	0.000446	4.458744	1.510663	-0.036409
 659	3.2900e-01	13.6985	10.795143	0.000446	4.458744	1.510663	-0.036409
 660	3.2950e-01	13.6488	10.831552	-0.000089	-0.891749	-0.302133	0.007282
 661	3.3000e-01	13.5991	10.867960	-0.000089	-0.891749	-0.302133	0.007282
 662	3.3050e-01	13.5734	10.613100	0.000624	6.242242	2.114929	-0.050972
 663	3.3100e-01	13.5349	10.649509	-0.000089	-0.891749	-0.302133	0.007282
 664	3.3150e-01	13.4788	10.503874	0.000357	3.566995	1.208531	-0.029127
 665	3.3200e-01	13.4595	10.649509	-0.000357	-3.566995	-1.208531	0.029127
 666	3.3250e-01	13.4290	10.685917	-0.000089	-0.891749	-0.302133	0.007282
 667	3.3300e-01	13.3825	10.722326	-0.000089	-0.891749	-0.302133	0.007282
 668	3.3350e-01	13.3504	10.321832	0.000981	9.809237	3.323459	-0.080099
 669	3.3400e-01	13.3215	10.431057	-0.000268	-2.675246	-0.906398	0.021845
 670	3.3450e-01	13.2702	10.139789	0.000713	7.133990	2.417061	-0.058254
 671	3.3500e-01	13.2044	10.503874	-0.000892	-8.917488	-3.021327	0.072817
 672	3.3550e-01	13.1724	10.176197	0.000803	8.025739	2.719194	-0.065535
 673	3.3600e-01	13.1403	10.321832	-0.000357	-3.566995	-1.208531	0.029127
 674	3.3650e-01	13.1002	9.557251	0.001873	18.726725	6.344786	-0.152916
 675	3.3700e-01	13.0825	10.030563	-0.001159	-11.592735	-3.927725	0.094662
 676	3.3750e-01	13.0135	10.030563	-0.000000	-0.000000	-0.000000	0.000000
 677	3.3800e-01	12.9734	9.848520	0.000446	4.458744	1.510663	-0.036409
 678	3.3850e-01	12.9269	9.593660	0.000624	6.242242	2.114929	-0.050972
 679	3.3900e-01	12.9285	9.411617	-0.000446	-4.458744	-1.510663	-0.036409
 680	3.3950e-01	12.8194	9.557251	-0.000357	-3.566995	-1.208531	0.029127
 681	3.4000e-01	12.8483	9.593660	0.000089	0.891749	0.302133	0.007282
 682	3.4050e-01	12.7713	9.848520	-0.000624	-6.242242	-2.114929	0.050972
 683	3.4100e-01	12.7312	9.739294	0.000268	2.675246	0.906398	-0.021845
 684	3.4150e-01	12.7087	9.484434	0.000624	6.242242	2.114929	-0.050972
 685	3.4200e-01	12.6558	9.265983	0.000535	5.350493	1.812796	-0.043690
 686	3.4250e-01	12.5884	9.083940	0.000446	4.458744	1.510663	-0.036409
 687	3.4300e-01	12.5900	8.792671	-0.000713	-7.133990	-2.417061	-0.058254
 688	3.4350e-01	12.5210	8.865488	-0.000178	-1.783498	-0.604265	0.014563
 689	3.4400e-01	12.4873	8.865488	-0.000000	-0.000000	-0.000000	0.000000
 690	3.4450e-01	12.4248	9.083940	-0.000535	-5.350493	-1.812796	0.043690
 691	3.4500e-01	12.4136	8.865488	0.000535	5.350493	1.812796	-0.043690
 692	3.4550e-01	12.3783	8.610628	0.000624	6.242242	2.114929	-0.050972
 693	3.4600e-01	12.3205	8.792671	-0.000446	-4.458744	-1.510663	0.036409
 694	3.4650e-01	12.3077	8.610628	0.000446	4.458744	1.510663	-0.036409
 695	3.4700e-01	12.2756	8.282951	0.000803	8.025739	2.719194	-0.065535
 696	3.4750e-01	12.2355	8.719854	-0.001070	-10.700986	-3.625592	0.087381
 697	3.4800e-01	12.1681	8.173726	0.001338	13.376232	4.531990	-0.109226
 698	3.4850e-01	12.1440	8.647037	-0.001159	-11.592735	-3.927725	0.094662
 699	3.4900e-01	12.1055	8.246543	0.000981	9.809237	3.323459	-0.080099
 700	3.4950e-01	12.0686	8.282951	-0.000089	-0.891749	-0.302133	0.007282
 701	3.5000e-01	12.0189	8.173726	0.000268	2.675246	0.906398	-0.021845
 702	3.5050e-01	11.9644	8.137317	0.000089	0.891749	0.302133	-0.007282
 703	3.5100e-01	11.9531	8.173726	-0.000089	-0.891749	-0.302133	0.007282
 704	3.5150e-01	11.9098	7.700414	0.001159	11.592735	3.927725	-0.094662
 705	3.5200e-01	11.8457	7.882457	-0.000446	-4.458744	-1.510663	0.036409
 706	3.5250e-01	11.7991	7.591188	0.000713	7.133990	2.417061	-0.058254
 707	3.5300e-01	11.7703	7.445554	0.000357	3.566995	1.208531	-0.029127
 708	3.5350e-01	11.7269	7.991683	-0.001338	-13.376232	-4.531990	0.109226
 709	3.5400e-01	11.6997	7.518371	0.001159	11.592735	3.927725	-0.094662
 710	3.5450e-01	11.6515	7.190694	0.000803	8.025739	2.719194	-0.065535
 711	3.5500e-01	11.6227	7.299920	-0.000268	-2.675246	-0.906398	0.021845
 712	3.5550e-01	11.5521	7.481963	-0.000446	-4.458744	-1.510663	0.036409
 713	3.5600e-01	11.5264	7.481963	-0.000000	-0.000000	-0.000000	0.000000
 714	3.5650e-01	11.4959	7.190694	0.000713	7.133990	2.417061	-0.058254
 715	3.5700e-01	11.4542	6.790200	0.000981	9.809237	3.323459	-0.080099
 716	3.5750e-01	11.4253	7.081468	-0.000713	-7.133990	-2.417061	0.058254
 717	3.5800e-01	11.3564	6.826608	0.000624	6.242242	2.114929	-0.050972
 718	3.5850e-01	11.3323	6.863017	-0.000089	-0.891749	-0.302133	0.007282
 719	3.5900e-01	11.2890	6.680974	0.000446	4.458744	1.510663	-0.036409
 720	3.5950e-01	11.2553	6.498931	0.000446	4.458744	1.510663	-0.036409
 721	3.6000e-01	11.2280	6.935834	-0.001070	-10.700986	-3.625592	0.087381
 722	3.6050e-01	11.1975	6.644565	0.000713	7.133990	2.417061	-0.058254
 723	3.6100e-01	11.1478	6.826608	-0.000446	-4.458744	-1.510663	0.036409
 724	3.6150e-01	11.1029	6.426114	0.000981	9.809237	3.323459	-0.080099
 725	3.6200e-01	11.0708	6.389705	0.000089	0.891749	0.302133	-0.007282
 726	3.6250e-01	11.0115	6.098437	0.000713	7.133990	2.417061	-0.058254
 727	3.6300e-01	10.9681	6.535340	-0.001070	-10.700986	-3.625592	0.087381
 728	3.6350e-01	10.9232	5.916394	0.001516	15.159730	5.136255	-0.123789
 729	3.6400e-01	10.9040	6.280480	-0.000892	-8.917488	-3.021327	0.072817
 730	3.6450e-01	10.8494	6.244071	0.000089	0.891749	0.302133	-0.007282
 731	3.6500e-01	10.8061	6.062028	0.000446	4.458744	1.510663	-0.036409
 732	3.6550e-01	10.7788	6.353297	-0.000713	-7.133990	-2.417061	0.058254
 733	3.6600e-01	10.7243	5.734351	0.001516	15.159730	5.136255	-0.123789
 734	3.6650e-01	10.7066	5.989211	-0.000624	-6.242242	-2.114929	0.050972
 735	3.6700e-01	10.6377	5.697942	0.000713	7.133990	2.417061	-0.058254
 736	3.6750e-01	10.6008	5.625125	0.000178	1.783498	0.604265	-0.014563
 737	3.6800e-01	10.5863	5.661534	-0.000089	-0.891749	-0.302133	0.007282
 738	3.6850e-01	10.5125	5.224631	0.001070	10.700986	3.625592	-0.087381
 739	3.6900e-01	10.4917	5.370265	-0.000357	-3.566995	-1.208531	0.029127
 740	3.6950e-01	10.4452	5.661534	-0.000713	-7.133990	-2.417061	0.058254
 741	3.7000e-01	10.4163	5.188222	0.001159	11.592735	3.927725	-0.094662
 742	3.7050e-01	10.3537	5.406674	-0.000535	-5.350493	-1.812796	0.043690
 743	3.7100e-01	10.3216	5.333857	0.000178	1.783498	0.604265	-0.014563
 744	3.7150e-01	10.3072	5.078996	0.000624	6.242242	2.114929	-0.050972
 745	3.7200e-01	10.2494	5.188222	-0.000268	-2.675246	-0.906398	0.021845
 746	3.7250e-01	10.1949	4.642094	0.001338	13.376232	4.531990	-0.109226
 747	3.7300e-01	10.1821	5.188222	-0.001338	-13.376232	-4.531990	0.109226
 748	3.7350e-01	10.1243	4.751319	0.001070	10.700986	3.625592	-0.087381
 749	3.7400e-01	10.0762	4.278008	0.001159	11.592735	3.927725	-0.094662
 750	3.7450e-01	10.0650	4.933362	-0.001605	-16.051479	-5.438388	0.131071
 751	3.7500e-01	10.0152	4.714911	0.000535	5.350493	1.812796	-0.043690
 752	3.7550e-01	9.9912	4.205191	0.001248	12.484483	4.229857	-0.101944
 753	3.7600e-01	9.9334	4.423642	-0.000535	-5.350493	-1.812796	0.043690
 754	3.7650e-01	9.8933	4.314416	0.000268	2.675246	0.906398	-0.021845
 755	3.7700e-01	9.8548	4.132373	0.000446	4.458744	1.510663	-0.036409
 756	3.7750e-01	9.8179	3.768288	0.000892	8.917488	3.021327	-0.072817
 757	3.7800e-01	9.7826	4.387234	-0.001516	-15.159730	-5.136255	0.123789
 758	3.7850e-01	9.7585	4.023148	0.000892	8.917488	3.021327	-0.072817
 759	3.7900e-01	9.7008	3.913922	0.000268	2.675246	0.906398	-0.021845
 760	3.7950e-01	9.6607	3.804696	0.000268	2.675246	0.906398	-0.021845
 761	3.8000e-01	9.6158	4.059556	-0.000624	-6.242242	-2.114929	0.050972
 762	3.8050e-01	9.5949	3.622653	0.001070	10.700986	3.625592	-0.087381
 763	3.8100e-01	9.5259	3.877513	-0.000624	-6.242242	-2.114929	0.050972
 764	3.8150e-01	9.5035	3.731879	0.000357	3.566995	1.208531	-0.029127
 765	3.8200e-01	9.4682	3.549836	0.000446	4.458744	1.510663	-0.036409
 766	3.8250e-01	9.4185	3.622653	-0.000178	-1.783498	-0.604265	0.014563
 767	3.8300e-01	9.3799	3.185750	0.001070	10.700986	3.625592	-0.087381
 768	3.8350e-01	9.3575	3.477019	-0.000713	-7.133990	-2.417061	0.058254
 769	3.8400e-01	9.2949	3.185750	0.000713	7.133990	2.417061	-0.058254
 770	3.8450e-01	9.2388	3.149342	0.000089	0.891749	0.302133	-0.007282
 771	3.8500e-01	9.2275	2.748848	0.000981	9.809237	3.323459	-0.080099
 772	3.8550e-01	9.1794	3.149342	-0.000981	-9.809237	-3.323459	0.080099
 773	3.8600e-01	9.1361	2.748848	0.000981	9.809237	3.323459	-0.080099
 774	3.8650e-01	9.0767	2.748848	-0.000000	-0.000000	-0.000000	0.000000
 775	3.8700e-01	9.0559	3.258568	-0.001248	-12.484483	-4.229857	0.101944
 776	3.8750e-01	9.0447	2.530396	0.001783	17.834976	6.042654	-0.145634
 777	3.8800e-01	8.9645	2.821665	-0.000713	-7.133990	-2.417061	0.058254
 778	3.8850e-01	8.9227	2.020676	0.001962	19.618474	6.646919	-0.160198
 779	3.8900e-01	8.8826	2.457579	-0.001070	-10.700986	-3.625592	0.087381
 780	3.8950e-01	8.8746	2.311945	0.000357	3.566995	1.208531	-0.029127
 781	3.9000e-01	8.8489	2.275536	0.000089	0.891749	0.302133	-0.007282
 782	3.9050e-01	8.7832	2.311945	-0.000089	-0.891749	-0.302133	0.007282
 783	3.9100e-01	8.7399	2.239127	0.000178	1.783498	0.604265	-0.014563
 784	3.9150e-01	8.6901	2.384762	-0.000357	-3.566995	-1.208531	0.029127
 785	3.9200e-01	8.6693	2.166310	0.000535	5.350493	1.812796	-0.043690
 786	3.9250e-01	8.6147	1.802225	0.000892	8.917488	3.021327	-0.072817
 787	3.9300e-01	8.5698	1.656590	0.000357	3.566995	1.208531	-0.029127
 788	3.9350e-01	8.5201	1.911450	-0.000624	-6.242242	-2.114929	0.050972
 789	3.9400e-01	8.5024	1.656590	0.000624	6.242242	2.114929	-0.050972
 790	3.9450e-01	8.4671	1.802225	-0.000357	-3.566995	-1.208531	0.029127
 791	3.9500e-01	8.4078	1.510956	0.000713	7.133990	2.417061	-0.058254
 792	3.9550e-01	8.3869	1.219687	0.000713	7.133990	2.417061	-0.058254
 793	3.9600e-01	8.3484	1.474547	-0.000624	-6.242242	-2.114929	0.050972
 794	3.9650e-01	8.2810	1.146870	0.000803	8.025739	2.719194	-0.065535
 795	3.9700e-01	8.2490	1.401730	-0.000624	-6.242242	-2.114929	0.050972
 796	3.9750e-01	8.2217	1.256096	0.000357	3.566995	1.208531	-0.029127
 797	3.9800e-01	8.1848	1.074053	0.000446	4.458744	1.510663	-0.036409
 798	3.9850e-01	8.1447	0.892010	0.000446	4.458744	1.510663	-0.036409
 799	3.9900e-01	8.0901	0.600742	0.000713	7.133990	2.417061	-0.058254
 800	3.9950e-01	8.0613	0.746376	-0.000357	-3.566995	-1.208531	0.029127
 801	4.0000e-01	8.0164	0.964827	-0.000535	-5.350493	-1.812796	0.043690
 802	4.0050e-01	7.9698	0.600742	0.000892	8.917488	3.021327	-0.072817
 803	4.0100e-01	7.9345	0.709967	-0.000268	-2.675246	-0.906398	0.021845
 804	4.0150e-01	7.8784	0.564333	0.000357	3.566995	1.208531	-0.029127
 805	4.0200e-01	7.8591	0.527924	0.000089	0.891749	0.302133	-0.007282
 806	4.0250e-01	7.8351	0.200247	0.000803	8.025739	2.719194	-0.065535
 807	4.0300e-01	7.7837	0.163839	0.000089	0.891749	0.302133	-0.007282
 808	4.0350e-01	7.7051	-0.018204	0.000446	4.458744	1.510663	-0.036409
 809	4.0400e-01	7.6875	-0.018204	-0.000000	-0.000000	-0.000000	0.000000
 810	4.0450e-01	7.6570	0.091021	-0.000268	-2.675246	-0.906398	0.021845
 811	4.0500e-01	7.6345	-0.309473	0.000981	9.809237	3.323459	-0.080099
 812	4.0550e-01	7.5640	-0.127430	-0.000446	-4.458744	-1.510663	0.036409
 813	4.0600e-01	7.5415	-0.091021	-0.000089	-0.891749	-0.302133	0.007282
 814	4.0650e-01	7.4886	-0.273064	0.000446	4.458744	1.510663	-0.036409
 815	4.0700e-01	7.4485	-0.273064	-0.000000	-0.000000	-0.000000	0.000000
 816	4.0750e-01	7.4244	-0.637150	0.000892	8.917488	3.021327	-0.072817
 817	4.0800e-01	7.3506	-0.345881	-0.000713	-7.133990	-2.417061	0.058254
 818	4.0850e-01	7.3378	-0.746376	0.000981	9.809237	3.323459	-0.080099
 819	4.0900e-01	7.2993	-0.928419	0.000446	4.458744	1.510663	-0.036409
 820	4.0950e-01	7.2896	-0.673559	-0.000624	-6.242242	-2.114929	0.050972
 821	4.1000e-01	7.2126	-0.782784	0.000268	2.675246	0.906398	-0.021845
 822	4.1050e-01	7.1918	-0.928419	0.000357	3.566995	1.208531	-0.029127
 823	4.1100e-01	7.1324	-1.146870	0.000535	5.350493	1.812796	-0.043690
 824	4.1150e-01	7.0875	-1.110462	-0.000089	-0.891749	-0.302133	0.007282
 825	4.1200e-01	7.0618	-0.892010	-0.000535	-5.350493	-1.812796	0.043690
 826	4.1250e-01	7.0073	-1.256096	0.000892	8.917488	3.021327	-0.072817
 827	4.1300e-01	6.9800	-1.292504	0.000089	0.891749	0.302133	-0.007282
 828	4.1350e-01	6.9287	-1.547365	0.000624	6.242242	2.114929	-0.050972
 829	4.1400e-01	6.8854	-1.583773	0.000089	0.891749	0.302133	-0.007282
 830	4.1450e-01	6.8517	-1.656590	0.000178	1.783498	0.604265	-0.014563
 831	4.1500e-01	6.8148	-1.656590	-0.000000	-0.000000	-0.000000	0.000000
 832	4.1550e-01	6.7763	-1.802225	0.000357	3.566995	1.208531	-0.029127
 833	4.1600e-01	6.7073	-1.802225	-0.000000	-0.000000	-0.000000	0.000000
 834	4.1650e-01	6.6929	-2.166310	0.000892	8.917488	3.021327	-0.072817
 835	4.1700e-01	6.6608	-1.765816	-0.000981	-9.809237	-3.323459	0.080099
 836	4.1750e-01	6.6239	-2.093493	0.000803	8.025739	2.719194	-0.065535
 837	4.1800e-01	6.5870	-2.311945	0.000535	5.350493	1.812796	-0.043690
 838	4.1850e-01	6.5308	-1.984267	-0.000803	-8.025739	-2.719194	0.065535
 839	4.1900e-01	6.5116	-2.967299	0.002408	24.077218	8.157582	-0.196606
 840	4.1950e-01	6.5020	-2.530396	-0.001070	-10.700986	-3.625592	0.087381
 841	4.2000e-01	6.4025	-2.421170	-0.000268	-2.675246	-0.906398	0.021845
 842	4.2050e-01	6.3913	-2.421170	-0.000000	-0.000000	-0.000000	0.000000
 843	4.2100e-01	6.3287	-2.311945	-0.000268	-2.675246	-0.906398	0.021845
 844	4.2150e-01	6.2966	-3.003708	0.001694	16.943227	5.740521	-0.138353
 845	4.2200e-01	6.2549	-2.821665	-0.000446	-4.458744	-1.510663	0.036409
 846	4.2250e-01	6.2004	-3.112933	0.000713	7.133990	2.417061	-0.058254
 847	4.2300e-01	6.1827	-2.967299	-0.000357	-3.566995	-1.208531	0.029127
 848	4.2350e-01	6.1282	-3.331385	0.000892	8.917488	3.021327	-0.072817
 849	4.2400e-01	6.1105	-3.367793	0.000089	0.891749	0.302133	-0.007282
 850	4.2450e-01	6.0239	-3.040116	-0.000803	-8.025739	-2.719194	0.065535
 851	4.2500e-01	6.0367	-3.294976	-0.000624	-6.242242	-2.114929	-0.050972
 852	4.2550e-01	5.9517	-3.331385	0.000089	0.891749	0.302133	-0.007282
 853	4.2600e-01	5.9533	-3.513428	-0.000446	-4.458744	-1.510663	-0.036409
 854	4.2650e-01	5.9052	-3.695471	0.000446	4.458744	1.510663	-0.036409
 855	4.2700e-01	5.8715	-3.440611	-0.000624	-6.242242	-2.114929	0.050972
 856	4.2750e-01	5.8073	-3.804696	0.000892	8.917488	3.021327	-0.072817
 857	4.2800e-01	5.7672	-3.877513	0.000178	1.783498	0.604265	-0.014563
 858	4.2850e-01	5.7432	-4.023148	0.000357	3.566995	1.208531	-0.029127
 859	4.2900e-01	5.6758	-4.605685	0.001427	14.267981	4.834123	-0.116507
 860	4.2950e-01	5.6710	-4.241599	-0.000892	-8.917488	-3.021327	0.072817
 861	4.3000e-01	5.5891	-4.168782	-0.000178	-1.783498	-0.604265	0.014563
 862	4.3050e-01	5.5635	-4.278008	0.000268	2.675246	0.906398	-0.021845
 863	4.3100e-01	5.5410	-4.496459	0.000535	5.350493	1.812796	-0.043690
 864	4.3150e-01	5.4849	-4.678502	0.000446	4.458744	1.510663	-0.036409
 865	4.3200e-01	5.4624	-4.278008	-0.000981	-9.809237	-3.323459	0.080099
 866	4.3250e-01	5.4063	-4.423642	0.000357	3.566995	1.208531	-0.029127
 867	4.3300e-01	5.3630	-4.678502	0.000624	6.242242	2.114929	-0.050972
 868	4.3350e-01	5.3228	-4.969771	0.000713	7.133990	2.417061	-0.058254
 869	4.3400e-01	5.2876	-4.824136	-0.000357	-3.566995	-1.208531	0.029127
 870	4.3450e-01	5.2779	-4.860545	0.000089	0.891749	0.302133	-0.007282
 871	4.3500e-01	5.2282	-5.333857	0.001159	11.592735	3.927725	-0.094662
 872	4.3550e-01	5.1769	-5.297448	-0.000089	-0.891749	-0.302133	0.007282
 873	4.3600e-01	5.1223	-5.188222	-0.000268	-2.675246	-0.906398	0.021845
 874	4.3650e-01	5.0838	-5.443082	0.000624	6.242242	2.114929	-0.050972
 875	4.3700e-01	5.0517	-5.406674	-0.000089	-0.891749	-0.302133	0.007282
 876	4.3750e-01	5.0036	-5.588717	0.000446	4.458744	1.510663	-0.036409
 877	4.3800e-01	5.0036	-5.625125	0.000089	0.891749	0.302133	-0.007282
 878	4.3850e-01	4.9346	-5.697942	0.000178	1.783498	0.604265	-0.014563
 879	4.3900e-01	4.8977	-5.807168	0.000268	2.675246	0.906398	-0.021845
 880	4.3950e-01	4.8560	-5.989211	0.000446	4.458744	1.510663	-0.036409
 881	4.4000e-01	4.8319	-5.952802	-0.000089	-0.891749	-0.302133	0.007282
 882	4.4050e-01	4.7614	-5.807168	-0.000357	-3.566995	-1.208531	0.029127
 883	4.4100e-01	4.7437	-5.952802	0.000357	3.566995	1.208531	-0.029127
 884	4.4150e-01	4.7020	-6.280480	0.000803	8.025739	2.719194	-0.065535
 885	4.4200e-01	4.6234	-6.353297	0.000178	1.783498	0.604265	-0.014563
 886	4.4250e-01	4.5977	-6.426114	0.000178	1.783498	0.604265	-0.014563
 887	4.4300e-01	4.5624	-6.535340	0.000268	2.675246	0.906398	-0.021845
 888	4.4350e-01	4.5304	-6.826608	0.000713	7.133990	2.417061	-0.058254
 889	4.4400e-01	4.4967	-6.389705	-0.001070	-10.700986	-3.625592	0.087381
 890	4.4450e-01	4.4517	-7.117877	0.001783	17.834976	6.042654	-0.145634
 891	4.4500e-01	4.4004	-6.680974	-0.001070	-10.700986	-3.625592	0.087381
 892	4.4550e-01	4.3796	-6.972242	0.000713	7.133990	2.417061	-0.058254
 893	4.4600e-01	4.3234	-6.863017	-0.000268	-2.675246	-0.906398	0.021845
 894	4.4650e-01	4.3122	-6.826608	-0.000089	-0.891749	-0.302133	0.007282
 895	4.4700e-01	4.2673	-7.336328	0.001248	12.484483	4.229857	-0.101944
 896	4.4750e-01	4.2175	-7.336328	-0.000000	-0.000000	-0.000000	0.000000
 897	4.4800e-01	4.1967	-7.481963	0.000357	3.566995	1.208531	-0.029127
 898	4.4850e-01	4.1437	-7.809640	0.000803	8.025739	2.719194	-0.065535
 899	4.4900e-01	4.0812	-7.773231	-0.000089	-0.891749	-0.302133	0.007282
 900	4.4950e-01	4.0828	-7.627597	0.000357	3.566995	1.208531	0.029127
 901	4.5000e-01	4.0042	-8.100908	0.001159	11.592735	3.927725	-0.094662
 902	4.5050e-01	3.9881	-7.664005	-0.001070	-10.700986	-3.625592	0.087381
 903	4.5100e-01	3.9400	-8.028091	0.000892	8.917488	3.021327	-0.072817
 904	4.5150e-01	3.8967	-7.991683	-0.000089	-0.891749	-0.302133	0.007282
 905	4.5200e-01	3.8758	-8.282951	0.000713	7.133990	2.417061	-0.058254
 906	4.5250e-01	3.8197	-8.246543	-0.000089	-0.891749	-0.302133	0.007282
 907	4.5300e-01	3.7860	-8.137317	-0.000268	-2.675246	-0.906398	0.021845
 908	4.5350e-01	3.7347	-8.428586	0.000713	7.133990	2.417061	-0.058254
 909	4.5400e-01	3.7026	-8.100908	-0.000803	-8.025739	-2.719194	0.065535
 910	4.5450e-01	3.6512	-8.355768	0.000624	6.242242	2.114929	-0.050972
 911	4.5500e-01	3.6095	-9.083940	0.001783	17.834976	6.042654	-0.145634
 912	4.5550e-01	3.5614	-8.829080	-0.000624	-6.242242	-2.114929	0.050972
 913	4.5600e-01	3.5261	-8.756263	-0.000178	-1.783498	-0.604265	0.014563
 914	4.5650e-01	3.5069	-8.792671	0.000089	0.891749	0.302133	-0.007282
 915	4.5700e-01	3.4443	-8.829080	0.000089	0.891749	0.302133	-0.007282
 916	4.5750e-01	3.4090	-9.229574	0.000981	9.809237	3.323459	-0.080099
 917	4.5800e-01	3.3737	-9.338800	0.000268	2.675246	0.906398	-0.021845
 918	4.5850e-01	3.3464	-9.229574	-0.000268	-2.675246	-0.906398	0.021845
 919	4.5900e-01	3.2855	-9.375209	0.000357	3.566995	1.208531	-0.029127
 920	4.5950e-01	3.2550	-9.411617	0.000089	0.891749	0.302133	-0.007282
 921	4.6000e-01	3.2389	-9.884929	0.001159	11.592735	3.927725	-0.094662
 922	4.6050e-01	3.1459	-9.630069	-0.000624	-6.242242	-2.114929	0.050972
 923	4.6100e-01	3.1395	-9.411617	-0.000535	-5.350493	-1.812796	0.043690
 924	4.6150e-01	3.1106	-9.848520	0.001070	10.700986	3.625592	-0.087381
 925	4.6200e-01	3.0625	-10.030563	0.000446	4.458744	1.510663	-0.036409
 926	4.6250e-01	3.0176	-9.921337	-0.000268	-2.675246	-0.906398	0.021845
 927	4.6300e-01	2.9630	-9.957746	0.000089	0.891749	0.302133	-0.007282
 928	4.6350e-01	2.9341	-10.066972	0.000268	2.675246	0.906398	-0.021845
 929	4.6400e-01	2.8828	-10.212606	0.000357	3.566995	1.208531	-0.029127
 930	4.6450e-01	2.8587	-10.321832	0.000268	2.675246	0.906398	-0.021845
 931	4.6500e-01	2.8331	-10.722326	0.000981	9.809237	3.323459	-0.080099
 932	4.6550e-01	2.7737	-10.358240	-0.000892	-8.917488	-3.021327	0.072817
 933	4.6600e-01	2.7513	-10.358240	-0.000000	-0.000000	-0.000000	0.000000
 934	4.6650e-01	2.7128	-10.795143	0.001070	10.700986	3.625592	-0.087381
 935	4.6700e-01	2.6678	-11.268455	0.001159	11.592735	3.927725	-0.094662
 936	4.6750e-01	2.6165	-10.904369	-0.000892	-8.917488	-3.021327	0.072817
 937	4.6800e-01	2.5668	-11.050003	0.000357	3.566995	1.208531	-0.029127
 938	4.6850e-01	2.5443	-11.122820	0.000178	1.783498	0.604265	-0.014563
 939	4.6900e-01	2.5186	-11.268455	0.000357	3.566995	1.208531	-0.029127
 940	4.6950e-01	2.4336	-11.414089	0.000357	3.566995	1.208531	-0.029127
 941	4.7000e-01	2.3935	-11.668949	0.000624	6.242242	2.114929	-0.050972
 942	4.7050e-01	2.4096	-11.414089	0.000624	6.242242	2.114929	0.050972
 943	4.7100e-01	2.3406	-11.559723	0.000357	3.566995	1.208531	-0.029127
 944	4.7150e-01	2.2668	-11.596132	0.000089	0.891749	0.302133	-0.007282
 945	4.7200e-01	2.2475	-12.215078	0.001516	15.159730	5.136255	-0.123789
 946	4.7250e-01	2.2138	-11.778175	-0.001070	-10.700986	-3.625592	0.087381
 947	4.7300e-01	2.1689	-11.960218	0.000446	4.458744	1.510663	-0.036409
 948	4.7350e-01	2.1320	-12.251486	0.000713	7.133990	2.417061	-0.058254
 949	4.7400e-01	2.1015	-12.215078	-0.000089	-0.891749	-0.302133	0.007282
 950	4.7450e-01	2.0486	-12.506346	0.000713	7.133990	2.417061	-0.058254
 951	4.7500e-01	2.0085	-12.397120	-0.000268	-2.675246	-0.906398	0.021845
 952	4.7550e-01	2.0021	-12.797615	0.000981	9.809237	3.323459	-0.080099
 953	4.7600e-01	1.9138	-12.579163	-0.000535	-5.350493	-1.812796	0.043690
 954	4.7650e-01	1.9155	-12.943249	-0.000892	-8.917488	-3.021327	-0.072817
 955	4.7700e-01	1.8352	-12.615572	-0.000803	-8.025739	-2.719194	0.065535
 956	4.7750e-01	1.8368	-12.943249	-0.000803	-8.025739	-2.719194	-0.065535
 957	4.7800e-01	1.7855	-13.307335	0.000892	8.917488	3.021327	-0.072817
 958	4.7850e-01	1.7278	-13.380152	0.000178	1.783498	0.604265	-0.014563
 959	4.7900e-01	1.7165	-13.343743	-0.000089	-0.891749	-0.302133	0.007282
 960	4.7950e-01	1.6508	-13.380152	0.000089	0.891749	0.302133	-0.007282
 961	4.8000e-01	1.6475	-13.343743	-0.000089	-0.891749	-0.302133	0.007282
 962	4.8050e-01	1.5850	-13.416561	0.000178	1.783498	0.604265	-0.014563
 963	4.8100e-01	1.5240	-14.071915	0.001605	16.051479	5.438388	-0.131071
 964	4.8150e-01	1.5000	-13.635012	-0.001070	-10.700986	-3.625592	0.087381
 965	4.8200e-01	1.4326	-13.926281	0.000713	7.133990	2.417061	-0.058254
 966	4.8250e-01	1.4133	-13.999098	0.000178	1.783498	0.604265	-0.014563
 967	4.8300e-01	1.3909	-14.108324	0.000268	2.675246	0.906398	-0.021845
 968	4.8350e-01	1.3171	-14.363184	0.000624	6.242242	2.114929	-0.050972
 969	4.8400e-01	1.2946	-14.472409	0.000268	2.675246	0.906398	-0.021845
 970	4.8450e-01	1.2593	-14.253958	-0.000535	-5.350493	-1.812796	0.043690
 971	4.8500e-01	1.1968	-14.545226	0.000713	7.133990	2.417061	-0.058254
 972	4.8550e-01	1.1727	-14.545226	-0.000000	-0.000000	-0.000000	0.000000
 973	4.8600e-01	1.1438	-15.018538	0.001159	11.592735	3.927725	-0.094662
 974	4.8650e-01	1.1005	-14.545226	-0.001159	-11.592735	-3.927725	0.094662
 975	4.8700e-01	1.0508	-15.091355	0.001338	13.376232	4.531990	-0.109226
 976	4.8750e-01	1.0395	-14.872904	-0.000535	-5.350493	-1.812796	0.043690
 977	4.8800e-01	0.9481	-14.982129	0.000268	2.675246	0.906398	-0.021845
 978	4.8850e-01	0.9433	-15.309807	0.000803	8.025739	2.719194	-0.065535
 979	4.8900e-01	0.9128	-15.528258	0.000535	5.350493	1.812796	-0.043690
 980	4.8950e-01	0.8438	-15.710301	0.000446	4.458744	1.510663	-0.036409
 981	4.9000e-01	0.8230	-15.236989	-0.001159	-11.592735	-3.927725	0.094662
 982	4.9050e-01	0.7829	-15.819527	0.001427	14.267981	4.834123	-0.116507
 983	4.9100e-01	0.7396	-15.855935	0.000089	0.891749	0.302133	-0.007282
 984	4.9150e-01	0.6401	-16.110795	0.000624	6.242242	2.114929	-0.050972
 985	4.9200e-01	0.6706	-15.783118	0.000803	8.025739	2.719194	0.065535
 986	4.9250e-01	0.6273	-16.220021	0.001070	10.700986	3.625592	-0.087381
 987	4.9300e-01	0.6016	-16.402064	0.000446	4.458744	1.510663	-0.036409
 988	4.9350e-01	0.5631	-16.292838	-0.000268	-2.675246	-0.906398	0.021845
 989	4.9400e-01	0.4829	-16.365655	0.000178	1.783498	0.604265	-0.014563
 990	4.9450e-01	0.4508	-16.365655	-0.000000	-0.000000	-0.000000	0.000000
 991	4.9500e-01	0.3946	-16.802558	0.001070	10.700986	3.625592	-0.087381
 992	4.9550e-01	0.3786	-17.166644	0.000892	8.917488	3.021327	-0.072817
 993	4.9600e-01	0.3369	-17.130235	-0.000089	-0.891749	-0.302133	0.007282
 994	4.9650e-01	0.3048	-17.203053	0.000178	1.783498	0.604265	-0.014563
 995	4.9700e-01	0.2551	-17.239461	0.000089	0.891749	0.302133	-0.007282
 996	4.9750e-01	0.2134	-17.239461	-0.000000	-0.000000	-0.000000	0.000000
 997	4.9800e-01	0.1556	-17.203053	-0.000089	-0.891749	-0.302133	0.007282
 998	4.9850e-01	0.1572	-17.530730	-0.000803	-8.025739	-2.719194	-0.065535
 999	4.9900e-01	0.0914	-17.603547	0.000178	1.783498	0.604265	-0.014563
1000	4.9950e-01	0.0754	-18.149676	0.001338	13.376232	4.531990	-0.109226
1001	5.0000e-01	0.0561	-17.785590	0.001338	13.376232	4.531990	0.072817

PMax (uC/cm2):	4.02e+01
Pr (uC/cm2):	2.40e+00
-Pr (uC/cm2):	0.00e+00
PLoss (uC/cm2):	0.00e+00
C (Max-Eff) (nF):	2.01e-01
K (Eff):	6.80e+02
Vert. (+/-Pr) Shift (uC/cm2):	1.20e+00
Offset (uC/cm2):	2.02e+01

A (Loop Area - uC/cm2·Volts):	2.06e-01



Hysteresis Version: 5.48.1 - Radiant Technologies, Inc., 1999 - 9/12/24

