»»»»»»»»»»»»»»»»»»»»»»»»»»»»»»»»»»»» Hysteresis ««««««««««««««««««««««««««««««««««««
»»»  Executed Version:	5.48.1
»»»  Vision Version:	5.48.4 (R)
»»»  Vision Compiled:	9/18/24
»»»  Driver Version:	5.47.0
»»»  Windows Version:	Windows 8 or 8.1
»»»  Processor Information:	x86 (AMD or Intel) - 32 Processors
»»»  Tester Name:	PMF21124-494 (100V)
»»»  Tester S/N:	PMF21124-494
»»»  Internal Amp Type:	100V RevK 270k
»»»  Internal Amp S/N:	iAB2-596/K     
»»»  Execution Count:	1
»»»»»»»»»»»»»»»»»»»»»»»»»»»»»»»»»»»»»»»»»»««««««««««««««««««««««««««««««««««««««««««

Stored:	10/8/2025 - 20:14:20
Configured:	10/08/25 04:22:59 PM
Executed:	10/08/25 08:14:00 PM

»»»»»»»»»»»»»»»»»»»»»»»»»»»»»»»»»»» Sample Info ««««««««««««««««««««««««««««««««««««
Sample Name:	Int. Ref. Ferroelectric
Lot Name:	N/A
Wafer Name:	N/A
Die Row/Column:	0/0
Capacitor Number:	0
Sample Area (cm2):	1.00e-04
Sample Thickness (microns):	3.00e-01

Amplifier:	Internal

»»»»»»»»»»»»»»»»»»»»»»»»»»»»»»»»»»» Tester Info «««««««««««««««««««««««««««««««««««
Tester Name:	PMF21124-494 (100V)
Tester Serial Number:	PMF21124-494
Return Signal Amp. Level:	0.02 [Index: 2]

»»»»»»»»»»»»»»»»»»»»»»»»»»»»»»»» Hysteresis Info ««««««««««««««««««««««««««««««««««
Task Name:	Hyste-8
Volts:	20.00
Field:	666.67 (kV/cm)
DCBias:	0.00
DCField:	0.00 (kV/cm)
Hysteresis Period (ms):	5.00e-01
Preset:	Enabled
Preset Delay (ms):	1.00e+03
Profile:	Standard Monopolar

»»»»»»»»»»»»»»»»»»»»»»»»»»»»»»»»»»»»»» Data «««««««««««««««««««««««««««««««««««««««
Points:	1001

Valid Data

Point	Time (ms)	Drive Voltage	Measured Polarization (uC/cm2)	Capacitance (uF)	Normalized Capacitance (uF/cm2)	Dielectric Constant	Instantaneous Current (mA)
   1	0.0000e+00	0.0481	-31.893913	0.001272	12.721592	4.310192	0.101944
   2	5.0000e-04	0.0529	-31.384193	0.001272	12.721592	4.310192	0.101944
   3	1.0000e-03	0.1267	-31.274968	0.000273	2.726055	0.923613	0.021845
   4	1.5000e-03	0.1845	-31.092925	0.000454	4.543426	1.539354	0.036409
   5	2.0000e-03	0.2150	-30.801656	0.000727	7.269481	2.462967	0.058254
   6	2.5000e-03	0.2310	-30.947290	-0.000363	-3.634741	-1.231483	-0.029127
   7	3.0000e-03	0.2904	-30.656022	0.000727	7.269481	2.462967	0.058254
   8	3.5000e-03	0.3465	-30.546796	0.000273	2.726055	0.923613	0.021845
   9	4.0000e-03	0.3706	-30.401162	0.000363	3.634741	1.231483	0.029127
  10	4.5000e-03	0.3914	-30.401162	0.000000	0.000000	0.000000	0.000000
  11	5.0000e-03	0.4380	-29.927850	0.001181	11.812907	4.002321	0.094662
  12	5.5000e-03	0.4684	-29.891442	0.000091	0.908685	0.307871	0.007282
  13	6.0000e-03	0.5053	-29.818625	0.000182	1.817370	0.615742	0.014563
  14	6.5000e-03	0.5855	-29.600173	0.000545	5.452111	1.847225	0.043690
  15	7.0000e-03	0.5952	-29.709399	-0.000273	-2.726055	-0.923613	-0.021845
  16	7.5000e-03	0.6609	-29.454539	0.000636	6.360796	2.155096	0.050972
  17	8.0000e-03	0.7010	-28.981227	0.001181	11.812907	4.002321	0.094662
  18	8.5000e-03	0.7251	-29.199679	-0.000545	-5.452111	-1.847225	-0.043690
  19	9.0000e-03	0.7620	-28.325873	0.002181	21.808444	7.388901	0.174761
  20	9.5000e-03	0.7941	-28.617141	-0.000727	-7.269481	-2.462967	-0.058254
  21	1.0000e-02	0.8647	-28.617141	0.000000	0.000000	0.000000	0.000000
  22	1.0500e-02	0.8759	-28.471507	0.000363	3.634741	1.231483	0.029127
  23	1.1000e-02	0.9289	-27.779744	0.001727	17.265018	5.849546	0.138353
  24	1.1500e-02	0.9577	-27.925379	-0.000363	-3.634741	-1.231483	-0.029127
  25	1.2000e-02	1.0042	-28.071013	-0.000363	-3.634741	-1.231483	-0.029127
  26	1.2500e-02	1.0572	-27.634110	0.001090	10.904222	3.694450	0.087381
  27	1.3000e-02	1.0957	-27.743336	-0.000273	-2.726055	-0.923613	-0.021845
  28	1.3500e-02	1.1165	-27.306433	0.001090	10.904222	3.694450	0.087381
  29	1.4000e-02	1.1470	-27.015164	0.000727	7.269481	2.462967	0.058254
  30	1.4500e-02	1.2032	-27.124390	-0.000273	-2.726055	-0.923613	-0.021845
  31	1.5000e-02	1.2449	-27.087981	0.000091	0.908685	0.307871	0.007282
  32	1.5500e-02	1.2786	-26.250584	0.002090	20.899758	7.081030	0.167479
  33	1.6000e-02	1.3171	-26.833121	-0.001454	-14.538962	-4.925934	-0.116507
  34	1.6500e-02	1.3588	-26.396218	0.001090	10.904222	3.694450	0.087381
  35	1.7000e-02	1.3973	-26.141358	0.000636	6.360796	2.155096	0.050972
  36	1.7500e-02	1.4133	-26.104950	0.000091	0.908685	0.307871	0.007282
  37	1.8000e-02	1.4711	-25.813681	0.000727	7.269481	2.462967	0.058254
  38	1.8500e-02	1.5176	-25.704455	0.000273	2.726055	0.923613	0.021845
  39	1.9000e-02	1.5465	-25.522412	0.000454	4.543426	1.539354	0.036409
  40	1.9500e-02	1.5818	-25.486004	0.000091	0.908685	0.307871	0.007282
  41	2.0000e-02	1.6203	-25.486004	0.000000	0.000000	0.000000	0.000000
  42	2.0500e-02	1.6492	-25.340370	0.000363	3.634741	1.231483	0.029127
  43	2.1000e-02	1.7021	-25.012692	0.000818	8.178166	2.770838	0.065535
  44	2.1500e-02	1.7502	-24.721424	0.000727	7.269481	2.462967	0.058254
  45	2.2000e-02	1.7807	-24.284521	0.001090	10.904222	3.694450	0.087381
  46	2.2500e-02	1.8176	-24.612198	-0.000818	-8.178166	-2.770838	-0.065535
  47	2.3000e-02	1.8561	-24.430155	0.000454	4.543426	1.539354	0.036409
  48	2.3500e-02	1.9171	-23.920435	0.001272	12.721592	4.310192	0.101944
  49	2.4000e-02	1.9604	-23.993252	-0.000182	-1.817370	-0.615742	-0.014563
  50	2.4500e-02	2.0005	-24.029661	-0.000091	-0.908685	-0.307871	-0.007282
  51	2.5000e-02	2.0181	-23.629166	0.001000	9.995537	3.386579	0.080099
  52	2.5500e-02	2.0887	-23.337898	0.000727	7.269481	2.462967	0.058254
  53	2.6000e-02	2.1481	-23.337898	0.000000	0.000000	0.000000	0.000000
  54	2.6500e-02	2.1593	-23.374306	-0.000091	-0.908685	-0.307871	-0.007282
  55	2.7000e-02	2.1978	-23.046629	0.000818	8.178166	2.770838	0.065535
  56	2.7500e-02	2.2267	-23.010221	0.000091	0.908685	0.307871	0.007282
  57	2.8000e-02	2.2892	-23.192264	-0.000454	-4.543426	-1.539354	-0.036409
  58	2.8500e-02	2.3245	-22.500501	0.001727	17.265018	5.849546	0.138353
  59	2.9000e-02	2.3582	-22.609726	-0.000273	-2.726055	-0.923613	-0.021845
  60	2.9500e-02	2.3855	-22.464092	0.000363	3.634741	1.231483	0.029127
  61	3.0000e-02	2.4384	-22.172823	0.000727	7.269481	2.462967	0.058254
  62	3.0500e-02	2.4689	-22.136415	0.000091	0.908685	0.307871	0.007282
  63	3.1000e-02	2.5138	-21.626695	0.001272	12.721592	4.310192	0.101944
  64	3.1500e-02	2.5539	-21.954372	-0.000818	-8.178166	-2.770838	-0.065535
  65	3.2000e-02	2.5812	-21.408243	0.001363	13.630277	4.618063	0.109226
  66	3.2500e-02	2.6277	-21.371835	0.000091	0.908685	0.307871	0.007282
  67	3.3000e-02	2.6678	-20.971340	0.001000	9.995537	3.386579	0.080099
  68	3.3500e-02	2.7272	-21.226200	-0.000636	-6.360796	-2.155096	-0.050972
  69	3.4000e-02	2.7625	-20.680072	0.001363	13.630277	4.618063	0.109226
  70	3.4500e-02	2.8186	-21.044157	-0.000909	-9.086851	-3.078709	-0.072817
  71	3.5000e-02	2.8555	-20.789297	0.000636	6.360796	2.155096	0.050972
  72	3.5500e-02	2.8908	-20.716480	0.000182	1.817370	0.615742	0.014563
  73	3.6000e-02	2.9133	-20.498029	0.000545	5.452111	1.847225	0.043690
  74	3.6500e-02	2.9502	-19.951900	0.001363	13.630277	4.618063	0.109226
  75	3.7000e-02	3.0127	-20.315986	-0.000909	-9.086851	-3.078709	-0.072817
  76	3.7500e-02	3.0272	-20.061126	0.000636	6.360796	2.155096	0.050972
  77	3.8000e-02	3.0769	-19.915492	0.000363	3.634741	1.231483	0.029127
  78	3.8500e-02	3.1234	-19.551406	0.000909	9.086851	3.078709	0.072817
  79	3.9000e-02	3.1571	-19.442180	0.000273	2.726055	0.923613	0.021845
  80	3.9500e-02	3.1732	-19.150911	0.000727	7.269481	2.462967	0.058254
  81	4.0000e-02	3.2325	-18.968869	0.000454	4.543426	1.539354	0.036409
  82	4.0500e-02	3.2486	-18.896051	0.000182	1.817370	0.615742	0.014563
  83	4.1000e-02	3.3015	-18.604783	0.000727	7.269481	2.462967	0.058254
  84	4.1500e-02	3.3545	-18.495557	0.000273	2.726055	0.923613	0.021845
  85	4.2000e-02	3.3978	-18.859643	-0.000909	-9.086851	-3.078709	-0.072817
  86	4.2500e-02	3.4250	-18.459149	0.001000	9.995537	3.386579	0.080099
  87	4.3000e-02	3.4619	-18.604783	-0.000363	-3.634741	-1.231483	-0.029127
  88	4.3500e-02	3.5229	-17.876611	0.001817	18.173703	6.157417	0.145634
  89	4.4000e-02	3.5534	-17.548934	0.000818	8.178166	2.770838	0.065535
  90	4.4500e-02	3.5999	-18.095063	-0.001363	-13.630277	-4.618063	-0.109226
  91	4.5000e-02	3.6063	-17.476117	0.001545	15.447648	5.233805	0.123789
  92	4.5500e-02	3.6897	-17.366891	0.000273	2.726055	0.923613	0.021845
  93	4.6000e-02	3.7266	-17.658160	-0.000727	-7.269481	-2.462967	-0.058254
  94	4.6500e-02	3.7651	-16.602311	0.002635	26.351869	8.928255	0.211170
  95	4.7000e-02	3.8117	-17.548934	-0.002363	-23.625814	-8.004642	-0.189325
  96	4.7500e-02	3.8421	-16.820763	0.001817	18.173703	6.157417	0.145634
  97	4.8000e-02	3.8742	-16.966397	-0.000363	-3.634741	-1.231483	-0.029127
  98	4.8500e-02	3.9159	-16.529494	0.001090	10.904222	3.694450	0.087381
  99	4.9000e-02	3.9448	-16.238225	0.000727	7.269481	2.462967	0.058254
 100	4.9500e-02	3.9994	-16.529494	-0.000727	-7.269481	-2.462967	-0.058254
 101	5.0000e-02	4.0539	-16.238225	0.000727	7.269481	2.462967	0.058254
 102	5.0500e-02	4.0892	-15.946957	0.000727	7.269481	2.462967	0.058254
 103	5.1000e-02	4.1133	-15.655688	0.000727	7.269481	2.462967	0.058254
 104	5.1500e-02	4.1485	-15.473645	0.000454	4.543426	1.539354	0.036409
 105	5.2000e-02	4.2015	-15.692097	-0.000545	-5.452111	-1.847225	-0.043690
 106	5.2500e-02	4.2272	-15.473645	0.000545	5.452111	1.847225	0.043690
 107	5.3000e-02	4.2881	-15.510054	-0.000091	-0.908685	-0.307871	-0.007282
 108	5.3500e-02	4.3411	-15.000334	0.001272	12.721592	4.310192	0.101944
 109	5.4000e-02	4.3427	-15.000334	0.000000	0.000000	0.000000	0.000000
 110	5.4500e-02	4.3828	-14.781882	0.000545	5.452111	1.847225	0.043690
 111	5.5000e-02	4.4148	-14.381388	0.001000	9.995537	3.386579	0.080099
 112	5.5500e-02	4.4854	-14.490614	-0.000273	-2.726055	-0.923613	-0.021845
 113	5.6000e-02	4.5207	-14.672657	-0.000454	-4.543426	-1.539354	-0.036409
 114	5.6500e-02	4.5592	-14.235754	0.001090	10.904222	3.694450	0.087381
 115	5.7000e-02	4.5929	-14.308571	-0.000182	-1.817370	-0.615742	-0.014563
 116	5.7500e-02	4.6459	-13.798851	0.001272	12.721592	4.310192	0.101944
 117	5.8000e-02	4.6795	-14.090119	-0.000727	-7.269481	-2.462967	-0.058254
 118	5.8500e-02	4.7148	-13.434765	0.001636	16.356333	5.541676	0.131071
 119	5.9000e-02	4.7646	-13.653216	-0.000545	-5.452111	-1.847225	-0.043690
 120	5.9500e-02	4.8191	-13.107088	0.001363	13.630277	4.618063	0.109226
 121	6.0000e-02	4.8287	-13.107088	0.000000	0.000000	0.000000	0.000000
 122	6.0500e-02	4.8737	-13.034271	0.000182	1.817370	0.615742	0.014563
 123	6.1000e-02	4.9122	-12.925045	0.000273	2.726055	0.923613	0.021845
 124	6.1500e-02	4.9523	-12.925045	0.000000	0.000000	0.000000	0.000000
 125	6.2000e-02	4.9860	-12.378916	0.001363	13.630277	4.618063	0.109226
 126	6.2500e-02	5.0180	-12.378916	0.000000	0.000000	0.000000	0.000000
 127	6.3000e-02	5.0678	-12.196873	0.000454	4.543426	1.539354	0.036409
 128	6.3500e-02	5.1127	-12.415325	-0.000545	-5.452111	-1.847225	-0.043690
 129	6.4000e-02	5.1576	-12.233282	0.000454	4.543426	1.539354	0.036409
 130	6.4500e-02	5.2009	-12.087648	0.000363	3.634741	1.231483	0.029127
 131	6.5000e-02	5.2474	-11.505110	0.001454	14.538962	4.925934	0.116507
 132	6.5500e-02	5.2908	-11.723562	-0.000545	-5.452111	-1.847225	-0.043690
 133	6.6000e-02	5.3261	-11.286659	0.001090	10.904222	3.694450	0.087381
 134	6.6500e-02	5.3421	-11.395885	-0.000273	-2.726055	-0.923613	-0.021845
 135	6.7000e-02	5.3758	-10.776939	0.001545	15.447648	5.233805	0.123789
 136	6.7500e-02	5.4432	-11.068207	-0.000727	-7.269481	-2.462967	-0.058254
 137	6.8000e-02	5.4817	-10.995390	0.000182	1.817370	0.615742	0.014563
 138	6.8500e-02	5.5025	-10.995390	0.000000	0.000000	0.000000	0.000000
 139	6.9000e-02	5.5506	-10.776939	0.000545	5.452111	1.847225	0.043690
 140	6.9500e-02	5.5843	-10.522079	0.000636	6.360796	2.155096	0.050972
 141	7.0000e-02	5.6421	-10.194402	0.000818	8.178166	2.770838	0.065535
 142	7.0500e-02	5.7014	-10.522079	-0.000818	-8.178166	-2.770838	-0.065535
 143	7.1000e-02	5.6966	-9.830316	-0.001727	-17.265018	-5.849546	0.138353
 144	7.1500e-02	5.7592	-10.121584	-0.000727	-7.269481	-2.462967	-0.058254
 145	7.2000e-02	5.7929	-9.539047	0.001454	14.538962	4.925934	0.116507
 146	7.2500e-02	5.8298	-9.830316	-0.000727	-7.269481	-2.462967	-0.058254
 147	7.3000e-02	5.8763	-9.539047	0.000727	7.269481	2.462967	0.058254
 148	7.3500e-02	5.9357	-9.320596	0.000545	5.452111	1.847225	0.043690
 149	7.4000e-02	5.9421	-9.466230	-0.000363	-3.634741	-1.231483	-0.029127
 150	7.4500e-02	5.9934	-9.102144	0.000909	9.086851	3.078709	0.072817
 151	7.5000e-02	6.0399	-9.102144	0.000000	0.000000	0.000000	0.000000
 152	7.5500e-02	6.0913	-8.774467	0.000818	8.178166	2.770838	0.065535
 153	7.6000e-02	6.1218	-8.628833	0.000363	3.634741	1.231483	0.029127
 154	7.6500e-02	6.1474	-8.301156	0.000818	8.178166	2.770838	0.065535
 155	7.7000e-02	6.1939	-8.373973	-0.000182	-1.817370	-0.615742	-0.014563
 156	7.7500e-02	6.2373	-8.264747	0.000273	2.726055	0.923613	0.021845
 157	7.8000e-02	6.2790	-8.301156	-0.000091	-0.908685	-0.307871	-0.007282
 158	7.8500e-02	6.3239	-7.864253	0.001090	10.904222	3.694450	0.087381
 159	7.9000e-02	6.3512	-7.791435	0.000182	1.817370	0.615742	0.014563
 160	7.9500e-02	6.3929	-7.609393	0.000454	4.543426	1.539354	0.036409
 161	8.0000e-02	6.4362	-7.099673	0.001272	12.721592	4.310192	0.101944
 162	8.0500e-02	6.4827	-7.172490	-0.000182	-1.817370	-0.615742	-0.014563
 163	8.1000e-02	6.5100	-7.026855	0.000363	3.634741	1.231483	0.029127
 164	8.1500e-02	6.5389	-6.954038	0.000182	1.817370	0.615742	0.014563
 165	8.2000e-02	6.6110	-7.099673	-0.000363	-3.634741	-1.231483	-0.029127
 166	8.2500e-02	6.6463	-6.626361	0.001181	11.812907	4.002321	0.094662
 167	8.3000e-02	6.6961	-6.662770	-0.000091	-0.908685	-0.307871	-0.007282
 168	8.3500e-02	6.7314	-6.225867	0.001090	10.904222	3.694450	0.087381
 169	8.4000e-02	6.7538	-6.225867	0.000000	0.000000	0.000000	0.000000
 170	8.4500e-02	6.7811	-6.153050	0.000182	1.817370	0.615742	0.014563
 171	8.5000e-02	6.8421	-6.371501	-0.000545	-5.452111	-1.847225	-0.043690
 172	8.5500e-02	6.8629	-5.971007	0.001000	9.995537	3.386579	0.080099
 173	8.6000e-02	6.9062	-5.716147	0.000636	6.360796	2.155096	0.050972
 174	8.6500e-02	6.9560	-5.861781	-0.000363	-3.634741	-1.231483	-0.029127
 175	8.7000e-02	6.9704	-5.898189	-0.000091	-0.908685	-0.307871	-0.007282
 176	8.7500e-02	7.0217	-5.242835	0.001636	16.356333	5.541676	0.131071
 177	8.8000e-02	7.0666	-5.497695	-0.000636	-6.360796	-2.155096	-0.050972
 178	8.8500e-02	7.1116	-5.206427	0.000727	7.269481	2.462967	0.058254
 179	8.9000e-02	7.1645	-4.951566	0.000636	6.360796	2.155096	0.050972
 180	8.9500e-02	7.1966	-5.097201	-0.000363	-3.634741	-1.231483	-0.029127
 181	9.0000e-02	7.2255	-4.987975	0.000273	2.726055	0.923613	0.021845
 182	9.0500e-02	7.2640	-4.696706	0.000727	7.269481	2.462967	0.058254
 183	9.1000e-02	7.2928	-4.660298	0.000091	0.908685	0.307871	0.007282
 184	9.1500e-02	7.3490	-4.150578	0.001272	12.721592	4.310192	0.101944
 185	9.2000e-02	7.3811	-4.259804	-0.000273	-2.726055	-0.923613	-0.021845
 186	9.2500e-02	7.4276	-4.004943	0.000636	6.360796	2.155096	0.050972
 187	9.3000e-02	7.4693	-3.895718	0.000273	2.726055	0.923613	0.021845
 188	9.3500e-02	7.5367	-3.932126	-0.000091	-0.908685	-0.307871	-0.007282
 189	9.4000e-02	7.5591	-3.531632	0.001000	9.995537	3.386579	0.080099
 190	9.4500e-02	7.6025	-3.385998	0.000363	3.634741	1.231483	0.029127
 191	9.5000e-02	7.6361	-3.568041	-0.000454	-4.543426	-1.539354	-0.036409
 192	9.5500e-02	7.6971	-3.094729	0.001181	11.812907	4.002321	0.094662
 193	9.6000e-02	7.7212	-2.985503	0.000273	2.726055	0.923613	0.021845
 194	9.6500e-02	7.7613	-3.203955	-0.000545	-5.452111	-1.847225	-0.043690
 195	9.7000e-02	7.8078	-2.730643	0.001181	11.812907	4.002321	0.094662
 196	9.7500e-02	7.8287	-2.803460	-0.000182	-1.817370	-0.615742	-0.014563
 197	9.8000e-02	7.8992	-2.767052	0.000091	0.908685	0.307871	0.007282
 198	9.8500e-02	7.9458	-2.585009	0.000454	4.543426	1.539354	0.036409
 199	9.9000e-02	7.9233	-2.475783	-0.000273	-2.726055	-0.923613	0.021845
 200	9.9500e-02	7.9682	-2.512192	-0.000091	-0.908685	-0.307871	-0.007282
 201	1.0000e-01	8.0228	-2.257332	0.000636	6.360796	2.155096	0.050972
 202	1.0050e-01	8.0725	-2.038880	0.000545	5.452111	1.847225	0.043690
 203	1.0100e-01	8.1319	-1.711203	0.000818	8.178166	2.770838	0.065535
 204	1.0150e-01	8.1559	-1.784020	-0.000182	-1.817370	-0.615742	-0.014563
 205	1.0200e-01	8.1880	-1.601977	0.000454	4.543426	1.539354	0.036409
 206	1.0250e-01	8.2393	-1.383526	0.000545	5.452111	1.847225	0.043690
 207	1.0300e-01	8.2730	-1.492752	-0.000273	-2.726055	-0.923613	-0.021845
 208	1.0350e-01	8.3035	-0.800989	0.001727	17.265018	5.849546	0.138353
 209	1.0400e-01	8.3613	-1.128666	-0.000818	-8.178166	-2.770838	-0.065535
 210	1.0450e-01	8.3869	-0.800989	0.000818	8.178166	2.770838	0.065535
 211	1.0500e-01	8.4559	-0.509720	0.000727	7.269481	2.462967	0.058254
 212	1.0550e-01	8.4655	-0.910214	-0.001000	-9.995537	-3.386579	-0.080099
 213	1.0600e-01	8.4992	-0.145634	0.001908	19.082388	6.465288	0.152916
 214	1.0650e-01	8.5602	-0.473312	-0.000818	-8.178166	-2.770838	-0.065535
 215	1.0700e-01	8.5794	-0.218451	0.000636	6.360796	2.155096	0.050972
 216	1.0750e-01	8.6324	-0.400494	-0.000454	-4.543426	-1.539354	-0.036409
 217	1.0800e-01	8.6885	0.036409	0.001090	10.904222	3.694450	0.087381
 218	1.0850e-01	8.7206	0.109226	0.000182	1.817370	0.615742	0.014563
 219	1.0900e-01	8.7431	0.291269	0.000454	4.543426	1.539354	0.036409
 220	1.0950e-01	8.7719	0.582537	0.000727	7.269481	2.462967	0.058254
 221	1.1000e-01	8.8185	0.655354	0.000182	1.817370	0.615742	0.014563
 222	1.1050e-01	8.8842	0.400494	-0.000636	-6.360796	-2.155096	-0.050972
 223	1.1100e-01	8.9067	0.728172	0.000818	8.178166	2.770838	0.065535
 224	1.1150e-01	8.9404	1.055849	0.000818	8.178166	2.770838	0.065535
 225	1.1200e-01	8.9965	1.092257	0.000091	0.908685	0.307871	0.007282
 226	1.1250e-01	9.0559	1.419935	0.000818	8.178166	2.770838	0.065535
 227	1.1300e-01	9.0687	1.492752	0.000182	1.817370	0.615742	0.014563
 228	1.1350e-01	9.1024	1.456343	-0.000091	-0.908685	-0.307871	-0.007282
 229	1.1400e-01	9.1489	1.456343	0.000000	0.000000	0.000000	0.000000
 230	1.1450e-01	9.1971	1.601977	0.000363	3.634741	1.231483	0.029127
 231	1.1500e-01	9.2420	1.966063	0.000909	9.086851	3.078709	0.072817
 232	1.1550e-01	9.2789	2.148106	0.000454	4.543426	1.539354	0.036409
 233	1.1600e-01	9.2965	2.184515	0.000091	0.908685	0.307871	0.007282
 234	1.1650e-01	9.3350	2.330149	0.000363	3.634741	1.231483	0.029127
 235	1.1700e-01	9.3944	2.366558	0.000091	0.908685	0.307871	0.007282
 236	1.1750e-01	9.4393	3.021912	0.001636	16.356333	5.541676	0.131071
 237	1.1800e-01	9.4762	2.730643	-0.000727	-7.269481	-2.462967	-0.058254
 238	1.1850e-01	9.4842	3.058320	0.000818	8.178166	2.770838	0.065535
 239	1.1900e-01	9.5484	3.094729	0.000091	0.908685	0.307871	0.007282
 240	1.1950e-01	9.6013	3.240363	0.000363	3.634741	1.231483	0.029127
 241	1.2000e-01	9.6479	3.131138	-0.000273	-2.726055	-0.923613	-0.021845
 242	1.2050e-01	9.6735	2.949095	-0.000454	-4.543426	-1.539354	-0.036409
 243	1.2100e-01	9.7168	3.568041	0.001545	15.447648	5.233805	0.123789
 244	1.2150e-01	9.7457	3.677266	0.000273	2.726055	0.923613	0.021845
 245	1.2200e-01	9.7890	3.786492	0.000273	2.726055	0.923613	0.021845
 246	1.2250e-01	9.8051	3.822901	0.000091	0.908685	0.307871	0.007282
 247	1.2300e-01	9.8612	4.114169	0.000727	7.269481	2.462967	0.058254
 248	1.2350e-01	9.8981	4.223395	0.000273	2.726055	0.923613	0.021845
 249	1.2400e-01	9.9430	4.077761	-0.000363	-3.634741	-1.231483	-0.029127
 250	1.2450e-01	9.9944	4.769524	0.001727	17.265018	5.849546	0.138353
 251	1.2500e-01	10.0377	4.514664	-0.000636	-6.360796	-2.155096	-0.050972
 252	1.2550e-01	10.0874	3.968535	-0.001363	-13.630277	-4.618063	-0.109226
 253	1.2600e-01	10.1275	4.951566	0.002453	24.534499	8.312513	0.196606
 254	1.2650e-01	10.1420	4.842341	-0.000273	-2.726055	-0.923613	-0.021845
 255	1.2700e-01	10.1885	4.878749	0.000091	0.908685	0.307871	0.007282
 256	1.2750e-01	10.2206	4.951566	0.000182	1.817370	0.615742	0.014563
 257	1.2800e-01	10.2655	5.534104	0.001454	14.538962	4.925934	0.116507
 258	1.2850e-01	10.3505	4.805932	-0.001817	-18.173703	-6.157417	-0.145634
 259	1.2900e-01	10.3938	5.206427	0.001000	9.995537	3.386579	0.080099
 260	1.2950e-01	10.4163	5.461287	0.000636	6.360796	2.155096	0.050972
 261	1.3000e-01	10.4131	5.424878	0.000091	0.908685	0.307871	-0.007282
 262	1.3050e-01	10.4580	5.861781	0.001090	10.904222	3.694450	0.087381
 263	1.3100e-01	10.5222	5.679738	-0.000454	-4.543426	-1.539354	-0.036409
 264	1.3150e-01	10.5542	6.007415	0.000818	8.178166	2.770838	0.065535
 265	1.3200e-01	10.5927	6.262275	0.000636	6.360796	2.155096	0.050972
 266	1.3250e-01	10.6329	6.517135	0.000636	6.360796	2.155096	0.050972
 267	1.3300e-01	10.7034	6.335092	-0.000454	-4.543426	-1.539354	-0.036409
 268	1.3350e-01	10.7259	6.699178	0.000909	9.086851	3.078709	0.072817
 269	1.3400e-01	10.7355	6.371501	-0.000818	-8.178166	-2.770838	-0.065535
 270	1.3450e-01	10.7853	7.099673	0.001817	18.173703	6.157417	0.145634
 271	1.3500e-01	10.8526	6.771995	-0.000818	-8.178166	-2.770838	-0.065535
 272	1.3550e-01	10.8943	6.954038	0.000454	4.543426	1.539354	0.036409
 273	1.3600e-01	10.9216	7.318124	0.000909	9.086851	3.078709	0.072817
 274	1.3650e-01	10.9617	7.245307	-0.000182	-1.817370	-0.615742	-0.014563
 275	1.3700e-01	10.9826	7.500167	0.000636	6.360796	2.155096	0.050972
 276	1.3750e-01	11.0195	7.609393	0.000273	2.726055	0.923613	0.021845
 277	1.3800e-01	11.0612	7.609393	0.000000	0.000000	0.000000	0.000000
 278	1.3850e-01	11.0965	7.864253	0.000636	6.360796	2.155096	0.050972
 279	1.3900e-01	11.1430	8.191930	0.000818	8.178166	2.770838	0.065535
 280	1.3950e-01	11.1799	8.046296	-0.000363	-3.634741	-1.231483	-0.029127
 281	1.4000e-01	11.2296	7.791435	-0.000636	-6.360796	-2.155096	-0.050972
 282	1.4050e-01	11.2729	8.009887	0.000545	5.452111	1.847225	0.043690
 283	1.4100e-01	11.3114	8.264747	0.000636	6.360796	2.155096	0.050972
 284	1.4150e-01	11.3371	8.774467	0.001272	12.721592	4.310192	0.101944
 285	1.4200e-01	11.3820	8.738058	-0.000091	-0.908685	-0.307871	-0.007282
 286	1.4250e-01	11.4494	8.774467	0.000091	0.908685	0.307871	0.007282
 287	1.4300e-01	11.4863	8.228338	-0.001363	-13.630277	-4.618063	-0.109226
 288	1.4350e-01	11.5216	9.102144	0.002181	21.808444	7.388901	0.174761
 289	1.4400e-01	11.5537	9.029327	-0.000182	-1.817370	-0.615742	-0.014563
 290	1.4450e-01	11.6307	9.102144	0.000182	1.817370	0.615742	0.014563
 291	1.4500e-01	11.6499	9.247779	0.000363	3.634741	1.231483	0.029127
 292	1.4550e-01	11.6772	9.065736	-0.000454	-4.543426	-1.539354	-0.036409
 293	1.4600e-01	11.7334	9.575456	0.001272	12.721592	4.310192	0.101944
 294	1.4650e-01	11.7574	9.648273	0.000182	1.817370	0.615742	0.014563
 295	1.4700e-01	11.8007	9.721090	0.000182	1.817370	0.615742	0.014563
 296	1.4750e-01	11.8280	10.267219	0.001363	13.630277	4.618063	0.109226
 297	1.4800e-01	11.8665	10.048767	-0.000545	-5.452111	-1.847225	-0.043690
 298	1.4850e-01	11.9227	10.157993	0.000273	2.726055	0.923613	0.021845
 299	1.4900e-01	11.9515	10.376444	0.000545	5.452111	1.847225	0.043690
 300	1.4950e-01	12.0093	10.121584	-0.000636	-6.360796	-2.155096	-0.050972
 301	1.5000e-01	12.0317	10.340036	0.000545	5.452111	1.847225	0.043690
 302	1.5050e-01	12.0799	10.813347	0.001181	11.812907	4.002321	0.094662
 303	1.5100e-01	12.1312	10.776939	-0.000091	-0.908685	-0.307871	-0.007282
 304	1.5150e-01	12.1585	10.740530	-0.000091	-0.908685	-0.307871	-0.007282
 305	1.5200e-01	12.1922	10.740530	0.000000	0.000000	0.000000	0.000000
 306	1.5250e-01	12.2387	11.359476	0.001545	15.447648	5.233805	0.123789
 307	1.5300e-01	12.2724	10.849756	-0.001272	-12.721592	-4.310192	-0.101944
 308	1.5350e-01	12.2932	11.687153	0.002090	20.899758	7.081030	0.167479
 309	1.5400e-01	12.3494	11.468702	-0.000545	-5.452111	-1.847225	-0.043690
 310	1.5450e-01	12.4248	11.796379	0.000818	8.178166	2.770838	0.065535
 311	1.5500e-01	12.4440	11.577927	-0.000545	-5.452111	-1.847225	-0.043690
 312	1.5550e-01	12.4793	11.687153	0.000273	2.726055	0.923613	0.021845
 313	1.5600e-01	12.5146	12.051239	0.000909	9.086851	3.078709	0.072817
 314	1.5650e-01	12.5323	11.905605	-0.000363	-3.634741	-1.231483	-0.029127
 315	1.5700e-01	12.5916	11.942013	0.000091	0.908685	0.307871	0.007282
 316	1.5750e-01	12.6510	11.942013	0.000000	0.000000	0.000000	0.000000
 317	1.5800e-01	12.6766	12.196873	0.000636	6.360796	2.155096	0.050972
 318	1.5850e-01	12.7376	12.560959	0.000909	9.086851	3.078709	0.072817
 319	1.5900e-01	12.7681	12.779411	0.000545	5.452111	1.847225	0.043690
 320	1.5950e-01	12.7922	12.597368	-0.000454	-4.543426	-1.539354	-0.036409
 321	1.6000e-01	12.8194	13.143496	0.001363	13.630277	4.618063	0.109226
 322	1.6050e-01	12.8531	12.779411	-0.000909	-9.086851	-3.078709	-0.072817
 323	1.6100e-01	12.8980	13.143496	0.000909	9.086851	3.078709	0.072817
 324	1.6150e-01	12.9349	13.361948	0.000545	5.452111	1.847225	0.043690
 325	1.6200e-01	12.9815	13.252722	-0.000273	-2.726055	-0.923613	-0.021845
 326	1.6250e-01	13.0344	13.398356	0.000363	3.634741	1.231483	0.029127
 327	1.6300e-01	13.0873	13.434765	0.000091	0.908685	0.307871	0.007282
 328	1.6350e-01	13.1114	13.689625	0.000636	6.360796	2.155096	0.050972
 329	1.6400e-01	13.1371	13.835259	0.000363	3.634741	1.231483	0.029127
 330	1.6450e-01	13.1916	13.798851	-0.000091	-0.908685	-0.307871	-0.007282
 331	1.6500e-01	13.2301	14.090119	0.000727	7.269481	2.462967	0.058254
 332	1.6550e-01	13.2686	14.053711	-0.000091	-0.908685	-0.307871	-0.007282
 333	1.6600e-01	13.3103	14.381388	0.000818	8.178166	2.770838	0.065535
 334	1.6650e-01	13.3296	14.162936	-0.000545	-5.452111	-1.847225	-0.043690
 335	1.6700e-01	13.3745	14.381388	0.000545	5.452111	1.847225	0.043690
 336	1.6750e-01	13.4306	14.454205	0.000182	1.817370	0.615742	0.014563
 337	1.6800e-01	13.4740	15.036742	0.001454	14.538962	4.925934	0.116507
 338	1.6850e-01	13.5157	14.527022	-0.001272	-12.721592	-4.310192	-0.101944
 339	1.6900e-01	13.5461	15.036742	0.001272	12.721592	4.310192	0.101944
 340	1.6950e-01	13.5846	15.291602	0.000636	6.360796	2.155096	0.050972
 341	1.7000e-01	13.6344	15.255194	-0.000091	-0.908685	-0.307871	-0.007282
 342	1.7050e-01	13.6873	15.400828	0.000363	3.634741	1.231483	0.029127
 343	1.7100e-01	13.7146	15.473645	0.000182	1.817370	0.615742	0.014563
 344	1.7150e-01	13.7531	15.400828	-0.000182	-1.817370	-0.615742	-0.014563
 345	1.7200e-01	13.7723	15.692097	0.000727	7.269481	2.462967	0.058254
 346	1.7250e-01	13.8365	15.728505	0.000091	0.908685	0.307871	0.007282
 347	1.7300e-01	13.8718	15.437237	-0.000727	-7.269481	-2.462967	-0.058254
 348	1.7350e-01	13.9087	16.019774	0.001454	14.538962	4.925934	0.116507
 349	1.7400e-01	13.9440	16.420268	0.001000	9.995537	3.386579	0.080099
 350	1.7450e-01	13.9937	16.529494	0.000273	2.726055	0.923613	0.021845
 351	1.7500e-01	14.0435	16.092591	-0.001090	-10.904222	-3.694450	-0.087381
 352	1.7550e-01	14.0595	16.129000	0.000091	0.908685	0.307871	0.007282
 353	1.7600e-01	14.1124	16.383860	0.000636	6.360796	2.155096	0.050972
 354	1.7650e-01	14.1878	16.711537	0.000818	8.178166	2.770838	0.065535
 355	1.7700e-01	14.1782	16.638720	0.000182	1.817370	0.615742	-0.014563
 356	1.7750e-01	14.2119	17.148440	0.001272	12.721592	4.310192	0.101944
 357	1.7800e-01	14.2793	17.002805	-0.000363	-3.634741	-1.231483	-0.029127
 358	1.7850e-01	14.3001	17.184848	0.000454	4.543426	1.539354	0.036409
 359	1.7900e-01	14.3483	17.294074	0.000273	2.726055	0.923613	0.021845
 360	1.7950e-01	14.3900	17.621751	0.000818	8.178166	2.770838	0.065535
 361	1.8000e-01	14.4477	17.403300	-0.000545	-5.452111	-1.847225	-0.043690
 362	1.8050e-01	14.4686	17.221257	-0.000454	-4.543426	-1.539354	-0.036409
 363	1.8100e-01	14.5071	18.240697	0.002544	25.443184	8.620384	0.203888
 364	1.8150e-01	14.5584	17.585343	-0.001636	-16.356333	-5.541676	-0.131071
 365	1.8200e-01	14.5857	17.913020	0.000818	8.178166	2.770838	0.065535
 366	1.8250e-01	14.6258	18.022246	0.000273	2.726055	0.923613	0.021845
 367	1.8300e-01	14.6771	17.840203	-0.000454	-4.543426	-1.539354	-0.036409
 368	1.8350e-01	14.7124	18.349923	0.001272	12.721592	4.310192	0.101944
 369	1.8400e-01	14.7509	18.604783	0.000636	6.360796	2.155096	0.050972
 370	1.8450e-01	14.7894	18.459149	-0.000363	-3.634741	-1.231483	-0.029127
 371	1.8500e-01	14.8279	18.604783	0.000363	3.634741	1.231483	0.029127
 372	1.8550e-01	14.8600	18.459149	-0.000363	-3.634741	-1.231483	-0.029127
 373	1.8600e-01	14.9146	18.677600	0.000545	5.452111	1.847225	0.043690
 374	1.8650e-01	14.9450	19.296546	0.001545	15.447648	5.233805	0.123789
 375	1.8700e-01	14.9835	18.932460	-0.000909	-9.086851	-3.078709	-0.072817
 376	1.8750e-01	15.0317	19.296546	0.000909	9.086851	3.078709	0.072817
 377	1.8800e-01	15.0637	19.041686	-0.000636	-6.360796	-2.155096	-0.050972
 378	1.8850e-01	15.1119	19.114503	0.000182	1.817370	0.615742	0.014563
 379	1.8900e-01	15.1536	19.150911	0.000091	0.908685	0.307871	0.007282
 380	1.8950e-01	15.1969	19.332954	0.000454	4.543426	1.539354	0.036409
 381	1.9000e-01	15.2242	19.405772	0.000182	1.817370	0.615742	0.014563
 382	1.9050e-01	15.2611	19.915492	0.001272	12.721592	4.310192	0.101944
 383	1.9100e-01	15.3140	19.879083	-0.000091	-0.908685	-0.307871	-0.007282
 384	1.9150e-01	15.3557	19.879083	0.000000	0.000000	0.000000	0.000000
 385	1.9200e-01	15.3878	20.243169	0.000909	9.086851	3.078709	0.072817
 386	1.9250e-01	15.4231	20.279577	0.000091	0.908685	0.307871	0.007282
 387	1.9300e-01	15.4423	20.170352	-0.000273	-2.726055	-0.923613	-0.021845
 388	1.9350e-01	15.5081	20.425212	0.000636	6.360796	2.155096	0.050972
 389	1.9400e-01	15.5643	20.388803	-0.000091	-0.908685	-0.307871	-0.007282
 390	1.9450e-01	15.5771	20.607255	0.000545	5.452111	1.847225	0.043690
 391	1.9500e-01	15.6204	20.789297	0.000454	4.543426	1.539354	0.036409
 392	1.9550e-01	15.6830	20.934932	0.000363	3.634741	1.231483	0.029127
 393	1.9600e-01	15.7022	20.898523	-0.000091	-0.908685	-0.307871	-0.007282
 394	1.9650e-01	15.7616	20.862115	-0.000091	-0.908685	-0.307871	-0.007282
 395	1.9700e-01	15.8049	21.007749	0.000363	3.634741	1.231483	0.029127
 396	1.9750e-01	15.8562	21.444652	0.001090	10.904222	3.694450	0.087381
 397	1.9800e-01	15.8627	21.116975	-0.000818	-8.178166	-2.770838	-0.065535
 398	1.9850e-01	15.9284	21.735920	0.001545	15.447648	5.233805	0.123789
 399	1.9900e-01	15.9477	21.189792	-0.001363	-13.630277	-4.618063	-0.109226
 400	1.9950e-01	16.0102	21.735920	0.001363	13.630277	4.618063	0.109226
 401	2.0000e-01	16.0520	21.553878	-0.000454	-4.543426	-1.539354	-0.036409
 402	2.0050e-01	16.0889	21.917963	0.000909	9.086851	3.078709	0.072817
 403	2.0100e-01	16.1129	21.881555	-0.000091	-0.908685	-0.307871	-0.007282
 404	2.0150e-01	16.1418	22.100006	0.000545	5.452111	1.847225	0.043690
 405	2.0200e-01	16.1995	21.954372	-0.000363	-3.634741	-1.231483	-0.029127
 406	2.0250e-01	16.2396	22.646135	0.001727	17.265018	5.849546	0.138353
 407	2.0300e-01	16.2798	22.427683	-0.000545	-5.452111	-1.847225	-0.043690
 408	2.0350e-01	16.2942	22.536909	0.000273	2.726055	0.923613	0.021845
 409	2.0400e-01	16.3327	22.172823	-0.000909	-9.086851	-3.078709	-0.072817
 410	2.0450e-01	16.3921	22.718952	0.001363	13.630277	4.618063	0.109226
 411	2.0500e-01	16.4354	22.791769	0.000182	1.817370	0.615742	0.014563
 412	2.0550e-01	16.4658	22.682543	-0.000273	-2.726055	-0.923613	-0.021845
 413	2.0600e-01	16.5300	23.010221	0.000818	8.178166	2.770838	0.065535
 414	2.0650e-01	16.5589	23.010221	0.000000	0.000000	0.000000	0.000000
 415	2.0700e-01	16.5830	23.119446	0.000273	2.726055	0.923613	0.021845
 416	2.0750e-01	16.6231	23.155855	0.000091	0.908685	0.307871	0.007282
 417	2.0800e-01	16.6664	23.447124	0.000727	7.269481	2.462967	0.058254
 418	2.0850e-01	16.7113	23.556349	0.000273	2.726055	0.923613	0.021845
 419	2.0900e-01	16.7482	23.556349	0.000000	0.000000	0.000000	0.000000
 420	2.0950e-01	16.7787	23.884026	0.000818	8.178166	2.770838	0.065535
 421	2.1000e-01	16.8092	23.701984	-0.000454	-4.543426	-1.539354	-0.036409
 422	2.1050e-01	16.8958	23.993252	0.000727	7.269481	2.462967	0.058254
 423	2.1100e-01	16.9198	24.029661	0.000091	0.908685	0.307871	0.007282
 424	2.1150e-01	16.9664	24.102478	0.000182	1.817370	0.615742	0.014563
 425	2.1200e-01	17.0001	24.502972	0.001000	9.995537	3.386579	0.080099
 426	2.1250e-01	17.0482	24.102478	-0.001000	-9.995537	-3.386579	-0.080099
 427	2.1300e-01	17.0835	24.539381	0.001090	10.904222	3.694450	0.087381
 428	2.1350e-01	17.0979	24.393747	-0.000363	-3.634741	-1.231483	-0.029127
 429	2.1400e-01	17.1380	24.430155	0.000091	0.908685	0.307871	0.007282
 430	2.1450e-01	17.1845	24.539381	0.000273	2.726055	0.923613	0.021845
 431	2.1500e-01	17.2359	25.121918	0.001454	14.538962	4.925934	0.116507
 432	2.1550e-01	17.2776	24.867058	-0.000636	-6.360796	-2.155096	-0.050972
 433	2.1600e-01	17.3097	25.194735	0.000818	8.178166	2.770838	0.065535
 434	2.1650e-01	17.3402	25.194735	0.000000	0.000000	0.000000	0.000000
 435	2.1700e-01	17.3803	25.486004	0.000727	7.269481	2.462967	0.058254
 436	2.1750e-01	17.4332	25.158327	-0.000818	-8.178166	-2.770838	-0.065535
 437	2.1800e-01	17.4813	25.340370	0.000454	4.543426	1.539354	0.036409
 438	2.1850e-01	17.5198	25.449595	0.000273	2.726055	0.923613	0.021845
 439	2.1900e-01	17.5391	25.813681	0.000909	9.086851	3.078709	0.072817
 440	2.1950e-01	17.5840	26.104950	0.000727	7.269481	2.462967	0.058254
 441	2.2000e-01	17.6225	25.704455	-0.001000	-9.995537	-3.386579	-0.080099
 442	2.2050e-01	17.6770	25.777272	0.000182	1.817370	0.615742	0.014563
 443	2.2100e-01	17.7139	25.995724	0.000545	5.452111	1.847225	0.043690
 444	2.2150e-01	17.7492	25.777272	-0.000545	-5.452111	-1.847225	-0.043690
 445	2.2200e-01	17.8118	26.177767	0.001000	9.995537	3.386579	0.080099
 446	2.2250e-01	17.8375	26.286993	0.000273	2.726055	0.923613	0.021845
 447	2.2300e-01	17.8728	26.323401	0.000091	0.908685	0.307871	0.007282
 448	2.2350e-01	17.9097	26.723895	0.001000	9.995537	3.386579	0.080099
 449	2.2400e-01	17.9321	26.614670	-0.000273	-2.726055	-0.923613	-0.021845
 450	2.2450e-01	17.9947	26.978756	0.000909	9.086851	3.078709	0.072817
 451	2.2500e-01	18.0316	26.978756	0.000000	0.000000	0.000000	0.000000
 452	2.2550e-01	18.0765	27.015164	0.000091	0.908685	0.307871	0.007282
 453	2.2600e-01	18.1230	27.197207	0.000454	4.543426	1.539354	0.036409
 454	2.2650e-01	18.1824	27.233616	0.000091	0.908685	0.307871	0.007282
 455	2.2700e-01	18.2048	27.233616	0.000000	0.000000	0.000000	0.000000
 456	2.2750e-01	18.2530	27.233616	0.000000	0.000000	0.000000	0.000000
 457	2.2800e-01	18.2802	27.597701	0.000909	9.086851	3.078709	0.072817
 458	2.2850e-01	18.3155	27.961787	0.000909	9.086851	3.078709	0.072817
 459	2.2900e-01	18.3444	27.524884	-0.001090	-10.904222	-3.694450	-0.087381
 460	2.2950e-01	18.3893	27.816153	0.000727	7.269481	2.462967	0.058254
 461	2.3000e-01	18.4182	28.216647	0.001000	9.995537	3.386579	0.080099
 462	2.3050e-01	18.4663	27.524884	-0.001727	-17.265018	-5.849546	-0.138353
 463	2.3100e-01	18.5064	27.961787	0.001090	10.904222	3.694450	0.087381
 464	2.3150e-01	18.5610	28.289464	0.000818	8.178166	2.770838	0.065535
 465	2.3200e-01	18.5866	27.998196	-0.000727	-7.269481	-2.462967	-0.058254
 466	2.3250e-01	18.6348	28.689959	0.001727	17.265018	5.849546	0.138353
 467	2.3300e-01	18.6669	28.435099	-0.000636	-6.360796	-2.155096	-0.050972
 468	2.3350e-01	18.7230	28.835593	0.001000	9.995537	3.386579	0.080099
 469	2.3400e-01	18.7503	28.689959	-0.000363	-3.634741	-1.231483	-0.029127
 470	2.3450e-01	18.7904	29.017636	0.000818	8.178166	2.770838	0.065535
 471	2.3500e-01	18.8209	28.981227	-0.000091	-0.908685	-0.307871	-0.007282
 472	2.3550e-01	18.8738	28.653550	-0.000818	-8.178166	-2.770838	-0.065535
 473	2.3600e-01	18.9171	29.454539	0.001999	19.991073	6.773159	0.160198
 474	2.3650e-01	18.9524	29.163270	-0.000727	-7.269481	-2.462967	-0.058254
 475	2.3700e-01	18.9925	29.126862	-0.000091	-0.908685	-0.307871	-0.007282
 476	2.3750e-01	19.0471	29.345313	0.000545	5.452111	1.847225	0.043690
 477	2.3800e-01	19.0807	29.745807	0.001000	9.995537	3.386579	0.080099
 478	2.3850e-01	19.1128	29.418130	-0.000818	-8.178166	-2.770838	-0.065535
 479	2.3900e-01	19.1497	30.109893	0.001727	17.265018	5.849546	0.138353
 480	2.3950e-01	19.1914	29.782216	-0.000818	-8.178166	-2.770838	-0.065535
 481	2.4000e-01	19.2283	29.782216	0.000000	0.000000	0.000000	0.000000
 482	2.4050e-01	19.2652	30.255527	0.001181	11.812907	4.002321	0.094662
 483	2.4100e-01	19.2989	29.927850	-0.000818	-8.178166	-2.770838	-0.065535
 484	2.4150e-01	19.3342	29.636582	-0.000727	-7.269481	-2.462967	-0.058254
 485	2.4200e-01	19.3904	30.291936	0.001636	16.356333	5.541676	0.131071
 486	2.4250e-01	19.4080	30.692430	0.001000	9.995537	3.386579	0.080099
 487	2.4300e-01	19.4513	30.437570	-0.000636	-6.360796	-2.155096	-0.050972
 488	2.4350e-01	19.5107	30.546796	0.000273	2.726055	0.923613	0.021845
 489	2.4400e-01	19.5700	30.692430	0.000363	3.634741	1.231483	0.029127
 490	2.4450e-01	19.5941	30.583205	-0.000273	-2.726055	-0.923613	-0.021845
 491	2.4500e-01	19.6406	30.910882	0.000818	8.178166	2.770838	0.065535
 492	2.4550e-01	19.6631	30.546796	-0.000909	-9.086851	-3.078709	-0.072817
 493	2.4600e-01	19.7160	31.020108	0.001181	11.812907	4.002321	0.094662
 494	2.4650e-01	19.7481	31.457010	0.001090	10.904222	3.694450	0.087381
 495	2.4700e-01	19.7978	31.311376	-0.000363	-3.634741	-1.231483	-0.029127
 496	2.4750e-01	19.8267	31.529828	0.000545	5.452111	1.847225	0.043690
 497	2.4800e-01	19.8652	31.384193	-0.000363	-3.634741	-1.231483	-0.029127
 498	2.4850e-01	19.9166	31.784688	0.001000	9.995537	3.386579	0.080099
 499	2.4900e-01	19.9454	31.566236	-0.000545	-5.452111	-1.847225	-0.043690
 500	2.4950e-01	19.9823	31.893913	0.000818	8.178166	2.770838	0.065535
 501	2.5000e-01	20.0256	31.639053	-0.000636	-6.360796	-2.155096	-0.050972
 502	2.5050e-01	19.9855	31.384193	0.000636	6.360796	2.155096	-0.050972
 503	2.5100e-01	19.9422	31.748279	-0.000909	-9.086851	-3.078709	0.072817
 504	2.5150e-01	19.8925	31.602645	0.000363	3.634741	1.231483	-0.029127
 505	2.5200e-01	19.8652	31.274968	0.000818	8.178166	2.770838	-0.065535
 506	2.5250e-01	19.8331	31.566236	-0.000727	-7.269481	-2.462967	0.058254
 507	2.5300e-01	19.7850	31.274968	0.000727	7.269481	2.462967	-0.058254
 508	2.5350e-01	19.7240	31.165742	0.000273	2.726055	0.923613	-0.021845
 509	2.5400e-01	19.6952	31.457010	-0.000727	-7.269481	-2.462967	0.058254
 510	2.5450e-01	19.6631	30.838065	0.001545	15.447648	5.233805	-0.123789
 511	2.5500e-01	19.6294	31.347785	-0.001272	-12.721592	-4.310192	0.101944
 512	2.5550e-01	19.5893	30.910882	0.001090	10.904222	3.694450	-0.087381
 513	2.5600e-01	19.5331	30.728839	0.000454	4.543426	1.539354	-0.036409
 514	2.5650e-01	19.5363	30.801656	0.000182	1.817370	0.615742	0.014563
 515	2.5700e-01	19.4353	30.765248	0.000091	0.908685	0.307871	-0.007282
 516	2.5750e-01	19.4289	30.910882	-0.000363	-3.634741	-1.231483	0.029127
 517	2.5800e-01	19.4112	30.583205	0.000818	8.178166	2.770838	-0.065535
 518	2.5850e-01	19.3246	30.401162	0.000454	4.543426	1.539354	-0.036409
 519	2.5900e-01	19.2989	30.291936	0.000273	2.726055	0.923613	-0.021845
 520	2.5950e-01	19.2636	30.583205	-0.000727	-7.269481	-2.462967	0.058254
 521	2.6000e-01	19.2203	30.291936	0.000727	7.269481	2.462967	-0.058254
 522	2.6050e-01	19.1914	30.219119	0.000182	1.817370	0.615742	-0.014563
 523	2.6100e-01	19.1449	29.927850	0.000727	7.269481	2.462967	-0.058254
 524	2.6150e-01	19.1048	30.109893	-0.000454	-4.543426	-1.539354	0.036409
 525	2.6200e-01	19.0519	30.000667	0.000273	2.726055	0.923613	-0.021845
 526	2.6250e-01	19.0134	29.964259	0.000091	0.908685	0.307871	-0.007282
 527	2.6300e-01	18.9861	29.672990	0.000727	7.269481	2.462967	-0.058254
 528	2.6350e-01	18.9364	30.182710	-0.001272	-12.721592	-4.310192	0.101944
 529	2.6400e-01	18.9059	29.527356	0.001636	16.356333	5.541676	-0.131071
 530	2.6450e-01	18.8529	29.782216	-0.000636	-6.360796	-2.155096	0.050972
 531	2.6500e-01	18.8385	29.563764	0.000545	5.452111	1.847225	-0.043690
 532	2.6550e-01	18.7631	29.381722	0.000454	4.543426	1.539354	-0.036409
 533	2.6600e-01	18.7567	29.454539	-0.000182	-1.817370	-0.615742	0.014563
 534	2.6650e-01	18.7038	29.163270	0.000727	7.269481	2.462967	-0.058254
 535	2.6700e-01	18.6733	29.490947	-0.000818	-8.178166	-2.770838	0.065535
 536	2.6750e-01	18.6219	29.272496	0.000545	5.452111	1.847225	-0.043690
 537	2.6800e-01	18.5882	29.454539	-0.000454	-4.543426	-1.539354	0.036409
 538	2.6850e-01	18.5578	29.126862	0.000818	8.178166	2.770838	-0.065535
 539	2.6900e-01	18.5161	29.090453	0.000091	0.908685	0.307871	-0.007282
 540	2.6950e-01	18.4599	28.872002	0.000545	5.452111	1.847225	-0.043690
 541	2.7000e-01	18.3989	29.054044	-0.000454	-4.543426	-1.539354	0.036409
 542	2.7050e-01	18.3845	28.908410	0.000363	3.634741	1.231483	-0.029127
 543	2.7100e-01	18.3524	28.872002	0.000091	0.908685	0.307871	-0.007282
 544	2.7150e-01	18.2979	28.471507	0.001000	9.995537	3.386579	-0.080099
 545	2.7200e-01	18.2257	28.544324	-0.000182	-1.817370	-0.615742	0.014563
 546	2.7250e-01	18.2177	28.617141	-0.000182	-1.817370	-0.615742	0.014563
 547	2.7300e-01	18.1920	28.471507	0.000363	3.634741	1.231483	-0.029127
 548	2.7350e-01	18.1375	28.471507	-0.000000	-0.000000	-0.000000	0.000000
 549	2.7400e-01	18.0861	28.398690	0.000182	1.817370	0.615742	-0.014563
 550	2.7450e-01	18.0508	28.362281	0.000091	0.908685	0.307871	-0.007282
 551	2.7500e-01	18.0220	27.961787	0.001000	9.995537	3.386579	-0.080099
 552	2.7550e-01	17.9931	28.289464	-0.000818	-8.178166	-2.770838	0.065535
 553	2.7600e-01	17.9369	28.143830	0.000363	3.634741	1.231483	-0.029127
 554	2.7650e-01	17.9000	27.925379	0.000545	5.452111	1.847225	-0.043690
 555	2.7700e-01	17.8519	28.143830	-0.000545	-5.452111	-1.847225	0.043690
 556	2.7750e-01	17.8359	27.888970	0.000636	6.360796	2.155096	-0.050972
 557	2.7800e-01	17.7797	27.415658	0.001181	11.812907	4.002321	-0.094662
 558	2.7850e-01	17.7444	27.415658	-0.000000	-0.000000	-0.000000	0.000000
 559	2.7900e-01	17.7236	27.706927	-0.000727	-7.269481	-2.462967	0.058254
 560	2.7950e-01	17.6594	27.379250	0.000818	8.178166	2.770838	-0.065535
 561	2.8000e-01	17.6209	27.270024	0.000273	2.726055	0.923613	-0.021845
 562	2.8050e-01	17.5904	27.197207	0.000182	1.817370	0.615742	-0.014563
 563	2.8100e-01	17.5423	26.869530	0.000818	8.178166	2.770838	-0.065535
 564	2.8150e-01	17.4990	26.942347	-0.000182	-1.817370	-0.615742	0.014563
 565	2.8200e-01	17.4637	27.379250	-0.001090	-10.904222	-3.694450	0.087381
 566	2.8250e-01	17.4396	26.905938	0.001181	11.812907	4.002321	-0.094662
 567	2.8300e-01	17.4059	26.432627	0.001181	11.812907	4.002321	-0.094662
 568	2.8350e-01	17.3434	27.015164	-0.001454	-14.538962	-4.925934	0.116507
 569	2.8400e-01	17.3065	26.760304	0.000636	6.360796	2.155096	-0.050972
 570	2.8450e-01	17.2535	26.796713	-0.000091	-0.908685	-0.307871	0.007282
 571	2.8500e-01	17.2359	26.978756	-0.000454	-4.543426	-1.539354	0.036409
 572	2.8550e-01	17.1845	26.104950	0.002181	21.808444	7.388901	-0.174761
 573	2.8600e-01	17.1252	26.578261	-0.001181	-11.812907	-4.002321	0.094662
 574	2.8650e-01	17.1172	26.104950	0.001181	11.812907	4.002321	-0.094662
 575	2.8700e-01	17.0562	26.141358	-0.000091	-0.908685	-0.307871	0.007282
 576	2.8750e-01	17.0321	26.177767	-0.000091	-0.908685	-0.307871	0.007282
 577	2.8800e-01	16.9888	26.104950	0.000182	1.817370	0.615742	-0.014563
 578	2.8850e-01	16.9391	26.104950	-0.000000	-0.000000	-0.000000	0.000000
 579	2.8900e-01	16.8958	25.595230	0.001272	12.721592	4.310192	-0.101944
 580	2.8950e-01	16.8846	26.177767	-0.001454	-14.538962	-4.925934	0.116507
 581	2.9000e-01	16.8188	25.486004	0.001727	17.265018	5.849546	-0.138353
 582	2.9050e-01	16.7963	25.085510	0.001000	9.995537	3.386579	-0.080099
 583	2.9100e-01	16.7450	25.449595	-0.000909	-9.086851	-3.078709	0.072817
 584	2.9150e-01	16.7065	25.704455	-0.000636	-6.360796	-2.155096	0.050972
 585	2.9200e-01	16.6551	25.668047	0.000091	0.908685	0.307871	-0.007282
 586	2.9250e-01	16.5990	25.376778	0.000727	7.269481	2.462967	-0.058254
 587	2.9300e-01	16.5814	25.376778	-0.000000	-0.000000	-0.000000	0.000000
 588	2.9350e-01	16.5316	25.267552	0.000273	2.726055	0.923613	-0.021845
 589	2.9400e-01	16.5027	25.085510	0.000454	4.543426	1.539354	-0.036409
 590	2.9450e-01	16.4803	24.939875	0.000363	3.634741	1.231483	-0.029127
 591	2.9500e-01	16.4257	24.830649	0.000273	2.726055	0.923613	-0.021845
 592	2.9550e-01	16.3680	24.721424	0.000273	2.726055	0.923613	-0.021845
 593	2.9600e-01	16.3471	25.121918	-0.001000	-9.995537	-3.386579	0.080099
 594	2.9650e-01	16.3022	24.648607	0.001181	11.812907	4.002321	-0.094662
 595	2.9700e-01	16.2621	24.393747	0.000636	6.360796	2.155096	-0.050972
 596	2.9750e-01	16.2236	24.721424	-0.000818	-8.178166	-2.770838	0.065535
 597	2.9800e-01	16.1867	24.211704	0.001272	12.721592	4.310192	-0.101944
 598	2.9850e-01	16.1434	24.029661	0.000454	4.543426	1.539354	-0.036409
 599	2.9900e-01	16.1145	24.211704	-0.000454	-4.543426	-1.539354	0.036409
 600	2.9950e-01	16.0600	23.774801	0.001090	10.904222	3.694450	-0.087381
 601	3.0000e-01	16.0215	24.029661	-0.000636	-6.360796	-2.155096	0.050972
 602	3.0050e-01	15.9846	23.993252	0.000091	0.908685	0.307871	-0.007282
 603	3.0100e-01	15.9188	23.811209	0.000454	4.543426	1.539354	-0.036409
 604	3.0150e-01	15.8883	23.811209	-0.000000	-0.000000	-0.000000	0.000000
 605	3.0200e-01	15.8498	23.738392	0.000182	1.817370	0.615742	-0.014563
 606	3.0250e-01	15.8161	23.556349	0.000454	4.543426	1.539354	-0.036409
 607	3.0300e-01	15.7712	23.265081	0.000727	7.269481	2.462967	-0.058254
 608	3.0350e-01	15.7423	23.592758	-0.000818	-8.178166	-2.770838	0.065535
 609	3.0400e-01	15.7054	23.483532	0.000273	2.726055	0.923613	-0.021845
 610	3.0450e-01	15.6750	23.046629	0.001090	10.904222	3.694450	-0.087381
 611	3.0500e-01	15.6220	22.900995	0.000363	3.634741	1.231483	-0.029127
 612	3.0550e-01	15.5867	23.155855	-0.000636	-6.360796	-2.155096	0.050972
 613	3.0600e-01	15.5370	22.937403	0.000545	5.452111	1.847225	-0.043690
 614	3.0650e-01	15.5017	23.010221	-0.000182	-1.817370	-0.615742	0.014563
 615	3.0700e-01	15.4488	23.046629	-0.000091	-0.908685	-0.307871	0.007282
 616	3.0750e-01	15.4247	23.010221	0.000091	0.908685	0.307871	-0.007282
 617	3.0800e-01	15.3669	22.427683	0.001454	14.538962	4.925934	-0.116507
 618	3.0850e-01	15.3477	22.864586	-0.001090	-10.904222	-3.694450	0.087381
 619	3.0900e-01	15.2980	22.282049	0.001454	14.538962	4.925934	-0.116507
 620	3.0950e-01	15.2611	22.500501	-0.000545	-5.452111	-1.847225	0.043690
 621	3.1000e-01	15.2210	22.100006	0.001000	9.995537	3.386579	-0.080099
 622	3.1050e-01	15.1760	22.136415	-0.000091	-0.908685	-0.307871	0.007282
 623	3.1100e-01	15.1375	21.990780	0.000363	3.634741	1.231483	-0.029127
 624	3.1150e-01	15.0942	22.172823	-0.000454	-4.543426	-1.539354	0.036409
 625	3.1200e-01	15.0782	21.954372	0.000545	5.452111	1.847225	-0.043690
 626	3.1250e-01	15.0413	21.626695	0.000818	8.178166	2.770838	-0.065535
 627	3.1300e-01	14.9819	22.027189	-0.001000	-9.995537	-3.386579	0.080099
 628	3.1350e-01	14.9579	21.481060	0.001363	13.630277	4.618063	-0.109226
 629	3.1400e-01	14.9097	21.590286	-0.000273	-2.726055	-0.923613	0.021845
 630	3.1450e-01	14.8777	21.371835	0.000545	5.452111	1.847225	-0.043690
 631	3.1500e-01	14.8183	21.408243	-0.000091	-0.908685	-0.307871	0.007282
 632	3.1550e-01	14.7910	21.517469	-0.000273	-2.726055	-0.923613	0.021845
 633	3.1600e-01	14.7493	21.299018	0.000545	5.452111	1.847225	-0.043690
 634	3.1650e-01	14.6948	20.934932	0.000909	9.086851	3.078709	-0.072817
 635	3.1700e-01	14.6723	21.044157	-0.000273	-2.726055	-0.923613	0.021845
 636	3.1750e-01	14.6402	20.607255	0.001090	10.904222	3.694450	-0.087381
 637	3.1800e-01	14.5921	21.262609	-0.001636	-16.356333	-5.541676	0.131071
 638	3.1850e-01	14.5488	20.825706	0.001090	10.904222	3.694450	-0.087381
 639	3.1900e-01	14.5087	20.789297	0.000091	0.908685	0.307871	-0.007282
 640	3.1950e-01	14.4461	21.007749	-0.000545	-5.452111	-1.847225	0.043690
 641	3.2000e-01	14.4221	20.315986	0.001727	17.265018	5.849546	-0.138353
 642	3.2050e-01	14.3996	20.315986	-0.000000	-0.000000	-0.000000	0.000000
 643	3.2100e-01	14.3434	20.716480	-0.001000	-9.995537	-3.386579	0.080099
 644	3.2150e-01	14.3098	19.915492	0.001999	19.991073	6.773159	-0.160198
 645	3.2200e-01	14.2504	20.097534	-0.000454	-4.543426	-1.539354	0.036409
 646	3.2250e-01	14.2376	20.024717	0.000182	1.817370	0.615742	-0.014563
 647	3.2300e-01	14.1686	20.024717	-0.000000	-0.000000	-0.000000	0.000000
 648	3.2350e-01	14.1221	19.879083	0.000363	3.634741	1.231483	-0.029127
 649	3.2400e-01	14.1381	20.024717	0.000363	3.634741	1.231483	0.029127
 650	3.2450e-01	14.0932	19.697040	0.000818	8.178166	2.770838	-0.065535
 651	3.2500e-01	14.0194	19.478589	0.000545	5.452111	1.847225	-0.043690
 652	3.2550e-01	13.9809	19.514997	-0.000091	-0.908685	-0.307871	0.007282
 653	3.2600e-01	13.9488	19.369363	0.000363	3.634741	1.231483	-0.029127
 654	3.2650e-01	13.8862	18.968869	0.001000	9.995537	3.386579	-0.080099
 655	3.2700e-01	13.8718	19.514997	-0.001363	-13.630277	-4.618063	0.109226
 656	3.2750e-01	13.8253	18.932460	0.001454	14.538962	4.925934	-0.116507
 657	3.2800e-01	13.7900	18.968869	-0.000091	-0.908685	-0.307871	0.007282
 658	3.2850e-01	13.7354	19.078094	-0.000273	-2.726055	-0.923613	0.021845
 659	3.2900e-01	13.7066	18.896051	0.000454	4.543426	1.539354	-0.036409
 660	3.2950e-01	13.6552	19.150911	-0.000636	-6.360796	-2.155096	0.050972
 661	3.3000e-01	13.6215	18.823234	0.000818	8.178166	2.770838	-0.065535
 662	3.3050e-01	13.5927	18.531966	0.000727	7.269481	2.462967	-0.058254
 663	3.3100e-01	13.5317	18.641191	-0.000273	-2.726055	-0.923613	0.021845
 664	3.3150e-01	13.4820	18.240697	0.001000	9.995537	3.386579	-0.080099
 665	3.3200e-01	13.4579	18.386331	-0.000363	-3.634741	-1.231483	0.029127
 666	3.3250e-01	13.4290	18.058654	0.000818	8.178166	2.770838	-0.065535
 667	3.3300e-01	13.3969	18.022246	0.000091	0.908685	0.307871	-0.007282
 668	3.3350e-01	13.3312	17.767386	0.000636	6.360796	2.155096	-0.050972
 669	3.3400e-01	13.2911	17.730977	0.000091	0.908685	0.307871	-0.007282
 670	3.3450e-01	13.2654	17.621751	0.000273	2.726055	0.923613	-0.021845
 671	3.3500e-01	13.2686	17.949428	0.000818	8.178166	2.770838	0.065535
 672	3.3550e-01	13.1932	17.621751	0.000818	8.178166	2.770838	-0.065535
 673	3.3600e-01	13.1499	18.131471	-0.001272	-12.721592	-4.310192	0.101944
 674	3.3650e-01	13.1162	17.403300	0.001817	18.173703	6.157417	-0.145634
 675	3.3700e-01	13.0601	17.294074	0.000273	2.726055	0.923613	-0.021845
 676	3.3750e-01	13.0296	17.257665	0.000091	0.908685	0.307871	-0.007282
 677	3.3800e-01	12.9863	16.820763	0.001090	10.904222	3.694450	-0.087381
 678	3.3850e-01	12.9606	16.966397	-0.000363	-3.634741	-1.231483	0.029127
 679	3.3900e-01	12.9349	16.893580	0.000182	1.817370	0.615742	-0.014563
 680	3.3950e-01	12.8708	16.347451	0.001363	13.630277	4.618063	-0.109226
 681	3.4000e-01	12.8435	17.184848	-0.002090	-20.899758	-7.081030	0.167479
 682	3.4050e-01	12.7809	17.075623	0.000273	2.726055	0.923613	-0.021845
 683	3.4100e-01	12.7553	16.711537	0.000909	9.086851	3.078709	-0.072817
 684	3.4150e-01	12.6991	16.347451	0.000909	9.086851	3.078709	-0.072817
 685	3.4200e-01	12.6654	16.565903	-0.000545	-5.452111	-1.847225	0.043690
 686	3.4250e-01	12.6253	15.946957	0.001545	15.447648	5.233805	-0.123789
 687	3.4300e-01	12.5980	16.092591	-0.000363	-3.634741	-1.231483	0.029127
 688	3.4350e-01	12.5595	16.092591	-0.000000	-0.000000	-0.000000	0.000000
 689	3.4400e-01	12.4938	16.056182	0.000091	0.908685	0.307871	-0.007282
 690	3.4450e-01	12.4472	15.837731	0.000545	5.452111	1.847225	-0.043690
 691	3.4500e-01	12.4344	15.655688	0.000454	4.543426	1.539354	-0.036409
 692	3.4550e-01	12.3847	15.764914	-0.000273	-2.726055	-0.923613	0.021845
 693	3.4600e-01	12.3510	15.510054	0.000636	6.360796	2.155096	-0.050972
 694	3.4650e-01	12.3077	15.291602	0.000545	5.452111	1.847225	-0.043690
 695	3.4700e-01	12.2628	15.291602	-0.000000	-0.000000	-0.000000	0.000000
 696	3.4750e-01	12.2146	15.182377	0.000273	2.726055	0.923613	-0.021845
 697	3.4800e-01	12.1954	15.109559	0.000182	1.817370	0.615742	-0.014563
 698	3.4850e-01	12.1312	15.036742	0.000182	1.817370	0.615742	-0.014563
 699	3.4900e-01	12.0735	14.963925	0.000182	1.817370	0.615742	-0.014563
 700	3.4950e-01	12.0558	14.672657	0.000727	7.269481	2.462967	-0.058254
 701	3.5000e-01	12.0301	14.818291	-0.000363	-3.634741	-1.231483	0.029127
 702	3.5050e-01	11.9756	14.599839	0.000545	5.452111	1.847225	-0.043690
 703	3.5100e-01	11.9259	14.781882	-0.000454	-4.543426	-1.539354	0.036409
 704	3.5150e-01	11.9114	14.417796	0.000909	9.086851	3.078709	-0.072817
 705	3.5200e-01	11.8858	14.527022	-0.000273	-2.726055	-0.923613	0.021845
 706	3.5250e-01	11.8280	14.126528	0.001000	9.995537	3.386579	-0.080099
 707	3.5300e-01	11.7831	14.126528	-0.000000	-0.000000	-0.000000	0.000000
 708	3.5350e-01	11.7253	13.726034	0.001000	9.995537	3.386579	-0.080099
 709	3.5400e-01	11.6997	13.944485	-0.000545	-5.452111	-1.847225	0.043690
 710	3.5450e-01	11.6451	13.762442	0.000454	4.543426	1.539354	-0.036409
 711	3.5500e-01	11.6162	13.653216	0.000273	2.726055	0.923613	-0.021845
 712	3.5550e-01	11.5874	13.762442	-0.000273	-2.726055	-0.923613	0.021845
 713	3.5600e-01	11.5425	13.543991	0.000545	5.452111	1.847225	-0.043690
 714	3.5650e-01	11.5104	13.471173	0.000182	1.817370	0.615742	-0.014563
 715	3.5700e-01	11.4783	13.289131	0.000454	4.543426	1.539354	-0.036409
 716	3.5750e-01	11.4334	12.670185	0.001545	15.447648	5.233805	-0.123789
 717	3.5800e-01	11.3901	13.107088	-0.001090	-10.904222	-3.694450	0.087381
 718	3.5850e-01	11.3387	13.252722	-0.000363	-3.634741	-1.231483	0.029127
 719	3.5900e-01	11.3050	12.997862	0.000636	6.360796	2.155096	-0.050972
 720	3.5950e-01	11.2697	12.852228	0.000363	3.634741	1.231483	-0.029127
 721	3.6000e-01	11.2184	12.779411	0.000182	1.817370	0.615742	-0.014563
 722	3.6050e-01	11.1687	12.779411	-0.000000	-0.000000	-0.000000	0.000000
 723	3.6100e-01	11.1350	12.597368	0.000454	4.543426	1.539354	-0.036409
 724	3.6150e-01	11.1125	12.269690	0.000818	8.178166	2.770838	-0.065535
 725	3.6200e-01	11.0804	12.014830	0.000636	6.360796	2.155096	-0.050972
 726	3.6250e-01	11.0516	11.942013	0.000182	1.817370	0.615742	-0.014563
 727	3.6300e-01	10.9858	12.306099	-0.000909	-9.086851	-3.078709	0.072817
 728	3.6350e-01	10.9409	12.488142	-0.000454	-4.543426	-1.539354	0.036409
 729	3.6400e-01	10.8976	11.869196	0.001545	15.447648	5.233805	-0.123789
 730	3.6450e-01	10.8671	11.832788	0.000091	0.908685	0.307871	-0.007282
 731	3.6500e-01	10.8318	11.432293	0.001000	9.995537	3.386579	-0.080099
 732	3.6550e-01	10.7869	11.541519	-0.000273	-2.726055	-0.923613	0.021845
 733	3.6600e-01	10.7484	11.759970	-0.000545	-5.452111	-1.847225	0.043690
 734	3.6650e-01	10.7018	11.286659	0.001181	11.812907	4.002321	-0.094662
 735	3.6700e-01	10.6521	11.250250	0.000091	0.908685	0.307871	-0.007282
 736	3.6750e-01	10.6248	10.958982	0.000727	7.269481	2.462967	-0.058254
 737	3.6800e-01	10.5863	11.068207	-0.000273	-2.726055	-0.923613	0.021845
 738	3.6850e-01	10.5430	10.776939	0.000727	7.269481	2.462967	-0.058254
 739	3.6900e-01	10.4917	11.068207	-0.000727	-7.269481	-2.462967	0.058254
 740	3.6950e-01	10.4580	10.813347	0.000636	6.360796	2.155096	-0.050972
 741	3.7000e-01	10.4243	10.449262	0.000909	9.086851	3.078709	-0.072817
 742	3.7050e-01	10.3890	10.522079	-0.000182	-1.817370	-0.615742	0.014563
 743	3.7100e-01	10.3393	10.303627	0.000545	5.452111	1.847225	-0.043690
 744	3.7150e-01	10.3136	10.449262	-0.000363	-3.634741	-1.231483	0.029127
 745	3.7200e-01	10.2655	10.048767	0.001000	9.995537	3.386579	-0.080099
 746	3.7250e-01	10.2382	9.830316	0.000545	5.452111	1.847225	-0.043690
 747	3.7300e-01	10.1965	10.085176	-0.000636	-6.360796	-2.155096	0.050972
 748	3.7350e-01	10.1452	10.048767	0.000091	0.908685	0.307871	-0.007282
 749	3.7400e-01	10.0986	9.721090	0.000818	8.178166	2.770838	-0.065535
 750	3.7450e-01	10.0666	9.502639	0.000545	5.452111	1.847225	-0.043690
 751	3.7500e-01	10.0072	9.429821	0.000182	1.817370	0.615742	-0.014563
 752	3.7550e-01	9.9847	9.502639	-0.000182	-1.817370	-0.615742	0.014563
 753	3.7600e-01	9.9462	9.357004	0.000363	3.634741	1.231483	-0.029127
 754	3.7650e-01	9.9206	9.393413	-0.000091	-0.908685	-0.307871	0.007282
 755	3.7700e-01	9.8692	9.065736	0.000818	8.178166	2.770838	-0.065535
 756	3.7750e-01	9.8115	8.810876	0.000636	6.360796	2.155096	-0.050972
 757	3.7800e-01	9.7987	8.665241	0.000363	3.634741	1.231483	-0.029127
 758	3.7850e-01	9.7329	8.774467	-0.000273	-2.726055	-0.923613	0.021845
 759	3.7900e-01	9.7184	8.701650	0.000182	1.817370	0.615742	-0.014563
 760	3.7950e-01	9.6815	8.592424	0.000273	2.726055	0.923613	-0.021845
 761	3.8000e-01	9.6238	8.446790	0.000363	3.634741	1.231483	-0.029127
 762	3.8050e-01	9.5981	8.483198	-0.000091	-0.908685	-0.307871	0.007282
 763	3.8100e-01	9.5420	8.373973	0.000273	2.726055	0.923613	-0.021845
 764	3.8150e-01	9.5035	8.009887	0.000909	9.086851	3.078709	-0.072817
 765	3.8200e-01	9.4714	8.592424	-0.001454	-14.538962	-4.925934	0.116507
 766	3.8250e-01	9.4489	8.009887	0.001454	14.538962	4.925934	-0.116507
 767	3.8300e-01	9.3960	7.900661	0.000273	2.726055	0.923613	-0.021845
 768	3.8350e-01	9.3398	7.645801	0.000636	6.360796	2.155096	-0.050972
 769	3.8400e-01	9.3046	7.827844	-0.000454	-4.543426	-1.539354	0.036409
 770	3.8450e-01	9.2548	7.245307	0.001454	14.538962	4.925934	-0.116507
 771	3.8500e-01	9.2131	7.245307	-0.000000	-0.000000	-0.000000	0.000000
 772	3.8550e-01	9.1794	7.063264	0.000454	4.543426	1.539354	-0.036409
 773	3.8600e-01	9.1297	7.354533	-0.000727	-7.269481	-2.462967	0.058254
 774	3.8650e-01	9.0960	6.917630	0.001090	10.904222	3.694450	-0.087381
 775	3.8700e-01	9.0463	6.917630	-0.000000	-0.000000	-0.000000	0.000000
 776	3.8750e-01	9.0126	7.026855	-0.000273	-2.726055	-0.923613	0.021845
 777	3.8800e-01	8.9789	6.225867	0.001999	19.991073	6.773159	-0.160198
 778	3.8850e-01	8.9436	6.954038	-0.001817	-18.173703	-6.157417	0.145634
 779	3.8900e-01	8.8955	6.662770	0.000727	7.269481	2.462967	-0.058254
 780	3.8950e-01	8.8810	6.371501	0.000727	7.269481	2.462967	-0.058254
 781	3.9000e-01	8.8489	6.153050	0.000545	5.452111	1.847225	-0.043690
 782	3.9050e-01	8.7816	6.371501	-0.000545	-5.452111	-1.847225	0.043690
 783	3.9100e-01	8.7447	5.971007	0.001000	9.995537	3.386579	-0.080099
 784	3.9150e-01	8.6949	5.825372	0.000363	3.634741	1.231483	-0.029127
 785	3.9200e-01	8.6789	5.570512	0.000636	6.360796	2.155096	-0.050972
 786	3.9250e-01	8.6420	5.934598	-0.000909	-9.086851	-3.078709	0.072817
 787	3.9300e-01	8.5907	5.861781	0.000182	1.817370	0.615742	-0.014563
 788	3.9350e-01	8.5361	5.461287	0.001000	9.995537	3.386579	-0.080099
 789	3.9400e-01	8.4912	5.352061	0.000273	2.726055	0.923613	-0.021845
 790	3.9450e-01	8.4591	5.424878	-0.000182	-1.817370	-0.615742	0.014563
 791	3.9500e-01	8.4206	5.315652	0.000273	2.726055	0.923613	-0.021845
 792	3.9550e-01	8.3757	5.097201	0.000545	5.452111	1.847225	-0.043690
 793	3.9600e-01	8.3228	5.060792	0.000091	0.908685	0.307871	-0.007282
 794	3.9650e-01	8.2939	4.878749	0.000454	4.543426	1.539354	-0.036409
 795	3.9700e-01	8.2698	4.259804	0.001545	15.447648	5.233805	-0.123789
 796	3.9750e-01	8.2169	4.405438	-0.000363	-3.634741	-1.231483	0.029127
 797	3.9800e-01	8.1800	4.623889	-0.000545	-5.452111	-1.847225	0.043690
 798	3.9850e-01	8.1367	4.004943	0.001545	15.447648	5.233805	-0.123789
 799	3.9900e-01	8.0950	4.077761	-0.000182	-1.817370	-0.615742	0.014563
 800	3.9950e-01	8.0629	3.932126	0.000363	3.634741	1.231483	-0.029127
 801	4.0000e-01	8.0228	4.114169	-0.000454	-4.543426	-1.539354	0.036409
 802	4.0050e-01	7.9955	3.604449	0.001272	12.721592	4.310192	-0.101944
 803	4.0100e-01	7.9410	3.604449	-0.000000	-0.000000	-0.000000	0.000000
 804	4.0150e-01	7.9121	3.276772	0.000818	8.178166	2.770838	-0.065535
 805	4.0200e-01	7.8752	3.240363	0.000091	0.908685	0.307871	-0.007282
 806	4.0250e-01	7.8254	3.131138	0.000273	2.726055	0.923613	-0.021845
 807	4.0300e-01	7.7853	3.021912	0.000273	2.726055	0.923613	-0.021845
 808	4.0350e-01	7.7324	2.985503	0.000091	0.908685	0.307871	-0.007282
 809	4.0400e-01	7.6859	2.439375	0.001363	13.630277	4.618063	-0.109226
 810	4.0450e-01	7.6602	2.949095	-0.001272	-12.721592	-4.310192	0.101944
 811	4.0500e-01	7.6137	2.475783	0.001181	11.812907	4.002321	-0.094662
 812	4.0550e-01	7.5864	2.839869	-0.000909	-9.086851	-3.078709	0.072817
 813	4.0600e-01	7.5271	2.657826	0.000454	4.543426	1.539354	-0.036409
 814	4.0650e-01	7.4741	2.402966	0.000636	6.360796	2.155096	-0.050972
 815	4.0700e-01	7.4565	2.220923	0.000454	4.543426	1.539354	-0.036409
 816	4.0750e-01	7.4228	2.220923	-0.000000	-0.000000	-0.000000	0.000000
 817	4.0800e-01	7.3747	2.038880	0.000454	4.543426	1.539354	-0.036409
 818	4.0850e-01	7.3506	2.111697	-0.000182	-1.817370	-0.615742	0.014563
 819	4.0900e-01	7.3169	1.638386	0.001181	11.812907	4.002321	-0.094662
 820	4.0950e-01	7.2688	1.383526	0.000636	6.360796	2.155096	-0.050972
 821	4.1000e-01	7.2142	1.638386	-0.000636	-6.360796	-2.155096	0.050972
 822	4.1050e-01	7.1789	1.747612	-0.000273	-2.726055	-0.923613	0.021845
 823	4.1100e-01	7.1244	0.946623	0.001999	19.991073	6.773159	-0.160198
 824	4.1150e-01	7.0971	1.055849	-0.000273	-2.726055	-0.923613	0.021845
 825	4.1200e-01	7.0442	1.128666	-0.000182	-1.817370	-0.615742	0.014563
 826	4.1250e-01	7.0265	1.019440	0.000273	2.726055	0.923613	-0.021845
 827	4.1300e-01	6.9929	0.837397	0.000454	4.543426	1.539354	-0.036409
 828	4.1350e-01	6.9335	0.837397	-0.000000	-0.000000	-0.000000	0.000000
 829	4.1400e-01	6.9223	0.582537	0.000636	6.360796	2.155096	-0.050972
 830	4.1450e-01	6.8613	0.291269	0.000727	7.269481	2.462967	-0.058254
 831	4.1500e-01	6.8212	0.291269	-0.000000	-0.000000	-0.000000	0.000000
 832	4.1550e-01	6.8003	0.072817	0.000545	5.452111	1.847225	-0.043690
 833	4.1600e-01	6.7410	-0.036409	0.000273	2.726055	0.923613	-0.021845
 834	4.1650e-01	6.7025	-0.182043	0.000363	3.634741	1.231483	-0.029127
 835	4.1700e-01	6.6608	0.036409	-0.000545	-5.452111	-1.847225	0.043690
 836	4.1750e-01	6.6207	-0.400494	0.001090	10.904222	3.694450	-0.087381
 837	4.1800e-01	6.5613	-0.327677	-0.000182	-1.817370	-0.615742	0.014563
 838	4.1850e-01	6.5228	-0.546129	0.000545	5.452111	1.847225	-0.043690
 839	4.1900e-01	6.4955	-0.509720	-0.000091	-0.908685	-0.307871	0.007282
 840	4.1950e-01	6.4875	-1.055849	0.001363	13.630277	4.618063	-0.109226
 841	4.2000e-01	6.4250	-0.800989	-0.000636	-6.360796	-2.155096	0.050972
 842	4.2050e-01	6.3977	-0.946623	0.000363	3.634741	1.231483	-0.029127
 843	4.2100e-01	6.3496	-1.165074	0.000545	5.452111	1.847225	-0.043690
 844	4.2150e-01	6.3255	-1.201483	0.000091	0.908685	0.307871	-0.007282
 845	4.2200e-01	6.2918	-1.601977	0.001000	9.995537	3.386579	-0.080099
 846	4.2250e-01	6.2116	-1.529160	-0.000182	-1.817370	-0.615742	0.014563
 847	4.2300e-01	6.1715	-1.456343	-0.000182	-1.817370	-0.615742	0.014563
 848	4.2350e-01	6.1410	-1.893246	0.001090	10.904222	3.694450	-0.087381
 849	4.2400e-01	6.0993	-1.820429	-0.000182	-1.817370	-0.615742	0.014563
 850	4.2450e-01	6.0736	-2.111697	0.000727	7.269481	2.462967	-0.058254
 851	4.2500e-01	6.0207	-1.929655	-0.000454	-4.543426	-1.539354	0.036409
 852	4.2550e-01	5.9870	-2.439375	0.001272	12.721592	4.310192	-0.101944
 853	4.2600e-01	5.9469	-2.366558	-0.000182	-1.817370	-0.615742	0.014563
 854	4.2650e-01	5.9068	-2.585009	0.000545	5.452111	1.847225	-0.043690
 855	4.2700e-01	5.8667	-2.621418	0.000091	0.908685	0.307871	-0.007282
 856	4.2750e-01	5.8314	-2.730643	0.000273	2.726055	0.923613	-0.021845
 857	4.2800e-01	5.7865	-2.803460	0.000182	1.817370	0.615742	-0.014563
 858	4.2850e-01	5.7432	-3.385998	0.001454	14.538962	4.925934	-0.116507
 859	4.2900e-01	5.6982	-3.422406	0.000091	0.908685	0.307871	-0.007282
 860	4.2950e-01	5.6581	-2.912686	-0.001272	-12.721592	-4.310192	0.101944
 861	4.3000e-01	5.5875	-3.422406	0.001272	12.721592	4.310192	-0.101944
 862	4.3050e-01	5.5603	-3.058320	-0.000909	-9.086851	-3.078709	0.072817
 863	4.3100e-01	5.5474	-3.968535	0.002272	22.717129	7.696772	-0.182043
 864	4.3150e-01	5.5089	-3.677266	-0.000727	-7.269481	-2.462967	0.058254
 865	4.3200e-01	5.4817	-3.968535	0.000727	7.269481	2.462967	-0.058254
 866	4.3250e-01	5.4480	-4.296212	0.000818	8.178166	2.770838	-0.065535
 867	4.3300e-01	5.3678	-4.077761	-0.000545	-5.452111	-1.847225	0.043690
 868	4.3350e-01	5.3261	-4.186986	0.000273	2.726055	0.923613	-0.021845
 869	4.3400e-01	5.3180	-4.514664	0.000818	8.178166	2.770838	-0.065535
 870	4.3450e-01	5.2731	-4.769524	0.000636	6.360796	2.155096	-0.050972
 871	4.3500e-01	5.2154	-4.551072	-0.000545	-5.452111	-1.847225	0.043690
 872	4.3550e-01	5.1961	-4.733115	0.000454	4.543426	1.539354	-0.036409
 873	4.3600e-01	5.1255	-5.170018	0.001090	10.904222	3.694450	-0.087381
 874	4.3650e-01	5.1079	-4.987975	-0.000454	-4.543426	-1.539354	0.036409
 875	4.3700e-01	5.0501	-5.206427	0.000545	5.452111	1.847225	-0.043690
 876	4.3750e-01	5.0196	-5.097201	-0.000273	-2.726055	-0.923613	0.021845
 877	4.3800e-01	5.0100	-5.534104	0.001090	10.904222	3.694450	-0.087381
 878	4.3850e-01	4.9346	-6.080232	0.001363	13.630277	4.618063	-0.109226
 879	4.3900e-01	4.9041	-5.570512	-0.001272	-12.721592	-4.310192	0.101944
 880	4.3950e-01	4.8769	-6.225867	0.001636	16.356333	5.541676	-0.131071
 881	4.4000e-01	4.8336	-5.971007	-0.000636	-6.360796	-2.155096	0.050972
 882	4.4050e-01	4.8079	-6.407910	0.001090	10.904222	3.694450	-0.087381
 883	4.4100e-01	4.7501	-5.825372	-0.001454	-14.538962	-4.925934	0.116507
 884	4.4150e-01	4.6908	-6.153050	0.000818	8.178166	2.770838	-0.065535
 885	4.4200e-01	4.6491	-6.881221	0.001817	18.173703	6.157417	-0.145634
 886	4.4250e-01	4.6218	-6.990447	0.000273	2.726055	0.923613	-0.021845
 887	4.4300e-01	4.5913	-6.990447	-0.000000	-0.000000	-0.000000	0.000000
 888	4.4350e-01	4.5512	-7.063264	0.000182	1.817370	0.615742	-0.014563
 889	4.4400e-01	4.5063	-7.245307	0.000454	4.543426	1.539354	-0.036409
 890	4.4450e-01	4.4694	-7.609393	0.000909	9.086851	3.078709	-0.072817
 891	4.4500e-01	4.4213	-7.354533	-0.000636	-6.360796	-2.155096	0.050972
 892	4.4550e-01	4.3924	-7.536575	0.000454	4.543426	1.539354	-0.036409
 893	4.4600e-01	4.3411	-7.609393	0.000182	1.817370	0.615742	-0.014563
 894	4.4650e-01	4.3106	-7.682210	0.000182	1.817370	0.615742	-0.014563
 895	4.4700e-01	4.2528	-8.009887	0.000818	8.178166	2.770838	-0.065535
 896	4.4750e-01	4.2400	-8.082704	0.000182	1.817370	0.615742	-0.014563
 897	4.4800e-01	4.1919	-8.191930	0.000273	2.726055	0.923613	-0.021845
 898	4.4850e-01	4.1502	-8.774467	0.001454	14.538962	4.925934	-0.116507
 899	4.4900e-01	4.0844	-8.628833	-0.000363	-3.634741	-1.231483	0.029127
 900	4.4950e-01	4.0619	-9.065736	0.001090	10.904222	3.694450	-0.087381
 901	4.5000e-01	4.0411	-8.847284	-0.000545	-5.452111	-1.847225	0.043690
 902	4.5050e-01	3.9689	-8.920101	0.000182	1.817370	0.615742	-0.014563
 903	4.5100e-01	3.9384	-8.883693	-0.000091	-0.908685	-0.307871	0.007282
 904	4.5150e-01	3.9207	-9.320596	0.001090	10.904222	3.694450	-0.087381
 905	4.5200e-01	3.8518	-8.847284	-0.001181	-11.812907	-4.002321	0.094662
 906	4.5250e-01	3.8213	-9.429821	0.001454	14.538962	4.925934	-0.116507
 907	4.5300e-01	3.7972	-9.684681	0.000636	6.360796	2.155096	-0.050972
 908	4.5350e-01	3.7411	-10.012359	0.000818	8.178166	2.770838	-0.065535
 909	4.5400e-01	3.6913	-9.793907	-0.000545	-5.452111	-1.847225	0.043690
 910	4.5450e-01	3.6705	-10.157993	0.000909	9.086851	3.078709	-0.072817
 911	4.5500e-01	3.6528	-9.939542	-0.000545	-5.452111	-1.847225	0.043690
 912	4.5550e-01	3.5967	-10.412853	0.001181	11.812907	4.002321	-0.094662
 913	4.5600e-01	3.5726	-10.485670	0.000182	1.817370	0.615742	-0.014563
 914	4.5650e-01	3.5085	-10.813347	0.000818	8.178166	2.770838	-0.065535
 915	4.5700e-01	3.4924	-10.376444	-0.001090	-10.904222	-3.694450	0.087381
 916	4.5750e-01	3.4202	-10.667713	0.000727	7.269481	2.462967	-0.058254
 917	4.5800e-01	3.3881	-11.213842	0.001363	13.630277	4.618063	-0.109226
 918	4.5850e-01	3.3528	-10.922573	-0.000727	-7.269481	-2.462967	0.058254
 919	4.5900e-01	3.3176	-11.213842	0.000727	7.269481	2.462967	-0.058254
 920	4.5950e-01	3.2630	-11.432293	0.000545	5.452111	1.847225	-0.043690
 921	4.6000e-01	3.2406	-12.087648	0.001636	16.356333	5.541676	-0.131071
 922	4.6050e-01	3.1876	-11.832788	-0.000636	-6.360796	-2.155096	0.050972
 923	4.6100e-01	3.1299	-11.723562	-0.000273	-2.726055	-0.923613	0.021845
 924	4.6150e-01	3.1170	-12.560959	0.002090	20.899758	7.081030	-0.167479
 925	4.6200e-01	3.0865	-12.087648	-0.001181	-11.812907	-4.002321	0.094662
 926	4.6250e-01	3.0480	-12.196873	0.000273	2.726055	0.923613	-0.021845
 927	4.6300e-01	2.9871	-12.888636	0.001727	17.265018	5.849546	-0.138353
 928	4.6350e-01	2.9422	-12.852228	-0.000091	-0.908685	-0.307871	0.007282
 929	4.6400e-01	2.9117	-12.852228	-0.000000	-0.000000	-0.000000	0.000000
 930	4.6450e-01	2.8620	-12.961453	0.000273	2.726055	0.923613	-0.021845
 931	4.6500e-01	2.8234	-12.888636	-0.000182	-1.817370	-0.615742	0.014563
 932	4.6550e-01	2.7753	-13.143496	0.000636	6.360796	2.155096	-0.050972
 933	4.6600e-01	2.7481	-13.252722	0.000273	2.726055	0.923613	-0.021845
 934	4.6650e-01	2.7095	-13.616808	0.000909	9.086851	3.078709	-0.072817
 935	4.6700e-01	2.6775	-13.908076	0.000727	7.269481	2.462967	-0.058254
 936	4.6750e-01	2.6518	-13.726034	-0.000454	-4.543426	-1.539354	0.036409
 937	4.6800e-01	2.5989	-14.017302	0.000727	7.269481	2.462967	-0.058254
 938	4.6850e-01	2.5764	-13.944485	-0.000182	-1.817370	-0.615742	0.014563
 939	4.6900e-01	2.5283	-14.672657	0.001817	18.173703	6.157417	-0.145634
 940	4.6950e-01	2.4609	-14.417796	-0.000636	-6.360796	-2.155096	0.050972
 941	4.7000e-01	2.4080	-14.344979	-0.000182	-1.817370	-0.615742	0.014563
 942	4.7050e-01	2.3967	-14.636248	0.000727	7.269481	2.462967	-0.058254
 943	4.7100e-01	2.3662	-14.745474	0.000273	2.726055	0.923613	-0.021845
 944	4.7150e-01	2.3149	-14.963925	0.000545	5.452111	1.847225	-0.043690
 945	4.7200e-01	2.2700	-15.218785	0.000636	6.360796	2.155096	-0.050972
 946	4.7250e-01	2.2427	-15.182377	-0.000091	-0.908685	-0.307871	0.007282
 947	4.7300e-01	2.1802	-15.728505	0.001363	13.630277	4.618063	-0.109226
 948	4.7350e-01	2.1657	-15.582871	-0.000363	-3.634741	-1.231483	0.029127
 949	4.7400e-01	2.1176	-15.728505	0.000363	3.634741	1.231483	-0.029127
 950	4.7450e-01	2.0775	-15.983365	0.000636	6.360796	2.155096	-0.050972
 951	4.7500e-01	2.0310	-16.201817	0.000545	5.452111	1.847225	-0.043690
 952	4.7550e-01	1.9989	-16.493085	0.000727	7.269481	2.462967	-0.058254
 953	4.7600e-01	1.9395	-16.347451	-0.000363	-3.634741	-1.231483	0.029127
 954	4.7650e-01	1.8834	-16.493085	0.000363	3.634741	1.231483	-0.029127
 955	4.7700e-01	1.8657	-16.893580	0.001000	9.995537	3.386579	-0.080099
 956	4.7750e-01	1.8272	-17.075623	0.000454	4.543426	1.539354	-0.036409
 957	4.7800e-01	1.7887	-17.148440	0.000182	1.817370	0.615742	-0.014563
 958	4.7850e-01	1.7470	-16.893580	-0.000636	-6.360796	-2.155096	0.050972
 959	4.7900e-01	1.6957	-17.039214	0.000363	3.634741	1.231483	-0.029127
 960	4.7950e-01	1.6604	-17.221257	0.000454	4.543426	1.539354	-0.036409
 961	4.8000e-01	1.6219	-17.913020	0.001727	17.265018	5.849546	-0.138353
 962	4.8050e-01	1.5754	-18.058654	0.000363	3.634741	1.231483	-0.029127
 963	4.8100e-01	1.5545	-17.985837	-0.000182	-1.817370	-0.615742	0.014563
 964	4.8150e-01	1.5208	-18.167880	0.000454	4.543426	1.539354	-0.036409
 965	4.8200e-01	1.4599	-18.459149	0.000727	7.269481	2.462967	-0.058254
 966	4.8250e-01	1.4486	-18.495557	0.000091	0.908685	0.307871	-0.007282
 967	4.8300e-01	1.3845	-18.859643	0.000909	9.086851	3.078709	-0.072817
 968	4.8350e-01	1.3492	-19.114503	0.000636	6.360796	2.155096	-0.050972
 969	4.8400e-01	1.3139	-19.369363	0.000636	6.360796	2.155096	-0.050972
 970	4.8450e-01	1.2754	-19.405772	0.000091	0.908685	0.307871	-0.007282
 971	4.8500e-01	1.2353	-19.078094	-0.000818	-8.178166	-2.770838	0.065535
 972	4.8550e-01	1.1823	-19.369363	0.000727	7.269481	2.462967	-0.058254
 973	4.8600e-01	1.1518	-19.951900	0.001454	14.538962	4.925934	-0.116507
 974	4.8650e-01	1.1165	-19.624223	-0.000818	-8.178166	-2.770838	0.065535
 975	4.8700e-01	1.0829	-20.206760	0.001454	14.538962	4.925934	-0.116507
 976	4.8750e-01	1.0540	-20.243169	0.000091	0.908685	0.307871	-0.007282
 977	4.8800e-01	1.0075	-20.315986	0.000182	1.817370	0.615742	-0.014563
 978	4.8850e-01	0.9497	-20.534437	0.000545	5.452111	1.847225	-0.043690
 979	4.8900e-01	0.9176	-20.680072	0.000363	3.634741	1.231483	-0.029127
 980	4.8950e-01	0.8839	-21.007749	0.000818	8.178166	2.770838	-0.065535
 981	4.9000e-01	0.8486	-20.971340	-0.000091	-0.908685	-0.307871	0.007282
 982	4.9050e-01	0.7764	-21.007749	0.000091	0.908685	0.307871	-0.007282
 983	4.9100e-01	0.7331	-21.517469	0.001272	12.721592	4.310192	-0.101944
 984	4.9150e-01	0.6994	-21.299018	-0.000545	-5.452111	-1.847225	0.043690
 985	4.9200e-01	0.6465	-21.444652	0.000363	3.634741	1.231483	-0.029127
 986	4.9250e-01	0.6481	-21.990780	-0.001363	-13.630277	-4.618063	-0.109226
 987	4.9300e-01	0.6000	-22.172823	0.000454	4.543426	1.539354	-0.036409
 988	4.9350e-01	0.5647	-22.391275	0.000545	5.452111	1.847225	-0.043690
 989	4.9400e-01	0.5198	-22.391275	-0.000000	-0.000000	-0.000000	0.000000
 990	4.9450e-01	0.4732	-22.391275	-0.000000	-0.000000	-0.000000	0.000000
 991	4.9500e-01	0.4283	-22.282049	-0.000273	-2.726055	-0.923613	0.021845
 992	4.9550e-01	0.3978	-23.192264	0.002272	22.717129	7.696772	-0.182043
 993	4.9600e-01	0.3401	-23.228672	0.000091	0.908685	0.307871	-0.007282
 994	4.9650e-01	0.3176	-23.192264	-0.000091	-0.908685	-0.307871	0.007282
 995	4.9700e-01	0.2839	-23.447124	0.000636	6.360796	2.155096	-0.050972
 996	4.9750e-01	0.2358	-23.447124	-0.000000	-0.000000	-0.000000	0.000000
 997	4.9800e-01	0.1845	-24.029661	0.001454	14.538962	4.925934	-0.116507
 998	4.9850e-01	0.1492	-23.993252	-0.000091	-0.908685	-0.307871	0.007282
 999	4.9900e-01	0.1107	-24.175295	0.000454	4.543426	1.539354	-0.036409
1000	4.9950e-01	0.0722	-24.138887	-0.000091	-0.908685	-0.307871	0.007282
1001	5.0000e-01	0.0642	-24.502972	-0.000091	-0.908685	-0.307871	-0.072817

PMax (uC/cm2):	6.33e+01
Pr (uC/cm2):	7.17e+00
-Pr (uC/cm2):	0.00e+00
PLoss (uC/cm2):	0.00e+00
C (Max-Eff) (nF):	3.16e-01
K (Eff):	1.07e+03
Vert. (+/-Pr) Shift (uC/cm2):	3.59e+00
Offset (uC/cm2):	3.17e+01

A (Loop Area - uC/cm2·Volts):	-4.23e-01



Hysteresis Version: 5.48.1 - Radiant Technologies, Inc., 1999 - 9/12/24

