»»»»»»»»»»»»»»»»»»»»»»»»»»»»»»»»»»»» Hysteresis ««««««««««««««««««««««««««««««««««««
»»»  Executed Version:	5.48.1
»»»  Vision Version:	5.48.4 (R)
»»»  Vision Compiled:	9/18/24
»»»  Driver Version:	5.47.0
»»»  Windows Version:	Windows 8 or 8.1
»»»  Processor Information:	x86 (AMD or Intel) - 32 Processors
»»»  Tester Name:	PMF21124-494 (100V)
»»»  Tester S/N:	PMF21124-494
»»»  Internal Amp Type:	100V RevK 270k
»»»  Internal Amp S/N:	iAB2-596/K     
»»»  Execution Count:	1
»»»»»»»»»»»»»»»»»»»»»»»»»»»»»»»»»»»»»»»»»»««««««««««««««««««««««««««««««««««««««««««

Stored:	10/8/2025 - 20:8:58
Configured:	10/08/25 04:22:59 PM
Executed:	10/08/25 08:08:40 PM

»»»»»»»»»»»»»»»»»»»»»»»»»»»»»»»»»»» Sample Info ««««««««««««««««««««««««««««««««««««
Sample Name:	Int. Ref. Ferroelectric
Lot Name:	N/A
Wafer Name:	N/A
Die Row/Column:	0/0
Capacitor Number:	0
Sample Area (cm2):	1.00e-04
Sample Thickness (microns):	3.00e-01

Amplifier:	Internal

»»»»»»»»»»»»»»»»»»»»»»»»»»»»»»»»»»» Tester Info «««««««««««««««««««««««««««««««««««
Tester Name:	PMF21124-494 (100V)
Tester Serial Number:	PMF21124-494
Return Signal Amp. Level:	0.02 [Index: 2]

»»»»»»»»»»»»»»»»»»»»»»»»»»»»»»»» Hysteresis Info ««««««««««««««««««««««««««««««««««
Task Name:	Hyste-8
Volts:	20.00
Field:	666.67 (kV/cm)
DCBias:	0.00
DCField:	0.00 (kV/cm)
Hysteresis Period (ms):	5.00e-01
Preset:	Enabled
Preset Delay (ms):	1.00e+03
Profile:	Standard Monopolar

»»»»»»»»»»»»»»»»»»»»»»»»»»»»»»»»»»»»»» Data «««««««««««««««««««««««««««««««««««««««
Points:	1001

Valid Data

Point	Time (ms)	Drive Voltage	Measured Polarization (uC/cm2)	Capacitance (uF)	Normalized Capacitance (uF/cm2)	Dielectric Constant	Instantaneous Current (mA)
   1	0.0000e+00	0.0321	-15.346215	0.000540	5.397173	1.828612	0.043690
   2	5.0000e-04	0.0481	-15.127764	0.000540	5.397173	1.828612	0.043690
   3	1.0000e-03	0.1540	-15.346215	-0.000540	-5.397173	-1.828612	-0.043690
   4	1.5000e-03	0.1829	-14.909312	0.001079	10.794346	3.657224	0.087381
   5	2.0000e-03	0.1973	-15.309807	-0.000989	-9.894817	-3.352455	-0.080099
   6	2.5000e-03	0.2599	-15.127764	0.000450	4.497644	1.523843	0.036409
   7	3.0000e-03	0.2920	-14.654452	0.001169	11.693875	3.961992	0.094662
   8	3.5000e-03	0.3449	-14.836495	-0.000450	-4.497644	-1.523843	-0.036409
   9	4.0000e-03	0.3593	-14.763678	0.000180	1.799058	0.609537	0.014563
  10	4.5000e-03	0.3818	-14.472409	0.000720	7.196231	2.438149	0.058254
  11	5.0000e-03	0.4027	-14.872904	-0.000989	-9.894817	-3.352455	-0.080099
  12	5.5000e-03	0.4845	-14.508818	0.000900	8.995289	3.047686	0.072817
  13	6.0000e-03	0.5069	-14.363184	0.000360	3.598115	1.219075	0.029127
  14	6.5000e-03	0.5727	-14.508818	-0.000360	-3.598115	-1.219075	-0.029127
  15	7.0000e-03	0.6417	-13.999098	0.001259	12.593404	4.266761	0.101944
  16	7.5000e-03	0.6321	-14.290366	0.000720	7.196231	2.438149	-0.058254
  17	8.0000e-03	0.6978	-14.108324	0.000450	4.497644	1.523843	0.036409
  18	8.5000e-03	0.7524	-14.217549	-0.000270	-2.698587	-0.914306	-0.021845
  19	9.0000e-03	0.7764	-14.181141	0.000090	0.899529	0.304769	0.007282
  20	9.5000e-03	0.8069	-13.853464	0.000810	8.095760	2.742918	0.065535
  21	1.0000e-02	0.8262	-14.253958	-0.000989	-9.894817	-3.352455	-0.080099
  22	1.0500e-02	0.8775	-13.562195	0.001709	17.091048	5.790604	0.138353
  23	1.1000e-02	0.9497	-13.889872	-0.000810	-8.095760	-2.742918	-0.065535
  24	1.1500e-02	0.9433	-13.780646	-0.000270	-2.698587	-0.914306	0.021845
  25	1.2000e-02	0.9834	-13.744238	0.000090	0.899529	0.304769	0.007282
  26	1.2500e-02	0.9978	-13.380152	0.000900	8.995289	3.047686	0.072817
  27	1.3000e-02	1.0748	-13.635012	-0.000630	-6.296702	-2.133380	-0.050972
  28	1.3500e-02	1.1278	-13.270926	0.000900	8.995289	3.047686	0.072817
  29	1.4000e-02	1.1759	-13.452969	-0.000450	-4.497644	-1.523843	-0.036409
  30	1.4500e-02	1.1984	-13.088883	0.000900	8.995289	3.047686	0.072817
  31	1.5000e-02	1.2529	-12.906841	0.000450	4.497644	1.523843	0.036409
  32	1.5500e-02	1.2722	-13.088883	-0.000450	-4.497644	-1.523843	-0.036409
  33	1.6000e-02	1.3315	-13.125292	-0.000090	-0.899529	-0.304769	-0.007282
  34	1.6500e-02	1.3588	-12.870432	0.000630	6.296702	2.133380	0.050972
  35	1.7000e-02	1.4117	-12.724798	0.000360	3.598115	1.219075	0.029127
  36	1.7500e-02	1.4181	-12.469938	0.000630	6.296702	2.133380	0.050972
  37	1.8000e-02	1.4775	-12.688389	-0.000540	-5.397173	-1.828612	-0.043690
  38	1.8500e-02	1.5449	-12.178669	0.001259	12.593404	4.266761	0.101944
  39	1.9000e-02	1.5770	-12.688389	-0.001259	-12.593404	-4.266761	-0.101944
  40	1.9500e-02	1.6042	-12.579163	0.000270	2.698587	0.914306	0.021845
  41	2.0000e-02	1.6588	-12.324303	0.000630	6.296702	2.133380	0.050972
  42	2.0500e-02	1.6636	-12.360712	-0.000090	-0.899529	-0.304769	-0.007282
  43	2.1000e-02	1.7390	-12.397120	-0.000090	-0.899529	-0.304769	-0.007282
  44	2.1500e-02	1.7534	-12.105852	0.000720	7.196231	2.438149	0.058254
  45	2.2000e-02	1.8080	-11.887400	0.000540	5.397173	1.828612	0.043690
  46	2.2500e-02	1.8433	-12.033035	-0.000360	-3.598115	-1.219075	-0.029127
  47	2.3000e-02	1.8962	-11.960218	0.000180	1.799058	0.609537	0.014563
  48	2.3500e-02	1.9283	-11.705357	0.000630	6.296702	2.133380	0.050972
  49	2.4000e-02	1.9764	-11.778175	-0.000180	-1.799058	-0.609537	-0.014563
  50	2.4500e-02	1.9892	-11.486906	0.000720	7.196231	2.438149	0.058254
  51	2.5000e-02	2.0470	-11.523315	-0.000090	-0.899529	-0.304769	-0.007282
  52	2.5500e-02	2.0823	-11.632540	-0.000270	-2.698587	-0.914306	-0.021845
  53	2.6000e-02	2.1096	-11.232046	0.000989	9.894817	3.352455	0.080099
  54	2.6500e-02	2.1769	-11.159229	0.000180	1.799058	0.609537	0.014563
  55	2.7000e-02	2.2042	-11.159229	0.000000	0.000000	0.000000	0.000000
  56	2.7500e-02	2.2331	-11.195637	-0.000090	-0.899529	-0.304769	-0.007282
  57	2.8000e-02	2.2828	-11.122820	0.000180	1.799058	0.609537	0.014563
  58	2.8500e-02	2.3101	-11.268455	-0.000360	-3.598115	-1.219075	-0.029127
  59	2.9000e-02	2.3791	-10.795143	0.001169	11.693875	3.961992	0.094662
  60	2.9500e-02	2.4256	-11.159229	-0.000900	-8.995289	-3.047686	-0.072817
  61	3.0000e-02	2.4368	-10.904369	0.000630	6.296702	2.133380	0.050972
  62	3.0500e-02	2.4785	-11.195637	-0.000720	-7.196231	-2.438149	-0.058254
  63	3.1000e-02	2.5090	-10.431057	0.001889	18.890106	6.400141	0.152916
  64	3.1500e-02	2.5636	-10.685917	-0.000630	-6.296702	-2.133380	-0.050972
  65	3.2000e-02	2.6053	-10.685917	0.000000	0.000000	0.000000	0.000000
  66	3.2500e-02	2.6582	-10.503874	0.000450	4.497644	1.523843	0.036409
  67	3.3000e-02	2.6887	-10.358240	0.000360	3.598115	1.219075	0.029127
  68	3.3500e-02	2.7224	-10.139789	0.000540	5.397173	1.828612	0.043690
  69	3.4000e-02	2.7609	-9.921337	0.000540	5.397173	1.828612	0.043690
  70	3.4500e-02	2.8106	-10.540283	-0.001529	-15.291991	-5.181067	-0.123789
  71	3.5000e-02	2.8363	-10.066972	0.001169	11.693875	3.961992	0.094662
  72	3.5500e-02	2.8539	-10.613100	-0.001349	-13.492933	-4.571529	-0.109226
  73	3.6000e-02	2.8988	-10.249014	0.000900	8.995289	3.047686	0.072817
  74	3.6500e-02	2.9550	-9.994154	0.000630	6.296702	2.133380	0.050972
  75	3.7000e-02	3.0336	-9.921337	0.000180	1.799058	0.609537	0.014563
  76	3.7500e-02	3.0304	-9.739294	-0.000450	-4.497644	-1.523843	0.036409
  77	3.8000e-02	3.1138	-9.557251	0.000450	4.497644	1.523843	0.036409
  78	3.8500e-02	3.1315	-9.702886	-0.000360	-3.598115	-1.219075	-0.029127
  79	3.9000e-02	3.1908	-9.411617	0.000720	7.196231	2.438149	0.058254
  80	3.9500e-02	3.2117	-9.448026	-0.000090	-0.899529	-0.304769	-0.007282
  81	4.0000e-02	3.2582	-9.520843	-0.000180	-1.799058	-0.609537	-0.014563
  82	4.0500e-02	3.2726	-9.848520	-0.000810	-8.095760	-2.742918	-0.065535
  83	4.1000e-02	3.3384	-9.265983	0.001439	14.392462	4.876298	0.116507
  84	4.1500e-02	3.3817	-8.683446	0.001439	14.392462	4.876298	0.116507
  85	4.2000e-02	3.3962	-9.375209	-0.001709	-17.091048	-5.790604	-0.138353
  86	4.2500e-02	3.4539	-8.901897	0.001169	11.693875	3.961992	0.094662
  87	4.3000e-02	3.4844	-8.865488	0.000090	0.899529	0.304769	0.007282
  88	4.3500e-02	3.5165	-9.083940	-0.000540	-5.397173	-1.828612	-0.043690
  89	4.4000e-02	3.5855	-8.719854	0.000900	8.995289	3.047686	0.072817
  90	4.4500e-02	3.5871	-8.974714	-0.000630	-6.296702	-2.133380	-0.050972
  91	4.5000e-02	3.6384	-8.865488	0.000270	2.698587	0.914306	0.021845
  92	4.5500e-02	3.6785	-8.537811	0.000810	8.095760	2.742918	0.065535
  93	4.6000e-02	3.7106	-8.756263	-0.000540	-5.397173	-1.828612	-0.043690
  94	4.6500e-02	3.7651	-8.392177	0.000900	8.995289	3.047686	0.072817
  95	4.7000e-02	3.8181	-8.355768	0.000090	0.899529	0.304769	0.007282
  96	4.7500e-02	3.8470	-8.282951	0.000180	1.799058	0.609537	0.014563
  97	4.8000e-02	3.9015	-8.574220	-0.000720	-7.196231	-2.438149	-0.058254
  98	4.8500e-02	3.9528	-7.773231	0.001979	19.789635	6.704910	0.160198
  99	4.9000e-02	3.9705	-8.137317	-0.000900	-8.995289	-3.047686	-0.072817
 100	4.9500e-02	3.9881	-8.137317	0.000000	0.000000	0.000000	0.000000
 101	5.0000e-02	4.0475	-8.100908	0.000090	0.899529	0.304769	0.007282
 102	5.0500e-02	4.0924	-8.064500	0.000090	0.899529	0.304769	0.007282
 103	5.1000e-02	4.1421	-7.991683	0.000180	1.799058	0.609537	0.014563
 104	5.1500e-02	4.1694	-7.445554	0.001349	13.492933	4.571529	0.109226
 105	5.2000e-02	4.2047	-7.846048	-0.000989	-9.894817	-3.352455	-0.080099
 106	5.2500e-02	4.2624	-7.154285	0.001709	17.091048	5.790604	0.138353
 107	5.3000e-02	4.2657	-7.481963	-0.000810	-8.095760	-2.742918	-0.065535
 108	5.3500e-02	4.3266	-7.117877	0.000900	8.995289	3.047686	0.072817
 109	5.4000e-02	4.3731	-7.591188	-0.001169	-11.693875	-3.961992	-0.094662
 110	5.4500e-02	4.4181	-7.518371	0.000180	1.799058	0.609537	0.014563
 111	5.5000e-02	4.4534	-7.117877	0.000989	9.894817	3.352455	0.080099
 112	5.5500e-02	4.4790	-7.299920	-0.000450	-4.497644	-1.523843	-0.036409
 113	5.6000e-02	4.5384	-7.081468	0.000540	5.397173	1.828612	0.043690
 114	5.6500e-02	4.5576	-7.227103	-0.000360	-3.598115	-1.219075	-0.029127
 115	5.7000e-02	4.6009	-7.117877	0.000270	2.698587	0.914306	0.021845
 116	5.7500e-02	4.6074	-6.826608	0.000720	7.196231	2.438149	0.058254
 117	5.8000e-02	4.6924	-7.081468	-0.000630	-6.296702	-2.133380	-0.050972
 118	5.8500e-02	4.7341	-6.790200	0.000720	7.196231	2.438149	0.058254
 119	5.9000e-02	4.7646	-6.753791	0.000090	0.899529	0.304769	0.007282
 120	5.9500e-02	4.7902	-6.790200	-0.000090	-0.899529	-0.304769	-0.007282
 121	6.0000e-02	4.8560	-6.535340	0.000630	6.296702	2.133380	0.050972
 122	6.0500e-02	4.8640	-6.790200	-0.000630	-6.296702	-2.133380	-0.050972
 123	6.1000e-02	4.9346	-6.316888	0.001169	11.693875	3.961992	0.094662
 124	6.1500e-02	4.9651	-6.280480	0.000090	0.899529	0.304769	0.007282
 125	6.2000e-02	4.9988	-6.753791	-0.001169	-11.693875	-3.961992	-0.094662
 126	6.2500e-02	5.0565	-6.280480	0.001169	11.693875	3.961992	0.094662
 127	6.3000e-02	5.1015	-6.098437	0.000450	4.497644	1.523843	0.036409
 128	6.3500e-02	5.1191	-6.025619	0.000180	1.799058	0.609537	0.014563
 129	6.4000e-02	5.1720	-6.134845	-0.000270	-2.698587	-0.914306	-0.021845
 130	6.4500e-02	5.2266	-6.207662	-0.000180	-1.799058	-0.609537	-0.014563
 131	6.5000e-02	5.2507	-6.134845	0.000180	1.799058	0.609537	0.014563
 132	6.5500e-02	5.2876	-5.661534	0.001169	11.693875	3.961992	0.094662
 133	6.6000e-02	5.2956	-5.916394	-0.000630	-6.296702	-2.133380	-0.050972
 134	6.6500e-02	5.3597	-5.697942	0.000540	5.397173	1.828612	0.043690
 135	6.7000e-02	5.3854	-5.734351	-0.000090	-0.899529	-0.304769	-0.007282
 136	6.7500e-02	5.4528	-5.879985	-0.000360	-3.598115	-1.219075	-0.029127
 137	6.8000e-02	5.4801	-5.734351	0.000360	3.598115	1.219075	0.029127
 138	6.8500e-02	5.5378	-5.479491	0.000630	6.296702	2.133380	0.050972
 139	6.9000e-02	5.5410	-5.661534	-0.000450	-4.497644	-1.523843	-0.036409
 140	6.9500e-02	5.5795	-5.297448	0.000900	8.995289	3.047686	0.072817
 141	7.0000e-02	5.6309	-4.896954	0.000989	9.894817	3.352455	0.080099
 142	7.0500e-02	5.6742	-5.479491	-0.001439	-14.392462	-4.876298	-0.116507
 143	7.1000e-02	5.7047	-5.115405	0.000900	8.995289	3.047686	0.072817
 144	7.1500e-02	5.7688	-5.224631	-0.000270	-2.698587	-0.914306	-0.021845
 145	7.2000e-02	5.7977	-4.896954	0.000810	8.095760	2.742918	0.065535
 146	7.2500e-02	5.8362	-4.969771	-0.000180	-1.799058	-0.609537	-0.014563
 147	7.3000e-02	5.8651	-4.642094	0.000810	8.095760	2.742918	0.065535
 148	7.3500e-02	5.9228	-4.423642	0.000540	5.397173	1.828612	0.043690
 149	7.4000e-02	5.9533	-4.969771	-0.001349	-13.492933	-4.571529	-0.109226
 150	7.4500e-02	6.0335	-4.605685	0.000900	8.995289	3.047686	0.072817
 151	7.5000e-02	6.0496	-4.860545	-0.000630	-6.296702	-2.133380	-0.050972
 152	7.5500e-02	6.0784	-4.969771	-0.000270	-2.698587	-0.914306	-0.021845
 153	7.6000e-02	6.1298	-4.168782	0.001979	19.789635	6.704910	0.160198
 154	7.6500e-02	6.1795	-4.532868	-0.000900	-8.995289	-3.047686	-0.072817
 155	7.7000e-02	6.2036	-4.095965	0.001079	10.794346	3.657224	0.087381
 156	7.7500e-02	6.2437	-4.350825	-0.000630	-6.296702	-2.133380	-0.050972
 157	7.8000e-02	6.3127	-4.205191	0.000360	3.598115	1.219075	0.029127
 158	7.8500e-02	6.3143	-4.278008	-0.000180	-1.799058	-0.609537	-0.014563
 159	7.9000e-02	6.3800	-4.059556	0.000540	5.397173	1.828612	0.043690
 160	7.9500e-02	6.4089	-3.877513	0.000450	4.497644	1.523843	0.036409
 161	8.0000e-02	6.4105	-3.877513	0.000000	0.000000	0.000000	0.000000
 162	8.0500e-02	6.4667	-4.059556	-0.000450	-4.497644	-1.523843	-0.036409
 163	8.1000e-02	6.4795	-3.986739	0.000180	1.799058	0.609537	0.014563
 164	8.1500e-02	6.5613	-4.059556	-0.000180	-1.799058	-0.609537	-0.014563
 165	8.2000e-02	6.5950	-3.986739	0.000180	1.799058	0.609537	0.014563
 166	8.2500e-02	6.6287	-3.477019	0.001259	12.593404	4.266761	0.101944
 167	8.3000e-02	6.6880	-4.168782	-0.001709	-17.091048	-5.790604	-0.138353
 168	8.3500e-02	6.7041	-3.477019	0.001709	17.091048	5.790604	0.138353
 169	8.4000e-02	6.7811	-3.513428	-0.000090	-0.899529	-0.304769	-0.007282
 170	8.4500e-02	6.7875	-3.185750	0.000810	8.095760	2.742918	0.065535
 171	8.5000e-02	6.8453	-3.513428	-0.000810	-8.095760	-2.742918	-0.065535
 172	8.5500e-02	6.8709	-3.331385	0.000450	4.497644	1.523843	0.036409
 173	8.6000e-02	6.9142	-3.149342	0.000450	4.497644	1.523843	0.036409
 174	8.6500e-02	6.9624	-3.222159	-0.000180	-1.799058	-0.609537	-0.014563
 175	8.7000e-02	7.0281	-3.003708	0.000540	5.397173	1.828612	0.043690
 176	8.7500e-02	7.0506	-3.003708	0.000000	0.000000	0.000000	0.000000
 177	8.8000e-02	7.0795	-3.076525	-0.000180	-1.799058	-0.609537	-0.014563
 178	8.8500e-02	7.1308	-2.712439	0.000900	8.995289	3.047686	0.072817
 179	8.9000e-02	7.1276	-2.894482	0.000450	4.497644	1.523843	-0.036409
 180	8.9500e-02	7.2207	-2.712439	0.000450	4.497644	1.523843	0.036409
 181	9.0000e-02	7.2527	-2.603213	0.000270	2.698587	0.914306	0.021845
 182	9.0500e-02	7.2752	-2.858073	-0.000630	-6.296702	-2.133380	-0.050972
 183	9.1000e-02	7.3057	-2.930890	-0.000180	-1.799058	-0.609537	-0.014563
 184	9.1500e-02	7.3731	-2.239127	0.001709	17.091048	5.790604	0.138353
 185	9.2000e-02	7.4051	-2.603213	-0.000900	-8.995289	-3.047686	-0.072817
 186	9.2500e-02	7.4180	-1.911450	0.001709	17.091048	5.790604	0.138353
 187	9.3000e-02	7.4725	-2.493988	-0.001439	-14.392462	-4.876298	-0.116507
 188	9.3500e-02	7.5287	-2.311945	0.000450	4.497644	1.523843	0.036409
 189	9.4000e-02	7.5656	-2.348353	-0.000090	-0.899529	-0.304769	-0.007282
 190	9.4500e-02	7.6217	-2.275536	0.000180	1.799058	0.609537	0.014563
 191	9.5000e-02	7.6233	-2.166310	0.000270	2.698587	0.914306	0.021845
 192	9.5500e-02	7.6843	-1.911450	0.000630	6.296702	2.133380	0.050972
 193	9.6000e-02	7.7260	-2.020676	-0.000270	-2.698587	-0.914306	-0.021845
 194	9.6500e-02	7.7661	-1.875042	0.000360	3.598115	1.219075	0.029127
 195	9.7000e-02	7.7773	-1.838633	0.000090	0.899529	0.304769	0.007282
 196	9.7500e-02	7.8367	-1.838633	0.000000	0.000000	0.000000	0.000000
 197	9.8000e-02	7.9041	-1.729407	0.000270	2.698587	0.914306	0.021845
 198	9.8500e-02	7.9329	-1.875042	-0.000360	-3.598115	-1.219075	-0.029127
 199	9.9000e-02	7.9361	-1.729407	0.000360	3.598115	1.219075	0.029127
 200	9.9500e-02	8.0019	-1.292504	0.001079	10.794346	3.657224	0.087381
 201	1.0000e-01	8.0404	-1.510956	-0.000540	-5.397173	-1.828612	-0.043690
 202	1.0050e-01	8.0934	-1.365322	0.000360	3.598115	1.219075	0.029127
 203	1.0100e-01	8.1190	-1.256096	0.000270	2.698587	0.914306	0.021845
 204	1.0150e-01	8.1447	-1.328913	-0.000180	-1.799058	-0.609537	-0.014563
 205	1.0200e-01	8.1912	-0.928419	0.000989	9.894817	3.352455	0.080099
 206	1.0250e-01	8.2409	-0.928419	0.000000	0.000000	0.000000	0.000000
 207	1.0300e-01	8.2955	-1.037644	-0.000270	-2.698587	-0.914306	-0.021845
 208	1.0350e-01	8.3308	-0.964827	0.000180	1.799058	0.609537	0.014563
 209	1.0400e-01	8.3629	-0.892010	0.000180	1.799058	0.609537	0.014563
 210	1.0450e-01	8.4094	-0.782784	0.000270	2.698587	0.914306	0.021845
 211	1.0500e-01	8.4367	-0.782784	0.000000	0.000000	0.000000	0.000000
 212	1.0550e-01	8.4944	-0.819193	-0.000090	-0.899529	-0.304769	-0.007282
 213	1.0600e-01	8.5490	-0.746376	0.000180	1.799058	0.609537	0.014563
 214	1.0650e-01	8.5650	-0.382290	0.000900	8.995289	3.047686	0.072817
 215	1.0700e-01	8.5810	-0.564333	-0.000450	-4.497644	-1.523843	-0.036409
 216	1.0750e-01	8.6629	-0.600742	-0.000090	-0.899529	-0.304769	-0.007282
 217	1.0800e-01	8.6773	-0.018204	0.001439	14.392462	4.876298	0.116507
 218	1.0850e-01	8.7110	-0.637150	-0.001529	-15.291991	-5.181067	-0.123789
 219	1.0900e-01	8.7495	-0.491516	0.000360	3.598115	1.219075	0.029127
 220	1.0950e-01	8.7944	-0.200247	0.000720	7.196231	2.438149	0.058254
 221	1.1000e-01	8.8522	-0.382290	-0.000450	-4.497644	-1.523843	-0.036409
 222	1.1050e-01	8.8874	-0.054613	0.000810	8.095760	2.742918	0.065535
 223	1.1100e-01	8.9260	-0.127430	-0.000180	-1.799058	-0.609537	-0.014563
 224	1.1150e-01	8.9628	0.127430	0.000630	6.296702	2.133380	0.050972
 225	1.1200e-01	8.9981	0.127430	0.000000	0.000000	0.000000	0.000000
 226	1.1250e-01	9.0366	0.127430	0.000000	0.000000	0.000000	0.000000
 227	1.1300e-01	9.0735	0.491516	0.000900	8.995289	3.047686	0.072817
 228	1.1350e-01	9.1313	0.127430	-0.000900	-8.995289	-3.047686	-0.072817
 229	1.1400e-01	9.1698	0.309473	0.000450	4.497644	1.523843	0.036409
 230	1.1450e-01	9.1923	0.382290	0.000180	1.799058	0.609537	0.014563
 231	1.1500e-01	9.2340	0.418699	0.000090	0.899529	0.304769	0.007282
 232	1.1550e-01	9.2853	0.382290	-0.000090	-0.899529	-0.304769	-0.007282
 233	1.1600e-01	9.3190	0.637150	0.000630	6.296702	2.133380	0.050972
 234	1.1650e-01	9.3832	0.637150	0.000000	0.000000	0.000000	0.000000
 235	1.1700e-01	9.3960	0.637150	0.000000	0.000000	0.000000	0.000000
 236	1.1750e-01	9.4217	1.146870	0.001259	12.593404	4.266761	0.101944
 237	1.1800e-01	9.4874	0.637150	-0.001259	-12.593404	-4.266761	-0.101944
 238	1.1850e-01	9.5211	1.001236	0.000900	8.995289	3.047686	0.072817
 239	1.1900e-01	9.5725	0.637150	-0.000900	-8.995289	-3.047686	-0.072817
 240	1.1950e-01	9.6029	0.964827	0.000810	8.095760	2.742918	0.065535
 241	1.2000e-01	9.6382	1.001236	0.000090	0.899529	0.304769	0.007282
 242	1.2050e-01	9.6912	0.964827	-0.000090	-0.899529	-0.304769	-0.007282
 243	1.2100e-01	9.6960	1.328913	0.000900	8.995289	3.047686	0.072817
 244	1.2150e-01	9.7457	1.365322	0.000090	0.899529	0.304769	0.007282
 245	1.2200e-01	9.7970	1.401730	0.000090	0.899529	0.304769	0.007282
 246	1.2250e-01	9.8708	1.365322	-0.000090	-0.899529	-0.304769	-0.007282
 247	1.2300e-01	9.8724	1.401730	0.000090	0.899529	0.304769	0.007282
 248	1.2350e-01	9.9414	1.510956	0.000270	2.698587	0.914306	0.021845
 249	1.2400e-01	9.9318	1.692999	-0.000450	-4.497644	-1.523843	0.036409
 250	1.2450e-01	10.0216	1.474547	-0.000540	-5.397173	-1.828612	-0.043690
 251	1.2500e-01	10.0216	1.692999	-0.000540	-5.397173	-1.828612	0.043690
 252	1.2550e-01	10.0746	1.692999	0.000000	0.000000	0.000000	0.000000
 253	1.2600e-01	10.1371	1.984267	0.000720	7.196231	2.438149	0.058254
 254	1.2650e-01	10.1692	1.984267	0.000000	0.000000	0.000000	0.000000
 255	1.2700e-01	10.2013	2.129902	0.000360	3.598115	1.219075	0.029127
 256	1.2750e-01	10.2398	1.875042	-0.000630	-6.296702	-2.133380	-0.050972
 257	1.2800e-01	10.2703	1.692999	-0.000450	-4.497644	-1.523843	-0.036409
 258	1.2850e-01	10.3056	1.984267	0.000720	7.196231	2.438149	0.058254
 259	1.2900e-01	10.3826	2.348353	0.000900	8.995289	3.047686	0.072817
 260	1.2950e-01	10.3874	2.275536	-0.000180	-1.799058	-0.609537	-0.014563
 261	1.3000e-01	10.4339	2.020676	-0.000630	-6.296702	-2.133380	-0.050972
 262	1.3050e-01	10.4644	2.348353	0.000810	8.095760	2.742918	0.065535
 263	1.3100e-01	10.5318	2.057085	-0.000720	-7.196231	-2.438149	-0.058254
 264	1.3150e-01	10.5879	2.421170	0.000900	8.995289	3.047686	0.072817
 265	1.3200e-01	10.6056	2.275536	-0.000360	-3.598115	-1.219075	-0.029127
 266	1.3250e-01	10.6008	2.530396	-0.000630	-6.296702	-2.133380	0.050972
 267	1.3300e-01	10.6826	2.493988	-0.000090	-0.899529	-0.304769	-0.007282
 268	1.3350e-01	10.7243	2.239127	-0.000630	-6.296702	-2.133380	-0.050972
 269	1.3400e-01	10.7628	2.821665	0.001439	14.392462	4.876298	0.116507
 270	1.3450e-01	10.7853	2.530396	-0.000720	-7.196231	-2.438149	-0.058254
 271	1.3500e-01	10.8510	2.858073	0.000810	8.095760	2.742918	0.065535
 272	1.3550e-01	10.8815	2.858073	0.000000	0.000000	0.000000	0.000000
 273	1.3600e-01	10.9409	2.894482	0.000090	0.899529	0.304769	0.007282
 274	1.3650e-01	10.9730	3.222159	0.000810	8.095760	2.742918	0.065535
 275	1.3700e-01	11.0227	2.858073	-0.000900	-8.995289	-3.047686	-0.072817
 276	1.3750e-01	11.0516	3.222159	0.000900	8.995289	3.047686	0.072817
 277	1.3800e-01	11.0724	3.294976	0.000180	1.799058	0.609537	0.014563
 278	1.3850e-01	11.1189	3.185750	-0.000270	-2.698587	-0.914306	-0.021845
 279	1.3900e-01	11.1494	3.367793	0.000450	4.497644	1.523843	0.036409
 280	1.3950e-01	11.2040	3.622653	0.000630	6.296702	2.133380	0.050972
 281	1.4000e-01	11.2328	3.695471	0.000180	1.799058	0.609537	0.014563
 282	1.4050e-01	11.2745	3.222159	-0.001169	-11.693875	-3.961992	-0.094662
 283	1.4100e-01	11.3419	3.841105	0.001529	15.291991	5.181067	0.123789
 284	1.4150e-01	11.3532	3.477019	-0.000900	-8.995289	-3.047686	-0.072817
 285	1.4200e-01	11.3917	3.695471	0.000540	5.397173	1.828612	0.043690
 286	1.4250e-01	11.4382	3.695471	0.000000	0.000000	0.000000	0.000000
 287	1.4300e-01	11.4895	3.804696	0.000270	2.698587	0.914306	0.021845
 288	1.4350e-01	11.5040	3.731879	-0.000180	-1.799058	-0.609537	-0.014563
 289	1.4400e-01	11.5441	3.768288	0.000090	0.899529	0.304769	0.007282
 290	1.4450e-01	11.6050	3.913922	0.000360	3.598115	1.219075	0.029127
 291	1.4500e-01	11.6451	3.659062	-0.000630	-6.296702	-2.133380	-0.050972
 292	1.4550e-01	11.6740	3.804696	0.000360	3.598115	1.219075	0.029127
 293	1.4600e-01	11.7253	4.059556	0.000630	6.296702	2.133380	0.050972
 294	1.4650e-01	11.7542	4.059556	0.000000	0.000000	0.000000	0.000000
 295	1.4700e-01	11.8136	4.205191	0.000360	3.598115	1.219075	0.029127
 296	1.4750e-01	11.8360	4.423642	0.000540	5.397173	1.828612	0.043690
 297	1.4800e-01	11.8793	4.132373	-0.000720	-7.196231	-2.438149	-0.058254
 298	1.4850e-01	11.9162	4.460051	0.000810	8.095760	2.742918	0.065535
 299	1.4900e-01	11.9563	4.241599	-0.000540	-5.397173	-1.828612	-0.043690
 300	1.4950e-01	12.0093	4.678502	0.001079	10.794346	3.657224	0.087381
 301	1.5000e-01	12.0366	4.714911	0.000090	0.899529	0.304769	0.007282
 302	1.5050e-01	12.1071	4.387234	-0.000810	-8.095760	-2.742918	-0.065535
 303	1.5100e-01	12.1055	4.569276	-0.000450	-4.497644	-1.523843	0.036409
 304	1.5150e-01	12.1633	4.969771	0.000989	9.894817	3.352455	0.080099
 305	1.5200e-01	12.2146	4.860545	-0.000270	-2.698587	-0.914306	-0.021845
 306	1.5250e-01	12.2403	4.787728	-0.000180	-1.799058	-0.609537	-0.014563
 307	1.5300e-01	12.2676	5.078996	0.000720	7.196231	2.438149	0.058254
 308	1.5350e-01	12.3478	4.824136	-0.000630	-6.296702	-2.133380	-0.050972
 309	1.5400e-01	12.3558	5.261039	0.001079	10.794346	3.657224	0.087381
 310	1.5450e-01	12.4007	5.151814	-0.000270	-2.698587	-0.914306	-0.021845
 311	1.5500e-01	12.4360	4.933362	-0.000540	-5.397173	-1.828612	-0.043690
 312	1.5550e-01	12.4970	5.370265	0.001079	10.794346	3.657224	0.087381
 313	1.5600e-01	12.5258	4.933362	-0.001079	-10.794346	-3.657224	-0.087381
 314	1.5650e-01	12.5708	5.552308	0.001529	15.291991	5.181067	0.123789
 315	1.5700e-01	12.6029	5.042588	-0.001259	-12.593404	-4.266761	-0.101944
 316	1.5750e-01	12.6478	5.479491	0.001079	10.794346	3.657224	0.087381
 317	1.5800e-01	12.6927	5.151814	-0.000810	-8.095760	-2.742918	-0.065535
 318	1.5850e-01	12.7504	5.770759	0.001529	15.291991	5.181067	0.123789
 319	1.5900e-01	12.7408	5.406674	0.000900	8.995289	3.047686	-0.072817
 320	1.5950e-01	12.8098	5.625125	0.000540	5.397173	1.828612	0.043690
 321	1.6000e-01	12.8226	5.661534	0.000090	0.899529	0.304769	0.007282
 322	1.6050e-01	12.8804	5.406674	-0.000630	-6.296702	-2.133380	-0.050972
 323	1.6100e-01	12.9317	5.879985	0.001169	11.693875	3.961992	0.094662
 324	1.6150e-01	12.9237	5.952802	-0.000180	-1.799058	-0.609537	0.014563
 325	1.6200e-01	13.0200	5.770759	-0.000450	-4.497644	-1.523843	-0.036409
 326	1.6250e-01	13.0761	5.879985	0.000270	2.698587	0.914306	0.021845
 327	1.6300e-01	13.0905	6.280480	0.000989	9.894817	3.352455	0.080099
 328	1.6350e-01	13.0825	5.916394	0.000900	8.995289	3.047686	-0.072817
 329	1.6400e-01	13.1387	5.879985	-0.000090	-0.899529	-0.304769	-0.007282
 330	1.6450e-01	13.1996	6.062028	0.000450	4.497644	1.523843	0.036409
 331	1.6500e-01	13.2173	6.498931	0.001079	10.794346	3.657224	0.087381
 332	1.6550e-01	13.2991	6.353297	-0.000360	-3.598115	-1.219075	-0.029127
 333	1.6600e-01	13.3248	6.025619	-0.000810	-8.095760	-2.742918	-0.065535
 334	1.6650e-01	13.4002	6.353297	0.000810	8.095760	2.742918	0.065535
 335	1.6700e-01	13.3889	6.899425	-0.001349	-13.492933	-4.571529	0.109226
 336	1.6750e-01	13.4387	6.280480	-0.001529	-15.291991	-5.181067	-0.123789
 337	1.6800e-01	13.5012	6.207662	-0.000180	-1.799058	-0.609537	-0.014563
 338	1.6850e-01	13.5413	6.498931	0.000720	7.196231	2.438149	0.058254
 339	1.6900e-01	13.5574	6.680974	0.000450	4.497644	1.523843	0.036409
 340	1.6950e-01	13.5959	7.154285	0.001169	11.693875	3.961992	0.094662
 341	1.7000e-01	13.6633	6.680974	-0.001169	-11.693875	-3.961992	-0.094662
 342	1.7050e-01	13.6697	6.753791	0.000180	1.799058	0.609537	0.014563
 343	1.7100e-01	13.7114	6.790200	0.000090	0.899529	0.304769	0.007282
 344	1.7150e-01	13.7884	7.190694	0.000989	9.894817	3.352455	0.080099
 345	1.7200e-01	13.8108	6.935834	-0.000630	-6.296702	-2.133380	-0.050972
 346	1.7250e-01	13.8253	7.045060	0.000270	2.698587	0.914306	0.021845
 347	1.7300e-01	13.8622	6.717382	-0.000810	-8.095760	-2.742918	-0.065535
 348	1.7350e-01	13.9440	7.481963	0.001889	18.890106	6.400141	0.152916
 349	1.7400e-01	13.9616	7.045060	-0.001079	-10.794346	-3.657224	-0.087381
 350	1.7450e-01	14.0210	7.190694	0.000360	3.598115	1.219075	0.029127
 351	1.7500e-01	14.0402	7.481963	0.000720	7.196231	2.438149	0.058254
 352	1.7550e-01	14.0932	7.445554	-0.000090	-0.899529	-0.304769	-0.007282
 353	1.7600e-01	14.1317	7.518371	0.000180	1.799058	0.609537	0.014563
 354	1.7650e-01	14.1638	7.518371	0.000000	0.000000	0.000000	0.000000
 355	1.7700e-01	14.1959	7.336328	-0.000450	-4.497644	-1.523843	-0.036409
 356	1.7750e-01	14.2456	7.736823	0.000989	9.894817	3.352455	0.080099
 357	1.7800e-01	14.2632	7.736823	0.000000	0.000000	0.000000	0.000000
 358	1.7850e-01	14.3082	7.809640	0.000180	1.799058	0.609537	0.014563
 359	1.7900e-01	14.3803	7.627597	-0.000450	-4.497644	-1.523843	-0.036409
 360	1.7950e-01	14.3707	7.736823	-0.000270	-2.698587	-0.914306	0.021845
 361	1.8000e-01	14.4429	7.773231	0.000090	0.899529	0.304769	0.007282
 362	1.8050e-01	14.4686	7.846048	0.000180	1.799058	0.609537	0.014563
 363	1.8100e-01	14.5087	7.918865	0.000180	1.799058	0.609537	0.014563
 364	1.8150e-01	14.5841	8.100908	0.000450	4.497644	1.523843	0.036409
 365	1.8200e-01	14.6097	8.100908	0.000000	0.000000	0.000000	0.000000
 366	1.8250e-01	14.6081	8.173726	-0.000180	-1.799058	-0.609537	0.014563
 367	1.8300e-01	14.6691	8.210134	0.000090	0.899529	0.304769	0.007282
 368	1.8350e-01	14.7397	7.918865	-0.000720	-7.196231	-2.438149	-0.058254
 369	1.8400e-01	14.7622	8.392177	0.001169	11.693875	3.961992	0.094662
 370	1.8450e-01	14.8103	8.464994	0.000180	1.799058	0.609537	0.014563
 371	1.8500e-01	14.8199	8.537811	0.000180	1.799058	0.609537	0.014563
 372	1.8550e-01	14.8985	8.282951	-0.000630	-6.296702	-2.133380	-0.050972
 373	1.8600e-01	14.9129	8.537811	0.000630	6.296702	2.133380	0.050972
 374	1.8650e-01	14.9755	8.792671	0.000630	6.296702	2.133380	0.050972
 375	1.8700e-01	15.0172	8.282951	-0.001259	-12.593404	-4.266761	-0.101944
 376	1.8750e-01	15.0670	8.610628	0.000810	8.095760	2.742918	0.065535
 377	1.8800e-01	15.0862	8.865488	0.000630	6.296702	2.133380	0.050972
 378	1.8850e-01	15.1135	8.355768	-0.001259	-12.593404	-4.266761	-0.101944
 379	1.8900e-01	15.1536	9.193166	0.002069	20.689164	7.009678	0.167479
 380	1.8950e-01	15.2161	8.829080	-0.000900	-8.995289	-3.047686	-0.072817
 381	1.9000e-01	15.2418	8.719854	-0.000270	-2.698587	-0.914306	-0.021845
 382	1.9050e-01	15.2980	8.574220	-0.000360	-3.598115	-1.219075	-0.029127
 383	1.9100e-01	15.3493	9.229574	0.001619	16.191520	5.485835	0.131071
 384	1.9150e-01	15.3413	8.683446	0.001349	13.492933	4.571529	-0.109226
 385	1.9200e-01	15.4006	9.156757	0.001169	11.693875	3.961992	0.094662
 386	1.9250e-01	15.4375	9.448026	0.000720	7.196231	2.438149	0.058254
 387	1.9300e-01	15.4600	8.901897	-0.001349	-13.492933	-4.571529	-0.109226
 388	1.9350e-01	15.5129	9.448026	0.001349	13.492933	4.571529	0.109226
 389	1.9400e-01	15.5370	9.156757	-0.000720	-7.196231	-2.438149	-0.058254
 390	1.9450e-01	15.6060	9.229574	0.000180	1.799058	0.609537	0.014563
 391	1.9500e-01	15.6188	9.411617	0.000450	4.497644	1.523843	0.036409
 392	1.9550e-01	15.6701	9.630069	0.000540	5.397173	1.828612	0.043690
 393	1.9600e-01	15.7247	9.557251	-0.000180	-1.799058	-0.609537	-0.014563
 394	1.9650e-01	15.7584	9.666477	0.000270	2.698587	0.914306	0.021845
 395	1.9700e-01	15.7808	9.557251	-0.000270	-2.698587	-0.914306	-0.021845
 396	1.9750e-01	15.8498	9.739294	0.000450	4.497644	1.523843	0.036409
 397	1.9800e-01	15.8707	9.957746	0.000540	5.397173	1.828612	0.043690
 398	1.9850e-01	15.9156	9.411617	-0.001349	-13.492933	-4.571529	-0.109226
 399	1.9900e-01	15.9573	9.994154	0.001439	14.392462	4.876298	0.116507
 400	1.9950e-01	16.0118	9.884929	-0.000270	-2.698587	-0.914306	-0.021845
 401	2.0000e-01	16.0391	9.630069	-0.000630	-6.296702	-2.133380	-0.050972
 402	2.0050e-01	16.1049	10.321832	0.001709	17.091048	5.790604	0.138353
 403	2.0100e-01	16.1145	9.884929	-0.001079	-10.794346	-3.657224	-0.087381
 404	2.0150e-01	16.1626	10.176197	0.000720	7.196231	2.438149	0.058254
 405	2.0200e-01	16.1787	10.249014	0.000180	1.799058	0.609537	0.014563
 406	2.0250e-01	16.2461	10.212606	-0.000090	-0.899529	-0.304769	-0.007282
 407	2.0300e-01	16.2669	10.176197	-0.000090	-0.899529	-0.304769	-0.007282
 408	2.0350e-01	16.3183	10.503874	0.000810	8.095760	2.742918	0.065535
 409	2.0400e-01	16.3712	10.249014	-0.000630	-6.296702	-2.133380	-0.050972
 410	2.0450e-01	16.3904	10.139789	-0.000270	-2.698587	-0.914306	-0.021845
 411	2.0500e-01	16.4498	10.795143	0.001619	16.191520	5.485835	0.131071
 412	2.0550e-01	16.4642	10.503874	-0.000720	-7.196231	-2.438149	-0.058254
 413	2.0600e-01	16.5172	10.613100	0.000270	2.698587	0.914306	0.021845
 414	2.0650e-01	16.5653	10.467466	-0.000360	-3.598115	-1.219075	-0.029127
 415	2.0700e-01	16.5926	10.722326	0.000630	6.296702	2.133380	0.050972
 416	2.0750e-01	16.6455	10.540283	-0.000450	-4.497644	-1.523843	-0.036409
 417	2.0800e-01	16.6856	10.977186	0.001079	10.794346	3.657224	0.087381
 418	2.0850e-01	16.7161	10.795143	-0.000450	-4.497644	-1.523843	-0.036409
 419	2.0900e-01	16.7755	10.867960	0.000180	1.799058	0.609537	0.014563
 420	2.0950e-01	16.7819	11.122820	0.000630	6.296702	2.133380	0.050972
 421	2.1000e-01	16.8428	10.940777	-0.000450	-4.497644	-1.523843	-0.036409
 422	2.1050e-01	16.8589	11.050003	0.000270	2.698587	0.914306	0.021845
 423	2.1100e-01	16.9407	11.050003	0.000000	0.000000	0.000000	0.000000
 424	2.1150e-01	16.9632	11.377680	0.000810	8.095760	2.742918	0.065535
 425	2.1200e-01	17.0081	11.414089	0.000090	0.899529	0.304769	0.007282
 426	2.1250e-01	17.0193	11.377680	-0.000090	-0.899529	-0.304769	-0.007282
 427	2.1300e-01	17.0738	11.159229	-0.000540	-5.397173	-1.828612	-0.043690
 428	2.1350e-01	17.1364	11.450497	0.000720	7.196231	2.438149	0.058254
 429	2.1400e-01	17.1637	11.414089	-0.000090	-0.899529	-0.304769	-0.007282
 430	2.1450e-01	17.2022	11.523315	0.000270	2.698587	0.914306	0.021845
 431	2.1500e-01	17.2519	11.705357	0.000450	4.497644	1.523843	0.036409
 432	2.1550e-01	17.2968	11.559723	-0.000360	-3.598115	-1.219075	-0.029127
 433	2.1600e-01	17.3161	11.559723	0.000000	0.000000	0.000000	0.000000
 434	2.1650e-01	17.3642	11.668949	0.000270	2.698587	0.914306	0.021845
 435	2.1700e-01	17.4091	11.850992	0.000450	4.497644	1.523843	0.036409
 436	2.1750e-01	17.4268	11.778175	-0.000180	-1.799058	-0.609537	-0.014563
 437	2.1800e-01	17.4621	11.414089	-0.000900	-8.995289	-3.047686	-0.072817
 438	2.1850e-01	17.5198	12.142260	0.001799	17.990577	6.095373	0.145634
 439	2.1900e-01	17.5535	11.741766	-0.000989	-9.894817	-3.352455	-0.080099
 440	2.1950e-01	17.6129	11.596132	-0.000360	-3.598115	-1.219075	-0.029127
 441	2.2000e-01	17.6369	11.923809	0.000810	8.095760	2.742918	0.065535
 442	2.2050e-01	17.6867	11.996626	0.000180	1.799058	0.609537	0.014563
 443	2.2100e-01	17.7139	12.251486	0.000630	6.296702	2.133380	0.050972
 444	2.2150e-01	17.7524	12.033035	-0.000540	-5.397173	-1.828612	-0.043690
 445	2.2200e-01	17.8102	12.033035	0.000000	0.000000	0.000000	0.000000
 446	2.2250e-01	17.8503	12.142260	0.000270	2.698587	0.914306	0.021845
 447	2.2300e-01	17.8824	12.433529	0.000720	7.196231	2.438149	0.058254
 448	2.2350e-01	17.9032	12.360712	-0.000180	-1.799058	-0.609537	-0.014563
 449	2.2400e-01	17.9498	12.324303	-0.000090	-0.899529	-0.304769	-0.007282
 450	2.2450e-01	18.0059	12.251486	-0.000180	-1.799058	-0.609537	-0.014563
 451	2.2500e-01	18.0556	12.688389	0.001079	10.794346	3.657224	0.087381
 452	2.2550e-01	18.0781	12.069443	-0.001529	-15.291991	-5.181067	-0.123789
 453	2.2600e-01	18.1294	12.870432	0.001979	19.789635	6.704910	0.160198
 454	2.2650e-01	18.1551	12.142260	-0.001799	-17.990577	-6.095373	-0.145634
 455	2.2700e-01	18.1968	12.651980	0.001259	12.593404	4.266761	0.101944
 456	2.2750e-01	18.2289	12.724798	0.000180	1.799058	0.609537	0.014563
 457	2.2800e-01	18.2818	12.688389	-0.000090	-0.899529	-0.304769	-0.007282
 458	2.2850e-01	18.3171	12.870432	0.000450	4.497644	1.523843	0.036409
 459	2.2900e-01	18.3492	12.906841	0.000090	0.899529	0.304769	0.007282
 460	2.2950e-01	18.4198	12.979658	0.000180	1.799058	0.609537	0.014563
 461	2.3000e-01	18.4567	12.870432	-0.000270	-2.698587	-0.914306	-0.021845
 462	2.3050e-01	18.4583	12.979658	0.000270	2.698587	0.914306	0.021845
 463	2.3100e-01	18.4984	13.125292	0.000360	3.598115	1.219075	0.029127
 464	2.3150e-01	18.5706	13.016066	-0.000270	-2.698587	-0.914306	-0.021845
 465	2.3200e-01	18.6123	13.161701	0.000360	3.598115	1.219075	0.029127
 466	2.3250e-01	18.6139	13.343743	0.000450	4.497644	1.523843	0.036409
 467	2.3300e-01	18.6524	13.416561	0.000180	1.799058	0.609537	0.014563
 468	2.3350e-01	18.7182	13.052475	-0.000900	-8.995289	-3.047686	-0.072817
 469	2.3400e-01	18.7551	13.270926	0.000540	5.397173	1.828612	0.043690
 470	2.3450e-01	18.8000	13.707829	0.001079	10.794346	3.657224	0.087381
 471	2.3500e-01	18.8401	13.598603	-0.000270	-2.698587	-0.914306	-0.021845
 472	2.3550e-01	18.8947	13.307335	-0.000720	-7.196231	-2.438149	-0.058254
 473	2.3600e-01	18.9235	13.562195	0.000630	6.296702	2.133380	0.050972
 474	2.3650e-01	18.9556	13.343743	-0.000540	-5.397173	-1.828612	-0.043690
 475	2.3700e-01	18.9845	13.780646	0.001079	10.794346	3.657224	0.087381
 476	2.3750e-01	19.0294	13.671421	-0.000270	-2.698587	-0.914306	-0.021845
 477	2.3800e-01	19.0599	13.853464	0.000450	4.497644	1.523843	0.036409
 478	2.3850e-01	19.1096	13.780646	-0.000180	-1.799058	-0.609537	-0.014563
 479	2.3900e-01	19.1914	13.780646	0.000000	0.000000	0.000000	0.000000
 480	2.3950e-01	19.1834	13.452969	0.000810	8.095760	2.742918	-0.065535
 481	2.4000e-01	19.2428	14.144732	0.001709	17.091048	5.790604	0.138353
 482	2.4050e-01	19.2813	13.562195	-0.001439	-14.392462	-4.876298	-0.116507
 483	2.4100e-01	19.2989	14.071915	0.001259	12.593404	4.266761	0.101944
 484	2.4150e-01	19.3615	14.217549	0.000360	3.598115	1.219075	0.029127
 485	2.4200e-01	19.3888	14.144732	-0.000180	-1.799058	-0.609537	-0.014563
 486	2.4250e-01	19.4385	14.144732	0.000000	0.000000	0.000000	0.000000
 487	2.4300e-01	19.4882	13.926281	-0.000540	-5.397173	-1.828612	-0.043690
 488	2.4350e-01	19.5155	14.472409	0.001349	13.492933	4.571529	0.109226
 489	2.4400e-01	19.5861	14.290366	-0.000450	-4.497644	-1.523843	-0.036409
 490	2.4450e-01	19.5989	14.290366	0.000000	0.000000	0.000000	0.000000
 491	2.4500e-01	19.6406	14.436001	0.000360	3.598115	1.219075	0.029127
 492	2.4550e-01	19.6807	14.326775	-0.000270	-2.698587	-0.914306	-0.021845
 493	2.4600e-01	19.7016	14.399592	0.000180	1.799058	0.609537	0.014563
 494	2.4650e-01	19.7529	14.363184	-0.000090	-0.899529	-0.304769	-0.007282
 495	2.4700e-01	19.8123	15.018538	0.001619	16.191520	5.485835	0.131071
 496	2.4750e-01	19.8299	14.217549	-0.001979	-19.789635	-6.704910	-0.160198
 497	2.4800e-01	19.8588	14.690861	0.001169	11.693875	3.961992	0.094662
 498	2.4850e-01	19.9166	14.836495	0.000360	3.598115	1.219075	0.029127
 499	2.4900e-01	19.9647	14.800087	-0.000090	-0.899529	-0.304769	-0.007282
 500	2.4950e-01	19.9936	15.054947	0.000630	6.296702	2.133380	0.050972
 501	2.5000e-01	20.0433	14.800087	-0.000630	-6.296702	-2.133380	-0.050972
 502	2.5050e-01	19.9791	15.346215	-0.001349	-13.492933	-4.571529	0.109226
 503	2.5100e-01	19.9278	14.800087	0.001349	13.492933	4.571529	-0.109226
 504	2.5150e-01	19.9005	14.982129	-0.000450	-4.497644	-1.523843	0.036409
 505	2.5200e-01	19.8524	14.909312	0.000180	1.799058	0.609537	-0.014563
 506	2.5250e-01	19.8299	14.836495	0.000180	1.799058	0.609537	-0.014563
 507	2.5300e-01	19.7962	14.727269	0.000270	2.698587	0.914306	-0.021845
 508	2.5350e-01	19.7401	14.326775	0.000989	9.894817	3.352455	-0.080099
 509	2.5400e-01	19.6920	14.618044	-0.000720	-7.196231	-2.438149	0.058254
 510	2.5450e-01	19.6583	14.363184	0.000630	6.296702	2.133380	-0.050972
 511	2.5500e-01	19.6310	14.618044	-0.000630	-6.296702	-2.133380	0.050972
 512	2.5550e-01	19.5652	14.581635	0.000090	0.899529	0.304769	-0.007282
 513	2.5600e-01	19.5267	14.326775	0.000630	6.296702	2.133380	-0.050972
 514	2.5650e-01	19.4866	14.472409	-0.000360	-3.598115	-1.219075	0.029127
 515	2.5700e-01	19.4626	14.654452	-0.000450	-4.497644	-1.523843	0.036409
 516	2.5750e-01	19.4048	14.363184	0.000720	7.196231	2.438149	-0.058254
 517	2.5800e-01	19.4192	14.436001	0.000180	1.799058	0.609537	0.014563
 518	2.5850e-01	19.3102	14.253958	0.000450	4.497644	1.523843	-0.036409
 519	2.5900e-01	19.3150	14.508818	0.000630	6.296702	2.133380	0.050972
 520	2.5950e-01	19.2428	14.290366	0.000540	5.397173	1.828612	-0.043690
 521	2.6000e-01	19.2187	14.035506	0.000630	6.296702	2.133380	-0.050972
 522	2.6050e-01	19.1818	14.181141	-0.000360	-3.598115	-1.219075	0.029127
 523	2.6100e-01	19.1353	14.399592	-0.000540	-5.397173	-1.828612	0.043690
 524	2.6150e-01	19.1080	14.290366	0.000270	2.698587	0.914306	-0.021845
 525	2.6200e-01	19.0567	13.889872	0.000989	9.894817	3.352455	-0.080099
 526	2.6250e-01	19.0246	13.999098	-0.000270	-2.698587	-0.914306	0.021845
 527	2.6300e-01	18.9845	14.108324	-0.000270	-2.698587	-0.914306	0.021845
 528	2.6350e-01	18.9299	13.817055	0.000720	7.196231	2.438149	-0.058254
 529	2.6400e-01	18.8947	13.817055	-0.000000	-0.000000	-0.000000	0.000000
 530	2.6450e-01	18.8610	13.962689	-0.000360	-3.598115	-1.219075	0.029127
 531	2.6500e-01	18.8529	13.671421	0.000720	7.196231	2.438149	-0.058254
 532	2.6550e-01	18.7679	13.853464	-0.000450	-4.497644	-1.523843	0.036409
 533	2.6600e-01	18.7262	13.562195	0.000720	7.196231	2.438149	-0.058254
 534	2.6650e-01	18.7166	13.744238	-0.000450	-4.497644	-1.523843	0.036409
 535	2.6700e-01	18.6572	14.071915	-0.000810	-8.095760	-2.742918	0.065535
 536	2.6750e-01	18.5963	13.161701	0.002249	22.488222	7.619216	-0.182043
 537	2.6800e-01	18.5658	13.707829	-0.001349	-13.492933	-4.571529	0.109226
 538	2.6850e-01	18.5562	13.452969	0.000630	6.296702	2.133380	-0.050972
 539	2.6900e-01	18.4920	13.416561	0.000090	0.899529	0.304769	-0.007282
 540	2.6950e-01	18.4711	13.452969	-0.000090	-0.899529	-0.304769	0.007282
 541	2.7000e-01	18.4326	13.416561	0.000090	0.899529	0.304769	-0.007282
 542	2.7050e-01	18.3685	13.635012	-0.000540	-5.397173	-1.828612	0.043690
 543	2.7100e-01	18.3300	13.270926	0.000900	8.995289	3.047686	-0.072817
 544	2.7150e-01	18.2963	13.161701	0.000270	2.698587	0.914306	-0.021845
 545	2.7200e-01	18.2305	12.834023	0.000810	8.095760	2.742918	-0.065535
 546	2.7250e-01	18.2161	13.234518	-0.000989	-9.894817	-3.352455	0.080099
 547	2.7300e-01	18.1904	12.834023	0.000989	9.894817	3.352455	-0.080099
 548	2.7350e-01	18.1599	12.979658	-0.000360	-3.598115	-1.219075	0.029127
 549	2.7400e-01	18.0893	13.125292	-0.000360	-3.598115	-1.219075	0.029127
 550	2.7450e-01	18.0460	13.161701	-0.000090	-0.899529	-0.304769	0.007282
 551	2.7500e-01	18.0316	12.724798	0.001079	10.794346	3.657224	-0.087381
 552	2.7550e-01	17.9754	13.307335	-0.001439	-14.392462	-4.876298	0.116507
 553	2.7600e-01	17.9177	12.797615	0.001259	12.593404	4.266761	-0.101944
 554	2.7650e-01	17.8968	13.452969	-0.001619	-16.191520	-5.485835	0.131071
 555	2.7700e-01	17.8647	12.579163	0.002159	21.588693	7.314447	-0.174761
 556	2.7750e-01	17.7813	12.797615	-0.000540	-5.397173	-1.828612	0.043690
 557	2.7800e-01	17.7797	12.651980	0.000360	3.598115	1.219075	-0.029127
 558	2.7850e-01	17.7348	12.688389	-0.000090	-0.899529	-0.304769	0.007282
 559	2.7900e-01	17.6979	12.542755	0.000360	3.598115	1.219075	-0.029127
 560	2.7950e-01	17.6385	12.834023	-0.000720	-7.196231	-2.438149	0.058254
 561	2.8000e-01	17.6113	12.397120	0.001079	10.794346	3.657224	-0.087381
 562	2.8050e-01	17.5792	12.651980	-0.000630	-6.296702	-2.133380	0.050972
 563	2.8100e-01	17.5343	12.433529	0.000540	5.397173	1.828612	-0.043690
 564	2.8150e-01	17.5070	12.433529	-0.000000	-0.000000	-0.000000	0.000000
 565	2.8200e-01	17.4316	12.324303	0.000270	2.698587	0.914306	-0.021845
 566	2.8250e-01	17.4139	12.397120	-0.000180	-1.799058	-0.609537	0.014563
 567	2.8300e-01	17.3738	12.360712	0.000090	0.899529	0.304769	-0.007282
 568	2.8350e-01	17.3081	12.433529	-0.000180	-1.799058	-0.609537	0.014563
 569	2.8400e-01	17.2840	12.215078	0.000540	5.397173	1.828612	-0.043690
 570	2.8450e-01	17.2664	12.178669	0.000090	0.899529	0.304769	-0.007282
 571	2.8500e-01	17.2263	12.178669	-0.000000	-0.000000	-0.000000	0.000000
 572	2.8550e-01	17.1476	12.033035	0.000360	3.598115	1.219075	-0.029127
 573	2.8600e-01	17.1204	12.069443	-0.000090	-0.899529	-0.304769	0.007282
 574	2.8650e-01	17.0931	11.996626	0.000180	1.799058	0.609537	-0.014563
 575	2.8700e-01	17.0578	11.705357	0.000720	7.196231	2.438149	-0.058254
 576	2.8750e-01	17.0353	12.251486	-0.001349	-13.492933	-4.571529	0.109226
 577	2.8800e-01	16.9648	11.741766	0.001259	12.593404	4.266761	-0.101944
 578	2.8850e-01	16.9279	12.033035	-0.000720	-7.196231	-2.438149	0.058254
 579	2.8900e-01	16.9182	11.996626	0.000090	0.899529	0.304769	-0.007282
 580	2.8950e-01	16.8573	11.741766	0.000630	6.296702	2.133380	-0.050972
 581	2.9000e-01	16.7995	11.705357	0.000090	0.899529	0.304769	-0.007282
 582	2.9050e-01	16.7546	11.596132	0.000270	2.698587	0.914306	-0.021845
 583	2.9100e-01	16.7113	11.632540	-0.000090	-0.899529	-0.304769	0.007282
 584	2.9150e-01	16.7065	11.559723	0.000180	1.799058	0.609537	-0.014563
 585	2.9200e-01	16.6616	11.341272	0.000540	5.397173	1.828612	-0.043690
 586	2.9250e-01	16.6327	11.559723	-0.000540	-5.397173	-1.828612	0.043690
 587	2.9300e-01	16.5541	11.450497	0.000270	2.698587	0.914306	-0.021845
 588	2.9350e-01	16.5396	11.632540	-0.000450	-4.497644	-1.523843	0.036409
 589	2.9400e-01	16.4963	11.341272	0.000720	7.196231	2.438149	-0.058254
 590	2.9450e-01	16.4626	11.050003	0.000720	7.196231	2.438149	-0.058254
 591	2.9500e-01	16.4065	11.268455	-0.000540	-5.397173	-1.828612	0.043690
 592	2.9550e-01	16.3969	10.795143	0.001169	11.693875	3.961992	-0.094662
 593	2.9600e-01	16.3503	11.232046	-0.001079	-10.794346	-3.657224	0.087381
 594	2.9650e-01	16.2765	11.122820	0.000270	2.698587	0.914306	-0.021845
 595	2.9700e-01	16.2525	10.977186	0.000360	3.598115	1.219075	-0.029127
 596	2.9750e-01	16.2060	10.904369	0.000180	1.799058	0.609537	-0.014563
 597	2.9800e-01	16.1707	11.122820	-0.000540	-5.397173	-1.828612	0.043690
 598	2.9850e-01	16.1546	11.086412	0.000090	0.899529	0.304769	-0.007282
 599	2.9900e-01	16.0728	10.649509	0.001079	10.794346	3.657224	-0.087381
 600	2.9950e-01	16.0584	10.904369	-0.000630	-6.296702	-2.133380	0.050972
 601	3.0000e-01	15.9862	10.831552	0.000180	1.799058	0.609537	-0.014563
 602	3.0050e-01	15.9637	10.649509	0.000450	4.497644	1.523843	-0.036409
 603	3.0100e-01	15.9236	10.758734	-0.000270	-2.698587	-0.914306	0.021845
 604	3.0150e-01	15.8979	10.467466	0.000720	7.196231	2.438149	-0.058254
 605	3.0200e-01	15.8610	10.503874	-0.000090	-0.899529	-0.304769	0.007282
 606	3.0250e-01	15.8097	10.649509	-0.000360	-3.598115	-1.219075	0.029127
 607	3.0300e-01	15.7712	10.722326	-0.000180	-1.799058	-0.609537	0.014563
 608	3.0350e-01	15.7279	10.467466	0.000630	6.296702	2.133380	-0.050972
 609	3.0400e-01	15.6830	10.722326	-0.000630	-6.296702	-2.133380	0.050972
 610	3.0450e-01	15.6461	10.358240	0.000900	8.995289	3.047686	-0.072817
 611	3.0500e-01	15.6060	10.321832	0.000090	0.899529	0.304769	-0.007282
 612	3.0550e-01	15.5402	10.249014	0.000180	1.799058	0.609537	-0.014563
 613	3.0600e-01	15.5370	10.066972	0.000450	4.497644	1.523843	-0.036409
 614	3.0650e-01	15.5113	10.103380	-0.000090	-0.899529	-0.304769	0.007282
 615	3.0700e-01	15.4536	10.394649	-0.000720	-7.196231	-2.438149	0.058254
 616	3.0750e-01	15.4311	10.103380	0.000720	7.196231	2.438149	-0.058254
 617	3.0800e-01	15.3798	10.030563	0.000180	1.799058	0.609537	-0.014563
 618	3.0850e-01	15.3140	9.994154	0.000090	0.899529	0.304769	-0.007282
 619	3.0900e-01	15.2530	10.139789	-0.000360	-3.598115	-1.219075	0.029127
 620	3.0950e-01	15.2579	9.775703	-0.000900	-8.995289	-3.047686	-0.072817
 621	3.1000e-01	15.2370	10.030563	-0.000630	-6.296702	-2.133380	0.050972
 622	3.1050e-01	15.1632	10.139789	-0.000270	-2.698587	-0.914306	0.021845
 623	3.1100e-01	15.1247	9.994154	0.000360	3.598115	1.219075	-0.029127
 624	3.1150e-01	15.1231	9.739294	0.000630	6.296702	2.133380	-0.050972
 625	3.1200e-01	15.0766	9.812111	-0.000180	-1.799058	-0.609537	0.014563
 626	3.1250e-01	15.0140	9.884929	-0.000180	-1.799058	-0.609537	0.014563
 627	3.1300e-01	15.0108	9.448026	0.001079	10.794346	3.657224	-0.087381
 628	3.1350e-01	14.9258	9.702886	-0.000630	-6.296702	-2.133380	0.050972
 629	3.1400e-01	14.8969	9.484434	0.000540	5.397173	1.828612	-0.043690
 630	3.1450e-01	14.8568	9.739294	-0.000630	-6.296702	-2.133380	0.050972
 631	3.1500e-01	14.8023	9.411617	0.000810	8.095760	2.742918	-0.065535
 632	3.1550e-01	14.7638	9.193166	0.000540	5.397173	1.828612	-0.043690
 633	3.1600e-01	14.7525	9.229574	-0.000090	-0.899529	-0.304769	0.007282
 634	3.1650e-01	14.7108	9.120349	0.000270	2.698587	0.914306	-0.021845
 635	3.1700e-01	14.6418	9.193166	-0.000180	-1.799058	-0.609537	0.014563
 636	3.1750e-01	14.6049	9.156757	0.000090	0.899529	0.304769	-0.007282
 637	3.1800e-01	14.5873	9.229574	-0.000180	-1.799058	-0.609537	0.014563
 638	3.1850e-01	14.5295	9.083940	0.000360	3.598115	1.219075	-0.029127
 639	3.1900e-01	14.4830	8.792671	0.000720	7.196231	2.438149	-0.058254
 640	3.1950e-01	14.4846	9.047531	0.000630	6.296702	2.133380	0.050972
 641	3.2000e-01	14.4253	9.011123	0.000090	0.899529	0.304769	-0.007282
 642	3.2050e-01	14.3916	9.193166	-0.000450	-4.497644	-1.523843	0.036409
 643	3.2100e-01	14.3290	8.719854	0.001169	11.693875	3.961992	-0.094662
 644	3.2150e-01	14.3130	9.156757	-0.001079	-10.794346	-3.657224	0.087381
 645	3.2200e-01	14.2536	8.683446	0.001169	11.693875	3.961992	-0.094662
 646	3.2250e-01	14.2055	8.610628	0.000180	1.799058	0.609537	-0.014563
 647	3.2300e-01	14.1782	8.865488	-0.000630	-6.296702	-2.133380	0.050972
 648	3.2350e-01	14.1333	8.792671	0.000180	1.799058	0.609537	-0.014563
 649	3.2400e-01	14.0852	8.428586	0.000900	8.995289	3.047686	-0.072817
 650	3.2450e-01	14.0338	8.319360	0.000270	2.698587	0.914306	-0.021845
 651	3.2500e-01	14.0194	8.355768	-0.000090	-0.899529	-0.304769	0.007282
 652	3.2550e-01	13.9681	8.501403	-0.000360	-3.598115	-1.219075	0.029127
 653	3.2600e-01	13.9231	8.428586	0.000180	1.799058	0.609537	-0.014563
 654	3.2650e-01	13.8894	8.064500	0.000900	8.995289	3.047686	-0.072817
 655	3.2700e-01	13.8590	8.428586	-0.000900	-8.995289	-3.047686	0.072817
 656	3.2750e-01	13.8157	8.064500	0.000900	8.995289	3.047686	-0.072817
 657	3.2800e-01	13.7707	8.355768	-0.000720	-7.196231	-2.438149	0.058254
 658	3.2850e-01	13.7290	8.173726	0.000450	4.497644	1.523843	-0.036409
 659	3.2900e-01	13.7066	8.100908	0.000180	1.799058	0.609537	-0.014563
 660	3.2950e-01	13.6681	8.246543	-0.000360	-3.598115	-1.219075	0.029127
 661	3.3000e-01	13.5959	8.028091	0.000540	5.397173	1.828612	-0.043690
 662	3.3050e-01	13.5798	7.955274	0.000180	1.799058	0.609537	-0.014563
 663	3.3100e-01	13.5558	7.882457	0.000180	1.799058	0.609537	-0.014563
 664	3.3150e-01	13.4707	7.736823	0.000360	3.598115	1.219075	-0.029127
 665	3.3200e-01	13.4419	7.736823	-0.000000	-0.000000	-0.000000	0.000000
 666	3.3250e-01	13.4274	7.627597	0.000270	2.698587	0.914306	-0.021845
 667	3.3300e-01	13.3665	7.773231	-0.000360	-3.598115	-1.219075	0.029127
 668	3.3350e-01	13.3248	7.773231	-0.000000	-0.000000	-0.000000	0.000000
 669	3.3400e-01	13.2911	7.773231	-0.000000	-0.000000	-0.000000	0.000000
 670	3.3450e-01	13.2381	7.664005	0.000270	2.698587	0.914306	-0.021845
 671	3.3500e-01	13.2125	7.664005	-0.000000	-0.000000	-0.000000	0.000000
 672	3.3550e-01	13.1740	7.227103	0.001079	10.794346	3.657224	-0.087381
 673	3.3600e-01	13.1339	7.554780	-0.000810	-8.095760	-2.742918	0.065535
 674	3.3650e-01	13.0921	7.081468	0.001169	11.693875	3.961992	-0.094662
 675	3.3700e-01	13.0376	7.445554	-0.000900	-8.995289	-3.047686	0.072817
 676	3.3750e-01	13.0087	7.299920	0.000360	3.598115	1.219075	-0.029127
 677	3.3800e-01	12.9622	7.117877	0.000450	4.497644	1.523843	-0.036409
 678	3.3850e-01	12.9430	7.445554	-0.000810	-8.095760	-2.742918	0.065535
 679	3.3900e-01	12.9365	7.299920	0.000360	3.598115	1.219075	-0.029127
 680	3.3950e-01	12.8643	7.263511	0.000090	0.899529	0.304769	-0.007282
 681	3.4000e-01	12.8082	6.935834	0.000810	8.095760	2.742918	-0.065535
 682	3.4050e-01	12.7713	7.045060	-0.000270	-2.698587	-0.914306	0.021845
 683	3.4100e-01	12.7617	6.826608	0.000540	5.397173	1.828612	-0.043690
 684	3.4150e-01	12.6943	6.753791	0.000180	1.799058	0.609537	-0.014563
 685	3.4200e-01	12.6622	6.899425	-0.000360	-3.598115	-1.219075	0.029127
 686	3.4250e-01	12.6045	6.863017	0.000090	0.899529	0.304769	-0.007282
 687	3.4300e-01	12.5644	6.863017	-0.000000	-0.000000	-0.000000	0.000000
 688	3.4350e-01	12.5339	6.826608	0.000090	0.899529	0.304769	-0.007282
 689	3.4400e-01	12.4986	6.753791	0.000180	1.799058	0.609537	-0.014563
 690	3.4450e-01	12.4424	6.644565	0.000270	2.698587	0.914306	-0.021845
 691	3.4500e-01	12.4505	6.863017	0.000540	5.397173	1.828612	0.043690
 692	3.4550e-01	12.3734	6.462522	0.000989	9.894817	3.352455	-0.080099
 693	3.4600e-01	12.3061	6.571748	-0.000270	-2.698587	-0.914306	0.021845
 694	3.4650e-01	12.3109	6.316888	-0.000630	-6.296702	-2.133380	-0.050972
 695	3.4700e-01	12.2291	6.498931	-0.000450	-4.497644	-1.523843	0.036409
 696	3.4750e-01	12.2178	6.353297	0.000360	3.598115	1.219075	-0.029127
 697	3.4800e-01	12.1761	6.498931	-0.000360	-3.598115	-1.219075	0.029127
 698	3.4850e-01	12.1264	6.171254	0.000810	8.095760	2.742918	-0.065535
 699	3.4900e-01	12.1039	6.062028	0.000270	2.698587	0.914306	-0.021845
 700	3.4950e-01	12.0686	6.244071	-0.000450	-4.497644	-1.523843	0.036409
 701	3.5000e-01	12.0109	6.280480	-0.000090	-0.899529	-0.304769	0.007282
 702	3.5050e-01	11.9660	5.807168	0.001169	11.693875	3.961992	-0.094662
 703	3.5100e-01	11.9130	6.316888	-0.001259	-12.593404	-4.266761	0.101944
 704	3.5150e-01	11.8826	6.134845	0.000450	4.497644	1.523843	-0.036409
 705	3.5200e-01	11.8521	5.552308	0.001439	14.392462	4.876298	-0.116507
 706	3.5250e-01	11.8136	5.879985	-0.000810	-8.095760	-2.742918	0.065535
 707	3.5300e-01	11.7430	5.843577	0.000090	0.899529	0.304769	-0.007282
 708	3.5350e-01	11.7045	5.843577	-0.000000	-0.000000	-0.000000	0.000000
 709	3.5400e-01	11.6949	5.552308	0.000720	7.196231	2.438149	-0.058254
 710	3.5450e-01	11.6724	5.443082	0.000270	2.698587	0.914306	-0.021845
 711	3.5500e-01	11.6050	5.625125	-0.000450	-4.497644	-1.523843	0.036409
 712	3.5550e-01	11.5681	5.625125	-0.000000	-0.000000	-0.000000	0.000000
 713	3.5600e-01	11.5232	5.333857	0.000720	7.196231	2.438149	-0.058254
 714	3.5650e-01	11.4975	5.479491	-0.000360	-3.598115	-1.219075	0.029127
 715	3.5700e-01	11.4542	5.370265	0.000270	2.698587	0.914306	-0.021845
 716	3.5750e-01	11.4270	5.552308	-0.000450	-4.497644	-1.523843	0.036409
 717	3.5800e-01	11.3981	5.115405	0.001079	10.794346	3.657224	-0.087381
 718	3.5850e-01	11.3018	5.261039	-0.000360	-3.598115	-1.219075	0.029127
 719	3.5900e-01	11.2858	4.860545	0.000989	9.894817	3.352455	-0.080099
 720	3.5950e-01	11.2617	5.151814	-0.000720	-7.196231	-2.438149	0.058254
 721	3.6000e-01	11.2232	5.042588	0.000270	2.698587	0.914306	-0.021845
 722	3.6050e-01	11.1590	5.224631	-0.000450	-4.497644	-1.523843	0.036409
 723	3.6100e-01	11.1045	4.605685	0.001529	15.291991	5.181067	-0.123789
 724	3.6150e-01	11.1061	5.078996	0.001169	11.693875	3.961992	0.094662
 725	3.6200e-01	11.0628	4.787728	0.000720	7.196231	2.438149	-0.058254
 726	3.6250e-01	10.9890	5.006179	-0.000540	-5.397173	-1.828612	0.043690
 727	3.6300e-01	10.9697	4.896954	0.000270	2.698587	0.914306	-0.021845
 728	3.6350e-01	10.9248	4.569276	0.000810	8.095760	2.742918	-0.065535
 729	3.6400e-01	10.8976	4.569276	-0.000000	-0.000000	-0.000000	0.000000
 730	3.6450e-01	10.8655	4.460051	0.000270	2.698587	0.914306	-0.021845
 731	3.6500e-01	10.8414	4.532868	-0.000180	-1.799058	-0.609537	0.014563
 732	3.6550e-01	10.7628	4.387234	0.000360	3.598115	1.219075	-0.029127
 733	3.6600e-01	10.7339	4.605685	-0.000540	-5.397173	-1.828612	0.043690
 734	3.6650e-01	10.6858	4.168782	0.001079	10.794346	3.657224	-0.087381
 735	3.6700e-01	10.6313	4.423642	-0.000630	-6.296702	-2.133380	0.050972
 736	3.6750e-01	10.5992	4.132373	0.000720	7.196231	2.438149	-0.058254
 737	3.6800e-01	10.5735	4.241599	-0.000270	-2.698587	-0.914306	0.021845
 738	3.6850e-01	10.5302	4.059556	0.000450	4.497644	1.523843	-0.036409
 739	3.6900e-01	10.5206	4.787728	-0.001799	-17.990577	-6.095373	0.145634
 740	3.6950e-01	10.4660	3.659062	0.002789	27.885395	9.447827	-0.225733
 741	3.7000e-01	10.4067	3.841105	-0.000450	-4.497644	-1.523843	0.036409
 742	3.7050e-01	10.3954	3.659062	0.000450	4.497644	1.523843	-0.036409
 743	3.7100e-01	10.3521	4.132373	-0.001169	-11.693875	-3.961992	0.094662
 744	3.7150e-01	10.3056	3.841105	0.000720	7.196231	2.438149	-0.058254
 745	3.7200e-01	10.2398	3.804696	0.000090	0.899529	0.304769	-0.007282
 746	3.7250e-01	10.2286	3.440611	0.000900	8.995289	3.047686	-0.072817
 747	3.7300e-01	10.1756	3.804696	-0.000900	-8.995289	-3.047686	0.072817
 748	3.7350e-01	10.1211	3.659062	0.000360	3.598115	1.219075	-0.029127
 749	3.7400e-01	10.1115	3.622653	0.000090	0.899529	0.304769	-0.007282
 750	3.7450e-01	10.0425	3.185750	0.001079	10.794346	3.657224	-0.087381
 751	3.7500e-01	10.0072	3.586245	-0.000989	-9.894817	-3.352455	0.080099
 752	3.7550e-01	9.9783	3.112933	0.001169	11.693875	3.961992	-0.094662
 753	3.7600e-01	9.9430	3.731879	-0.001529	-15.291991	-5.181067	0.123789
 754	3.7650e-01	9.8933	3.003708	0.001799	17.990577	6.095373	-0.145634
 755	3.7700e-01	9.8757	3.367793	-0.000900	-8.995289	-3.047686	0.072817
 756	3.7750e-01	9.8259	3.367793	-0.000000	-0.000000	-0.000000	0.000000
 757	3.7800e-01	9.7762	3.003708	0.000900	8.995289	3.047686	-0.072817
 758	3.7850e-01	9.7361	3.149342	-0.000360	-3.598115	-1.219075	0.029127
 759	3.7900e-01	9.6848	2.785256	0.000900	8.995289	3.047686	-0.072817
 760	3.7950e-01	9.6318	2.894482	-0.000270	-2.698587	-0.914306	0.021845
 761	3.8000e-01	9.6238	2.858073	0.000090	0.899529	0.304769	-0.007282
 762	3.8050e-01	9.6013	2.603213	0.000630	6.296702	2.133380	-0.050972
 763	3.8100e-01	9.5356	2.930890	-0.000810	-8.095760	-2.742918	0.065535
 764	3.8150e-01	9.4971	2.712439	0.000540	5.397173	1.828612	-0.043690
 765	3.8200e-01	9.4666	2.676030	0.000090	0.899529	0.304769	-0.007282
 766	3.8250e-01	9.4120	2.384762	0.000720	7.196231	2.438149	-0.058254
 767	3.8300e-01	9.3623	2.712439	-0.000810	-8.095760	-2.742918	0.065535
 768	3.8350e-01	9.3447	2.712439	-0.000000	-0.000000	-0.000000	0.000000
 769	3.8400e-01	9.2741	2.129902	0.001439	14.392462	4.876298	-0.116507
 770	3.8450e-01	9.2356	2.202719	-0.000180	-1.799058	-0.609537	0.014563
 771	3.8500e-01	9.2243	2.275536	-0.000180	-1.799058	-0.609537	0.014563
 772	3.8550e-01	9.1730	2.348353	-0.000180	-1.799058	-0.609537	0.014563
 773	3.8600e-01	9.1361	2.275536	0.000180	1.799058	0.609537	-0.014563
 774	3.8650e-01	9.1409	2.166310	-0.000270	-2.698587	-0.914306	-0.021845
 775	3.8700e-01	9.0286	2.239127	-0.000180	-1.799058	-0.609537	0.014563
 776	3.8750e-01	9.0222	1.911450	0.000810	8.095760	2.742918	-0.065535
 777	3.8800e-01	8.9677	2.129902	-0.000540	-5.397173	-1.828612	0.043690
 778	3.8850e-01	8.9580	2.166310	-0.000090	-0.899529	-0.304769	0.007282
 779	3.8900e-01	8.8907	2.093493	0.000180	1.799058	0.609537	-0.014563
 780	3.8950e-01	8.8634	1.838633	0.000630	6.296702	2.133380	-0.050972
 781	3.9000e-01	8.8345	1.911450	-0.000180	-1.799058	-0.609537	0.014563
 782	3.9050e-01	8.7768	1.729407	0.000450	4.497644	1.523843	-0.036409
 783	3.9100e-01	8.7174	1.547365	0.000450	4.497644	1.523843	-0.036409
 784	3.9150e-01	8.6965	1.583773	-0.000090	-0.899529	-0.304769	0.007282
 785	3.9200e-01	8.6741	1.510956	0.000180	1.799058	0.609537	-0.014563
 786	3.9250e-01	8.6260	1.292504	0.000540	5.397173	1.828612	-0.043690
 787	3.9300e-01	8.5859	1.401730	-0.000270	-2.698587	-0.914306	0.021845
 788	3.9350e-01	8.5265	1.146870	0.000630	6.296702	2.133380	-0.050972
 789	3.9400e-01	8.4864	1.328913	-0.000450	-4.497644	-1.523843	0.036409
 790	3.9450e-01	8.4254	1.365322	-0.000090	-0.899529	-0.304769	0.007282
 791	3.9500e-01	8.4174	1.110462	0.000630	6.296702	2.133380	-0.050972
 792	3.9550e-01	8.3805	0.928419	0.000450	4.497644	1.523843	-0.036409
 793	3.9600e-01	8.3500	1.292504	-0.000900	-8.995289	-3.047686	0.072817
 794	3.9650e-01	8.2875	0.782784	0.001259	12.593404	4.266761	-0.101944
 795	3.9700e-01	8.2474	0.964827	-0.000450	-4.497644	-1.523843	0.036409
 796	3.9750e-01	8.2169	0.892010	0.000180	1.799058	0.609537	-0.014563
 797	3.9800e-01	8.1655	0.928419	-0.000090	-0.899529	-0.304769	0.007282
 798	3.9850e-01	8.1479	1.037644	-0.000270	-2.698587	-0.914306	0.021845
 799	3.9900e-01	8.0901	0.600742	0.001079	10.794346	3.657224	-0.087381
 800	3.9950e-01	8.0645	0.455107	0.000360	3.598115	1.219075	-0.029127
 801	4.0000e-01	8.0115	0.855602	-0.000989	-9.894817	-3.352455	0.080099
 802	4.0050e-01	7.9698	0.527924	0.000810	8.095760	2.742918	-0.065535
 803	4.0100e-01	7.9329	0.673559	-0.000360	-3.598115	-1.219075	0.029127
 804	4.0150e-01	7.9025	0.455107	0.000540	5.397173	1.828612	-0.043690
 805	4.0200e-01	7.8623	0.382290	0.000180	1.799058	0.609537	-0.014563
 806	4.0250e-01	7.8158	0.345881	0.000090	0.899529	0.304769	-0.007282
 807	4.0300e-01	7.7709	0.309473	0.000090	0.899529	0.304769	-0.007282
 808	4.0350e-01	7.7581	-0.018204	0.000810	8.095760	2.742918	-0.065535
 809	4.0400e-01	7.7180	0.273064	-0.000720	-7.196231	-2.438149	0.058254
 810	4.0450e-01	7.6522	-0.054613	0.000810	8.095760	2.742918	-0.065535
 811	4.0500e-01	7.6121	0.491516	-0.001349	-13.492933	-4.571529	0.109226
 812	4.0550e-01	7.5912	-0.127430	0.001529	15.291991	5.181067	-0.123789
 813	4.0600e-01	7.5688	-0.200247	0.000180	1.799058	0.609537	-0.014563
 814	4.0650e-01	7.5062	-0.127430	-0.000180	-1.799058	-0.609537	0.014563
 815	4.0700e-01	7.4276	-0.200247	0.000180	1.799058	0.609537	-0.014563
 816	4.0750e-01	7.4340	0.091021	0.000720	7.196231	2.438149	0.058254
 817	4.0800e-01	7.3955	-0.091021	0.000450	4.497644	1.523843	-0.036409
 818	4.0850e-01	7.3394	-0.163839	0.000180	1.799058	0.609537	-0.014563
 819	4.0900e-01	7.2961	-0.600742	0.001079	10.794346	3.657224	-0.087381
 820	4.0950e-01	7.2383	-0.382290	-0.000540	-5.397173	-1.828612	0.043690
 821	4.1000e-01	7.2239	-0.273064	-0.000270	-2.698587	-0.914306	0.021845
 822	4.1050e-01	7.2094	-0.600742	0.000810	8.095760	2.742918	-0.065535
 823	4.1100e-01	7.1276	-0.309473	-0.000720	-7.196231	-2.438149	0.058254
 824	4.1150e-01	7.0987	-0.746376	0.001079	10.794346	3.657224	-0.087381
 825	4.1200e-01	7.0362	-0.600742	-0.000360	-3.598115	-1.219075	0.029127
 826	4.1250e-01	7.0121	-0.673559	0.000180	1.799058	0.609537	-0.014563
 827	4.1300e-01	6.9912	-0.964827	0.000720	7.196231	2.438149	-0.058254
 828	4.1350e-01	6.9335	-0.637150	-0.000810	-8.095760	-2.742918	0.065535
 829	4.1400e-01	6.8982	-0.455107	-0.000450	-4.497644	-1.523843	0.036409
 830	4.1450e-01	6.8437	-1.620182	0.002878	28.784924	9.752596	-0.233015
 831	4.1500e-01	6.7971	-1.328913	-0.000720	-7.196231	-2.438149	0.058254
 832	4.1550e-01	6.7763	-1.074053	-0.000630	-6.296702	-2.133380	0.050972
 833	4.1600e-01	6.7330	-1.219687	0.000360	3.598115	1.219075	-0.029127
 834	4.1650e-01	6.6848	-1.183279	-0.000090	-0.899529	-0.304769	0.007282
 835	4.1700e-01	6.6528	-1.328913	0.000360	3.598115	1.219075	-0.029127
 836	4.1750e-01	6.6319	-0.819193	-0.001259	-12.593404	-4.266761	0.101944
 837	4.1800e-01	6.5677	-1.838633	0.002519	25.186808	8.533522	-0.203888
 838	4.1850e-01	6.5260	-1.875042	0.000090	0.899529	0.304769	-0.007282
 839	4.1900e-01	6.4939	-1.110462	-0.001889	-18.890106	-6.400141	0.152916
 840	4.1950e-01	6.4859	-1.692999	0.001439	14.392462	4.876298	-0.116507
 841	4.2000e-01	6.3848	-1.838633	0.000360	3.598115	1.219075	-0.029127
 842	4.2050e-01	6.3865	-1.510956	0.000810	8.095760	2.742918	0.065535
 843	4.2100e-01	6.3496	-1.875042	0.000900	8.995289	3.047686	-0.072817
 844	4.2150e-01	6.2982	-2.057085	0.000450	4.497644	1.523843	-0.036409
 845	4.2200e-01	6.2758	-1.947859	-0.000270	-2.698587	-0.914306	0.021845
 846	4.2250e-01	6.2068	-2.093493	0.000360	3.598115	1.219075	-0.029127
 847	4.2300e-01	6.1683	-2.129902	0.000090	0.899529	0.304769	-0.007282
 848	4.2350e-01	6.1330	-1.911450	-0.000540	-5.397173	-1.828612	0.043690
 849	4.2400e-01	6.0736	-2.239127	0.000810	8.095760	2.742918	-0.065535
 850	4.2450e-01	6.0752	-2.275536	-0.000090	-0.899529	-0.304769	-0.007282
 851	4.2500e-01	6.0095	-2.166310	-0.000270	-2.698587	-0.914306	0.021845
 852	4.2550e-01	5.9998	-2.348353	0.000450	4.497644	1.523843	-0.036409
 853	4.2600e-01	5.9613	-2.603213	0.000630	6.296702	2.133380	-0.050972
 854	4.2650e-01	5.9020	-2.493988	-0.000270	-2.698587	-0.914306	0.021845
 855	4.2700e-01	5.8843	-2.894482	0.000989	9.894817	3.352455	-0.080099
 856	4.2750e-01	5.8153	-2.421170	-0.001169	-11.693875	-3.961992	0.094662
 857	4.2800e-01	5.7833	-2.748848	0.000810	8.095760	2.742918	-0.065535
 858	4.2850e-01	5.7480	-2.748848	-0.000000	-0.000000	-0.000000	0.000000
 859	4.2900e-01	5.7271	-3.040116	0.000720	7.196231	2.438149	-0.058254
 860	4.2950e-01	5.6838	-2.785256	-0.000630	-6.296702	-2.133380	0.050972
 861	4.3000e-01	5.6100	-2.930890	0.000360	3.598115	1.219075	-0.029127
 862	4.3050e-01	5.5667	-3.149342	0.000540	5.397173	1.828612	-0.043690
 863	4.3100e-01	5.5266	-3.003708	-0.000360	-3.598115	-1.219075	0.029127
 864	4.3150e-01	5.4704	-3.367793	0.000900	8.995289	3.047686	-0.072817
 865	4.3200e-01	5.4560	-3.331385	-0.000090	-0.899529	-0.304769	0.007282
 866	4.3250e-01	5.4111	-3.222159	-0.000270	-2.698587	-0.914306	0.021845
 867	4.3300e-01	5.3902	-3.076525	-0.000360	-3.598115	-1.219075	0.029127
 868	4.3350e-01	5.3148	-2.930890	-0.000360	-3.598115	-1.219075	0.029127
 869	4.3400e-01	5.3068	-3.877513	0.002339	23.387750	7.923984	-0.189325
 870	4.3450e-01	5.2555	-3.586245	-0.000720	-7.196231	-2.438149	0.058254
 871	4.3500e-01	5.1849	-3.404202	-0.000450	-4.497644	-1.523843	0.036409
 872	4.3550e-01	5.1817	-3.549836	0.000360	3.598115	1.219075	-0.029127
 873	4.3600e-01	5.1400	-3.586245	0.000090	0.899529	0.304769	-0.007282
 874	4.3650e-01	5.0790	-3.841105	0.000630	6.296702	2.133380	-0.050972
 875	4.3700e-01	5.0678	-4.168782	0.000810	8.095760	2.742918	-0.065535
 876	4.3750e-01	5.0100	-4.205191	0.000090	0.899529	0.304769	-0.007282
 877	4.3800e-01	4.9731	-3.549836	-0.001619	-16.191520	-5.485835	0.131071
 878	4.3850e-01	4.9314	-4.095965	0.001349	13.492933	4.571529	-0.109226
 879	4.3900e-01	4.8945	-3.950331	-0.000360	-3.598115	-1.219075	0.029127
 880	4.3950e-01	4.8384	-4.532868	0.001439	14.392462	4.876298	-0.116507
 881	4.4000e-01	4.7854	-4.132373	-0.000989	-9.894817	-3.352455	0.080099
 882	4.4050e-01	4.7582	-4.642094	0.001259	12.593404	4.266761	-0.101944
 883	4.4100e-01	4.7325	-4.168782	-0.001169	-11.693875	-3.961992	0.094662
 884	4.4150e-01	4.6924	-4.423642	0.000630	6.296702	2.133380	-0.050972
 885	4.4200e-01	4.6667	-4.569276	0.000360	3.598115	1.219075	-0.029127
 886	4.4250e-01	4.6234	-4.678502	0.000270	2.698587	0.914306	-0.021845
 887	4.4300e-01	4.5865	-4.642094	-0.000090	-0.899529	-0.304769	0.007282
 888	4.4350e-01	4.5528	-4.642094	-0.000000	-0.000000	-0.000000	0.000000
 889	4.4400e-01	4.5287	-4.787728	0.000360	3.598115	1.219075	-0.029127
 890	4.4450e-01	4.4646	-4.824136	0.000090	0.899529	0.304769	-0.007282
 891	4.4500e-01	4.4277	-5.006179	0.000450	4.497644	1.523843	-0.036409
 892	4.4550e-01	4.3731	-4.824136	-0.000450	-4.497644	-1.523843	0.036409
 893	4.4600e-01	4.3138	-4.860545	0.000090	0.899529	0.304769	-0.007282
 894	4.4650e-01	4.3122	-5.078996	0.000540	5.397173	1.828612	-0.043690
 895	4.4700e-01	4.2464	-5.042588	-0.000090	-0.899529	-0.304769	0.007282
 896	4.4750e-01	4.2063	-5.406674	0.000900	8.995289	3.047686	-0.072817
 897	4.4800e-01	4.1870	-5.370265	-0.000090	-0.899529	-0.304769	0.007282
 898	4.4850e-01	4.1469	-5.151814	-0.000540	-5.397173	-1.828612	0.043690
 899	4.4900e-01	4.0972	-5.625125	0.001169	11.693875	3.961992	-0.094662
 900	4.4950e-01	4.0619	-5.552308	-0.000180	-1.799058	-0.609537	0.014563
 901	4.5000e-01	4.0074	-5.333857	-0.000540	-5.397173	-1.828612	0.043690
 902	4.5050e-01	4.0026	-5.479491	0.000360	3.598115	1.219075	-0.029127
 903	4.5100e-01	3.9304	-5.697942	0.000540	5.397173	1.828612	-0.043690
 904	4.5150e-01	3.9384	-5.807168	-0.000270	-2.698587	-0.914306	-0.021845
 905	4.5200e-01	3.8630	-6.098437	0.000720	7.196231	2.438149	-0.058254
 906	4.5250e-01	3.8004	-5.734351	-0.000900	-8.995289	-3.047686	0.072817
 907	4.5300e-01	3.7828	-5.734351	-0.000000	-0.000000	-0.000000	0.000000
 908	4.5350e-01	3.7330	-6.244071	0.001259	12.593404	4.266761	-0.101944
 909	4.5400e-01	3.7186	-6.171254	-0.000180	-1.799058	-0.609537	0.014563
 910	4.5450e-01	3.6560	-6.098437	-0.000180	-1.799058	-0.609537	0.014563
 911	4.5500e-01	3.6224	-6.098437	-0.000000	-0.000000	-0.000000	0.000000
 912	4.5550e-01	3.5742	-6.171254	0.000180	1.799058	0.609537	-0.014563
 913	4.5600e-01	3.5486	-6.316888	0.000360	3.598115	1.219075	-0.029127
 914	4.5650e-01	3.5036	-6.426114	0.000270	2.698587	0.914306	-0.021845
 915	4.5700e-01	3.4716	-6.389705	-0.000090	-0.899529	-0.304769	0.007282
 916	4.5750e-01	3.4331	-6.498931	0.000270	2.698587	0.914306	-0.021845
 917	4.5800e-01	3.3545	-6.863017	0.000900	8.995289	3.047686	-0.072817
 918	4.5850e-01	3.3208	-6.899425	0.000090	0.899529	0.304769	-0.007282
 919	4.5900e-01	3.3063	-6.389705	-0.001259	-12.593404	-4.266761	0.101944
 920	4.5950e-01	3.2422	-6.935834	0.001349	13.492933	4.571529	-0.109226
 921	4.6000e-01	3.2341	-6.753791	-0.000450	-4.497644	-1.523843	0.036409
 922	4.6050e-01	3.1812	-7.227103	0.001169	11.693875	3.961992	-0.094662
 923	4.6100e-01	3.1218	-7.372737	0.000360	3.598115	1.219075	-0.029127
 924	4.6150e-01	3.0817	-6.644565	-0.001799	-17.990577	-6.095373	0.145634
 925	4.6200e-01	3.0577	-7.190694	0.001349	13.492933	4.571529	-0.109226
 926	4.6250e-01	3.0304	-7.409145	0.000540	5.397173	1.828612	-0.043690
 927	4.6300e-01	2.9726	-7.336328	-0.000180	-1.799058	-0.609537	0.014563
 928	4.6350e-01	2.9149	-7.372737	0.000090	0.899529	0.304769	-0.007282
 929	4.6400e-01	2.8876	-7.263511	-0.000270	-2.698587	-0.914306	0.021845
 930	4.6450e-01	2.8331	-7.409145	0.000360	3.598115	1.219075	-0.029127
 931	4.6500e-01	2.8042	-7.991683	0.001439	14.392462	4.876298	-0.116507
 932	4.6550e-01	2.7561	-7.664005	-0.000810	-8.095760	-2.742918	0.065535
 933	4.6600e-01	2.7416	-7.591188	-0.000180	-1.799058	-0.609537	0.014563
 934	4.6650e-01	2.7095	-7.809640	0.000540	5.397173	1.828612	-0.043690
 935	4.6700e-01	2.6518	-7.846048	0.000090	0.899529	0.304769	-0.007282
 936	4.6750e-01	2.6277	-7.882457	0.000090	0.899529	0.304769	-0.007282
 937	4.6800e-01	2.5716	-7.955274	0.000180	1.799058	0.609537	-0.014563
 938	4.6850e-01	2.5154	-8.137317	0.000450	4.497644	1.523843	-0.036409
 939	4.6900e-01	2.4721	-8.100908	-0.000090	-0.899529	-0.304769	0.007282
 940	4.6950e-01	2.4705	-8.537811	0.001079	10.794346	3.657224	-0.087381
 941	4.7000e-01	2.4240	-8.137317	-0.000989	-9.894817	-3.352455	0.080099
 942	4.7050e-01	2.3839	-8.865488	0.001799	17.990577	6.095373	-0.145634
 943	4.7100e-01	2.3454	-8.428586	-0.001079	-10.794346	-3.657224	0.087381
 944	4.7150e-01	2.2908	-8.537811	0.000270	2.698587	0.914306	-0.021845
 945	4.7200e-01	2.2379	-8.464994	-0.000180	-1.799058	-0.609537	0.014563
 946	4.7250e-01	2.2122	-8.792671	0.000810	8.095760	2.742918	-0.065535
 947	4.7300e-01	2.1737	-8.610628	-0.000450	-4.497644	-1.523843	0.036409
 948	4.7350e-01	2.1240	-9.047531	0.001079	10.794346	3.657224	-0.087381
 949	4.7400e-01	2.0967	-9.047531	-0.000000	-0.000000	-0.000000	0.000000
 950	4.7450e-01	2.0679	-8.792671	-0.000630	-6.296702	-2.133380	0.050972
 951	4.7500e-01	2.0197	-8.974714	0.000450	4.497644	1.523843	-0.036409
 952	4.7550e-01	1.9812	-9.229574	0.000630	6.296702	2.133380	-0.050972
 953	4.7600e-01	1.9347	-9.338800	0.000270	2.698587	0.914306	-0.021845
 954	4.7650e-01	1.9026	-9.229574	-0.000270	-2.698587	-0.914306	0.021845
 955	4.7700e-01	1.8657	-9.302391	0.000180	1.799058	0.609537	-0.014563
 956	4.7750e-01	1.8481	-9.448026	0.000360	3.598115	1.219075	-0.029127
 957	4.7800e-01	1.7454	-9.375209	-0.000180	-1.799058	-0.609537	0.014563
 958	4.7850e-01	1.7759	-9.630069	-0.000630	-6.296702	-2.133380	-0.050972
 959	4.7900e-01	1.6973	-9.739294	0.000270	2.698587	0.914306	-0.021845
 960	4.7950e-01	1.6700	-9.448026	-0.000720	-7.196231	-2.438149	0.058254
 961	4.8000e-01	1.6459	-9.884929	0.001079	10.794346	3.657224	-0.087381
 962	4.8050e-01	1.5770	-9.884929	-0.000000	-0.000000	-0.000000	0.000000
 963	4.8100e-01	1.5304	-10.066972	0.000450	4.497644	1.523843	-0.036409
 964	4.8150e-01	1.4775	-10.030563	-0.000090	-0.899529	-0.304769	0.007282
 965	4.8200e-01	1.4566	-10.139789	0.000270	2.698587	0.914306	-0.021845
 966	4.8250e-01	1.4374	-10.103380	-0.000090	-0.899529	-0.304769	0.007282
 967	4.8300e-01	1.3941	-10.103380	-0.000000	-0.000000	-0.000000	0.000000
 968	4.8350e-01	1.3443	-10.649509	0.001349	13.492933	4.571529	-0.109226
 969	4.8400e-01	1.2946	-10.358240	-0.000720	-7.196231	-2.438149	0.058254
 970	4.8450e-01	1.2786	-10.249014	-0.000270	-2.698587	-0.914306	0.021845
 971	4.8500e-01	1.2192	-10.722326	0.001169	11.693875	3.961992	-0.094662
 972	4.8550e-01	1.1791	-10.540283	-0.000450	-4.497644	-1.523843	0.036409
 973	4.8600e-01	1.1422	-10.831552	0.000720	7.196231	2.438149	-0.058254
 974	4.8650e-01	1.0973	-10.795143	-0.000090	-0.899529	-0.304769	0.007282
 975	4.8700e-01	1.0540	-10.940777	0.000360	3.598115	1.219075	-0.029127
 976	4.8750e-01	1.0363	-10.649509	-0.000720	-7.196231	-2.438149	0.058254
 977	4.8800e-01	0.9641	-11.159229	0.001259	12.593404	4.266761	-0.101944
 978	4.8850e-01	0.9240	-10.904369	-0.000630	-6.296702	-2.133380	0.050972
 979	4.8900e-01	0.8968	-11.304863	0.000989	9.894817	3.352455	-0.080099
 980	4.8950e-01	0.8470	-11.596132	0.000720	7.196231	2.438149	-0.058254
 981	4.9000e-01	0.8053	-11.450497	-0.000360	-3.598115	-1.219075	0.029127
 982	4.9050e-01	0.7877	-11.632540	0.000450	4.497644	1.523843	-0.036409
 983	4.9100e-01	0.7428	-11.341272	-0.000720	-7.196231	-2.438149	0.058254
 984	4.9150e-01	0.6994	-11.668949	0.000810	8.095760	2.742918	-0.065535
 985	4.9200e-01	0.6337	-11.668949	-0.000000	-0.000000	-0.000000	0.000000
 986	4.9250e-01	0.6273	-11.923809	0.000630	6.296702	2.133380	-0.050972
 987	4.9300e-01	0.5438	-11.887400	-0.000090	-0.899529	-0.304769	0.007282
 988	4.9350e-01	0.5118	-11.741766	-0.000360	-3.598115	-1.219075	0.029127
 989	4.9400e-01	0.4877	-12.033035	0.000720	7.196231	2.438149	-0.058254
 990	4.9450e-01	0.4652	-11.887400	-0.000360	-3.598115	-1.219075	0.029127
 991	4.9500e-01	0.4107	-12.069443	0.000450	4.497644	1.523843	-0.036409
 992	4.9550e-01	0.3866	-12.397120	0.000810	8.095760	2.742918	-0.065535
 993	4.9600e-01	0.3160	-12.397120	-0.000000	-0.000000	-0.000000	0.000000
 994	4.9650e-01	0.2807	-12.651980	0.000630	6.296702	2.133380	-0.050972
 995	4.9700e-01	0.2647	-12.615572	-0.000090	-0.899529	-0.304769	0.007282
 996	4.9750e-01	0.2086	-12.215078	-0.000989	-9.894817	-3.352455	0.080099
 997	4.9800e-01	0.1524	-12.542755	0.000810	8.095760	2.742918	-0.065535
 998	4.9850e-01	0.1219	-13.125292	0.001439	14.392462	4.876298	-0.116507
 999	4.9900e-01	0.0802	-12.615572	-0.001259	-12.593404	-4.266761	0.101944
1000	4.9950e-01	0.0289	-13.016066	0.000989	9.894817	3.352455	-0.080099
1001	5.0000e-01	0.0465	-13.052475	0.000989	9.894817	3.352455	-0.007282

PMax (uC/cm2):	3.00e+01
Pr (uC/cm2):	2.15e+00
-Pr (uC/cm2):	0.00e+00
PLoss (uC/cm2):	0.00e+00
C (Max-Eff) (nF):	1.50e-01
K (Eff):	5.07e+02
Vert. (+/-Pr) Shift (uC/cm2):	1.07e+00
Offset (uC/cm2):	1.52e+01

A (Loop Area - uC/cm2·Volts):	-3.69e-01



Hysteresis Version: 5.48.1 - Radiant Technologies, Inc., 1999 - 9/12/24

