»»»»»»»»»»»»»»»»»»»»»»»»»»»»»»»»»»»» Hysteresis ««««««««««««««««««««««««««««««««««««
»»»  Executed Version:	5.48.1
»»»  Vision Version:	5.48.4 (R)
»»»  Vision Compiled:	9/18/24
»»»  Driver Version:	5.47.0
»»»  Windows Version:	Windows 8 or 8.1
»»»  Processor Information:	x86 (AMD or Intel) - 32 Processors
»»»  Tester Name:	PMF21124-494 (100V)
»»»  Tester S/N:	PMF21124-494
»»»  Internal Amp Type:	100V RevK 270k
»»»  Internal Amp S/N:	iAB2-596/K     
»»»  Execution Count:	1
»»»»»»»»»»»»»»»»»»»»»»»»»»»»»»»»»»»»»»»»»»««««««««««««««««««««««««««««««««««««««««««

Stored:	10/10/2025 - 11:41:11
Configured:	10/10/25 10:37:25 AM
Executed:	10/10/25 11:40:36 AM

»»»»»»»»»»»»»»»»»»»»»»»»»»»»»»»»»»» Sample Info ««««««««««««««««««««««««««««««««««««
Sample Name:	Int. Ref. Ferroelectric
Lot Name:	N/A
Wafer Name:	N/A
Die Row/Column:	0/0
Capacitor Number:	0
Sample Area (cm2):	1.00e-04
Sample Thickness (microns):	3.00e-01

Amplifier:	Internal

»»»»»»»»»»»»»»»»»»»»»»»»»»»»»»»»»»» Tester Info «««««««««««««««««««««««««««««««««««
Tester Name:	PMF21124-494 (100V)
Tester Serial Number:	PMF21124-494
Return Signal Amp. Level:	0.02 [Index: 2]

»»»»»»»»»»»»»»»»»»»»»»»»»»»»»»»» Hysteresis Info ««««««««««««««««««««««««««««««««««
Task Name:	Hyst-170
Volts:	20.00
Field:	666.67 (kV/cm)
DCBias:	0.00
DCField:	0.00 (kV/cm)
Hysteresis Period (ms):	5.00e-01
Preset:	Enabled
Preset Delay (ms):	1.00e+03
Profile:	Standard Monopolar

»»»»»»»»»»»»»»»»»»»»»»»»»»»»»»»»»»»»»» Data «««««««««««««««««««««««««««««««««««««««
Points:	1001

Valid Data

Point	Time (ms)	Drive Voltage	Measured Polarization (uC/cm2)	Capacitance (uF)	Normalized Capacitance (uF/cm2)	Dielectric Constant	Instantaneous Current (mA)
   1	0.0000e+00	0.0257	-26.833121	0.000727	7.272694	2.464056	0.058254
   2	5.0000e-04	0.0722	-26.541853	0.000727	7.272694	2.464056	0.058254
   3	1.0000e-03	0.1011	-27.015164	-0.001182	-11.818128	-4.004090	-0.094662
   4	1.5000e-03	0.1636	-26.469035	0.001364	13.636302	4.620104	0.109226
   5	2.0000e-03	0.1861	-26.760304	-0.000727	-7.272694	-2.464056	-0.058254
   6	2.5000e-03	0.2037	-26.432627	0.000818	8.181781	2.772063	0.065535
   7	3.0000e-03	0.2743	-26.469035	-0.000091	-0.909087	-0.308007	-0.007282
   8	3.5000e-03	0.3112	-25.886498	0.001455	14.545389	4.928111	0.116507
   9	4.0000e-03	0.3369	-25.704455	0.000455	4.545434	1.540035	0.036409
  10	4.5000e-03	0.3738	-25.922907	-0.000545	-5.454521	-1.848042	-0.043690
  11	5.0000e-03	0.4331	-25.813681	0.000273	2.727260	0.924021	0.021845
  12	5.5000e-03	0.4861	-25.558821	0.000636	6.363608	2.156049	0.050972
  13	6.0000e-03	0.5246	-25.850090	-0.000727	-7.272694	-2.464056	-0.058254
  14	6.5000e-03	0.5503	-25.376778	0.001182	11.818128	4.004090	0.094662
  15	7.0000e-03	0.5984	-25.267552	0.000273	2.727260	0.924021	0.021845
  16	7.5000e-03	0.6385	-25.340370	-0.000182	-1.818174	-0.616014	-0.014563
  17	8.0000e-03	0.6914	-25.194735	0.000364	3.636347	1.232028	0.029127
  18	8.5000e-03	0.7251	-24.976284	0.000545	5.454521	1.848042	0.043690
  19	9.0000e-03	0.7556	-24.757832	0.000545	5.454521	1.848042	0.043690
  20	9.5000e-03	0.7941	-24.903467	-0.000364	-3.636347	-1.232028	-0.029127
  21	1.0000e-02	0.8374	-24.466564	0.001091	10.909042	3.696083	0.087381
  22	1.0500e-02	0.8984	-24.357338	0.000273	2.727260	0.924021	0.021845
  23	1.1000e-02	0.9144	-24.357338	0.000000	0.000000	0.000000	0.000000
  24	1.1500e-02	0.9529	-24.357338	0.000000	0.000000	0.000000	0.000000
  25	1.2000e-02	0.9930	-23.592758	0.001909	19.090823	6.468146	0.152916
  26	1.2500e-02	1.0508	-23.956844	-0.000909	-9.090868	-3.080069	-0.072817
  27	1.3000e-02	1.0925	-23.847618	0.000273	2.727260	0.924021	0.021845
  28	1.3500e-02	1.1149	-23.301489	0.001364	13.636302	4.620104	0.109226
  29	1.4000e-02	1.1390	-23.556349	-0.000636	-6.363608	-2.156049	-0.050972
  30	1.4500e-02	1.1919	-23.192264	0.000909	9.090868	3.080069	0.072817
  31	1.5000e-02	1.2385	-23.083038	0.000273	2.727260	0.924021	0.021845
  32	1.5500e-02	1.2882	-22.828178	0.000636	6.363608	2.156049	0.050972
  33	1.6000e-02	1.3091	-23.447124	-0.001545	-15.454476	-5.236118	-0.123789
  34	1.6500e-02	1.3796	-22.500501	0.002364	23.636257	8.008181	0.189325
  35	1.7000e-02	1.3845	-22.755361	-0.000636	-6.363608	-2.156049	-0.050972
  36	1.7500e-02	1.4149	-22.536909	0.000545	5.454521	1.848042	0.043690
  37	1.8000e-02	1.4727	-22.500501	0.000091	0.909087	0.308007	0.007282
  38	1.8500e-02	1.5096	-22.464092	0.000091	0.909087	0.308007	0.007282
  39	1.9000e-02	1.5721	-22.245641	0.000545	5.454521	1.848042	0.043690
  40	1.9500e-02	1.5962	-22.063598	0.000455	4.545434	1.540035	0.036409
  41	2.0000e-02	1.6267	-21.735920	0.000818	8.181781	2.772063	0.065535
  42	2.0500e-02	1.6828	-21.881555	-0.000364	-3.636347	-1.232028	-0.029127
  43	2.1000e-02	1.7213	-21.699512	0.000455	4.545434	1.540035	0.036409
  44	2.1500e-02	1.7502	-21.371835	0.000818	8.181781	2.772063	0.065535
  45	2.2000e-02	1.7791	-21.335426	0.000091	0.909087	0.308007	0.007282
  46	2.2500e-02	1.8433	-21.299018	0.000091	0.909087	0.308007	0.007282
  47	2.3000e-02	1.8770	-21.481060	-0.000455	-4.545434	-1.540035	-0.036409
  48	2.3500e-02	1.9026	-21.044157	0.001091	10.909042	3.696083	0.087381
  49	2.4000e-02	1.9620	-20.971340	0.000182	1.818174	0.616014	0.014563
  50	2.4500e-02	2.0101	-21.044157	-0.000182	-1.818174	-0.616014	-0.014563
  51	2.5000e-02	2.0438	-20.752889	0.000727	7.272694	2.464056	0.058254
  52	2.5500e-02	2.0967	-20.607255	0.000364	3.636347	1.232028	0.029127
  53	2.6000e-02	2.1368	-20.206760	0.001000	9.999955	3.388076	0.080099
  54	2.6500e-02	2.1625	-20.024717	0.000455	4.545434	1.540035	0.036409
  55	2.7000e-02	2.1962	-20.097534	-0.000182	-1.818174	-0.616014	-0.014563
  56	2.7500e-02	2.2443	-19.697040	0.001000	9.999955	3.388076	0.080099
  57	2.8000e-02	2.2764	-20.206760	-0.001273	-12.727215	-4.312097	-0.101944
  58	2.8500e-02	2.3197	-19.951900	0.000636	6.363608	2.156049	0.050972
  59	2.9000e-02	2.3582	-19.842674	0.000273	2.727260	0.924021	0.021845
  60	2.9500e-02	2.3951	-19.660632	0.000455	4.545434	1.540035	0.036409
  61	3.0000e-02	2.4432	-19.405772	0.000636	6.363608	2.156049	0.050972
  62	3.0500e-02	2.5106	-19.296546	0.000273	2.727260	0.924021	0.021845
  63	3.1000e-02	2.5459	-19.369363	-0.000182	-1.818174	-0.616014	-0.014563
  64	3.1500e-02	2.5716	-19.078094	0.000727	7.272694	2.464056	0.058254
  65	3.2000e-02	2.5812	-18.896051	0.000455	4.545434	1.540035	0.036409
  66	3.2500e-02	2.6229	-18.896051	0.000000	0.000000	0.000000	0.000000
  67	3.3000e-02	2.6727	-18.568374	0.000818	8.181781	2.772063	0.065535
  68	3.3500e-02	2.7079	-18.459149	0.000273	2.727260	0.924021	0.021845
  69	3.4000e-02	2.7304	-18.568374	-0.000273	-2.727260	-0.924021	-0.021845
  70	3.4500e-02	2.7978	-18.459149	0.000273	2.727260	0.924021	0.021845
  71	3.5000e-02	2.8122	-18.058654	0.001000	9.999955	3.388076	0.080099
  72	3.5500e-02	2.8780	-18.240697	-0.000455	-4.545434	-1.540035	-0.036409
  73	3.6000e-02	2.9197	-17.913020	0.000818	8.181781	2.772063	0.065535
  74	3.6500e-02	2.9775	-17.876611	0.000091	0.909087	0.308007	0.007282
  75	3.7000e-02	2.9935	-17.548934	0.000818	8.181781	2.772063	0.065535
  76	3.7500e-02	3.0192	-17.512526	0.000091	0.909087	0.308007	0.007282
  77	3.8000e-02	3.0609	-17.585343	-0.000182	-1.818174	-0.616014	-0.014563
  78	3.8500e-02	3.1202	-17.439708	0.000364	3.636347	1.232028	0.029127
  79	3.9000e-02	3.1475	-17.221257	0.000545	5.454521	1.848042	0.043690
  80	3.9500e-02	3.1844	-16.893580	0.000818	8.181781	2.772063	0.065535
  81	4.0000e-02	3.2566	-17.221257	-0.000818	-8.181781	-2.772063	-0.065535
  82	4.0500e-02	3.2710	-17.112031	0.000273	2.727260	0.924021	0.021845
  83	4.1000e-02	3.3208	-16.602311	0.001273	12.727215	4.312097	0.101944
  84	4.1500e-02	3.3705	-16.456677	0.000364	3.636347	1.232028	0.029127
  85	4.2000e-02	3.4315	-16.565903	-0.000273	-2.727260	-0.924021	-0.021845
  86	4.2500e-02	3.4282	-16.019774	-0.001364	-13.636302	-4.620104	0.109226
  87	4.3000e-02	3.4876	-16.565903	-0.001364	-13.636302	-4.620104	-0.109226
  88	4.3500e-02	3.5133	-15.764914	0.002000	19.999910	6.776153	0.160198
  89	4.4000e-02	3.5405	-15.910548	-0.000364	-3.636347	-1.232028	-0.029127
  90	4.4500e-02	3.5887	-15.619280	0.000727	7.272694	2.464056	0.058254
  91	4.5000e-02	3.6304	-15.582871	0.000091	0.909087	0.308007	0.007282
  92	4.5500e-02	3.6753	-15.801322	-0.000545	-5.454521	-1.848042	-0.043690
  93	4.6000e-02	3.7330	-15.328011	0.001182	11.818128	4.004090	0.094662
  94	4.6500e-02	3.7667	-15.728505	-0.001000	-9.999955	-3.388076	-0.080099
  95	4.7000e-02	3.8213	-15.182377	0.001364	13.636302	4.620104	0.109226
  96	4.7500e-02	3.8357	-14.927517	0.000636	6.363608	2.156049	0.050972
  97	4.8000e-02	3.8630	-15.291602	-0.000909	-9.090868	-3.080069	-0.072817
  98	4.8500e-02	3.9079	-14.927517	0.000909	9.090868	3.080069	0.072817
  99	4.9000e-02	3.9576	-14.818291	0.000273	2.727260	0.924021	0.021845
 100	4.9500e-02	4.0026	-14.818291	0.000000	0.000000	0.000000	0.000000
 101	5.0000e-02	4.0314	-14.927517	-0.000273	-2.727260	-0.924021	-0.021845
 102	5.0500e-02	4.0860	-14.417796	0.001273	12.727215	4.312097	0.101944
 103	5.1000e-02	4.1293	-14.272162	0.000364	3.636347	1.232028	0.029127
 104	5.1500e-02	4.1614	-14.162936	0.000273	2.727260	0.924021	0.021845
 105	5.2000e-02	4.1903	-13.908076	0.000636	6.363608	2.156049	0.050972
 106	5.2500e-02	4.2416	-13.726034	0.000455	4.545434	1.540035	0.036409
 107	5.3000e-02	4.2560	-13.908076	-0.000455	-4.545434	-1.540035	-0.036409
 108	5.3500e-02	4.2881	-13.726034	0.000455	4.545434	1.540035	0.036409
 109	5.4000e-02	4.3507	-13.252722	0.001182	11.818128	4.004090	0.094662
 110	5.4500e-02	4.3876	-13.252722	0.000000	0.000000	0.000000	0.000000
 111	5.5000e-02	4.4453	-13.398356	-0.000364	-3.636347	-1.232028	-0.029127
 112	5.5500e-02	4.4951	-13.580399	-0.000455	-4.545434	-1.540035	-0.036409
 113	5.6000e-02	4.5287	-12.706593	0.002182	21.818083	7.392167	0.174761
 114	5.6500e-02	4.5512	-12.925045	-0.000545	-5.454521	-1.848042	-0.043690
 115	5.7000e-02	4.5977	-12.852228	0.000182	1.818174	0.616014	0.014563
 116	5.7500e-02	4.6507	-12.815819	0.000091	0.909087	0.308007	0.007282
 117	5.8000e-02	4.6603	-12.597368	0.000545	5.454521	1.848042	0.043690
 118	5.8500e-02	4.7100	-12.196873	0.001000	9.999955	3.388076	0.080099
 119	5.9000e-02	4.7566	-12.306099	-0.000273	-2.727260	-0.924021	-0.021845
 120	5.9500e-02	4.8127	-12.488142	-0.000455	-4.545434	-1.540035	-0.036409
 121	6.0000e-02	4.8560	-12.233282	0.000636	6.363608	2.156049	0.050972
 122	6.0500e-02	4.8737	-11.869196	0.000909	9.090868	3.080069	0.072817
 123	6.1000e-02	4.9298	-11.723562	0.000364	3.636347	1.232028	0.029127
 124	6.1500e-02	4.9523	-11.614336	0.000273	2.727260	0.924021	0.021845
 125	6.2000e-02	5.0020	-11.905605	-0.000727	-7.272694	-2.464056	-0.058254
 126	6.2500e-02	5.0293	-11.395885	0.001273	12.727215	4.312097	0.101944
 127	6.3000e-02	5.0662	-11.213842	0.000455	4.545434	1.540035	0.036409
 128	6.3500e-02	5.1143	-11.141025	0.000182	1.818174	0.616014	0.014563
 129	6.4000e-02	5.1640	-11.141025	0.000000	0.000000	0.000000	0.000000
 130	6.4500e-02	5.2234	-10.813347	0.000818	8.181781	2.772063	0.065535
 131	6.5000e-02	5.2442	-11.177433	-0.000909	-9.090868	-3.080069	-0.072817
 132	6.5500e-02	5.2972	-10.958982	0.000545	5.454521	1.848042	0.043690
 133	6.6000e-02	5.3261	-10.449262	0.001273	12.727215	4.312097	0.101944
 134	6.6500e-02	5.3437	-10.704122	-0.000636	-6.363608	-2.156049	-0.050972
 135	6.7000e-02	5.3758	-10.740530	-0.000091	-0.909087	-0.308007	-0.007282
 136	6.7500e-02	5.4287	-10.412853	0.000818	8.181781	2.772063	0.065535
 137	6.8000e-02	5.4897	-10.267219	0.000364	3.636347	1.232028	0.029127
 138	6.8500e-02	5.5202	-10.267219	0.000000	0.000000	0.000000	0.000000
 139	6.9000e-02	5.5218	-9.757499	0.001273	12.727215	4.312097	0.101944
 140	6.9500e-02	5.5827	-9.502639	0.000636	6.363608	2.156049	0.050972
 141	7.0000e-02	5.6325	-10.012359	-0.001273	-12.727215	-4.312097	-0.101944
 142	7.0500e-02	5.6678	-10.048767	-0.000091	-0.909087	-0.308007	-0.007282
 143	7.1000e-02	5.7175	-9.102144	0.002364	23.636257	8.008181	0.189325
 144	7.1500e-02	5.7287	-9.466230	-0.000909	-9.090868	-3.080069	-0.072817
 145	7.2000e-02	5.7865	-9.138553	0.000818	8.181781	2.772063	0.065535
 146	7.2500e-02	5.8282	-9.174961	-0.000091	-0.909087	-0.308007	-0.007282
 147	7.3000e-02	5.8827	-9.138553	0.000091	0.909087	0.308007	0.007282
 148	7.3500e-02	5.9100	-8.920101	0.000545	5.454521	1.848042	0.043690
 149	7.4000e-02	5.9742	-8.810876	0.000273	2.727260	0.924021	0.021845
 150	7.4500e-02	5.9934	-8.337564	0.001182	11.818128	4.004090	0.094662
 151	7.5000e-02	6.0127	-8.301156	0.000091	0.909087	0.308007	0.007282
 152	7.5500e-02	6.0752	-8.264747	0.000091	0.909087	0.308007	0.007282
 153	7.6000e-02	6.1266	-8.264747	0.000000	0.000000	0.000000	0.000000
 154	7.6500e-02	6.1346	-8.556016	-0.000727	-7.272694	-2.464056	-0.058254
 155	7.7000e-02	6.1763	-7.973478	0.001455	14.545389	4.928111	0.116507
 156	7.7500e-02	6.2180	-8.446790	-0.001182	-11.818128	-4.004090	-0.094662
 157	7.8000e-02	6.2886	-7.827844	0.001545	15.454476	5.236118	0.123789
 158	7.8500e-02	6.2998	-7.755027	0.000182	1.818174	0.616014	0.014563
 159	7.9000e-02	6.3752	-7.463758	0.000727	7.272694	2.464056	0.058254
 160	7.9500e-02	6.3881	-7.136081	0.000818	8.181781	2.772063	0.065535
 161	8.0000e-02	6.4217	-7.354533	-0.000545	-5.454521	-1.848042	-0.043690
 162	8.0500e-02	6.4586	-7.245307	0.000273	2.727260	0.924021	0.021845
 163	8.1000e-02	6.4923	-7.390941	-0.000364	-3.636347	-1.232028	-0.029127
 164	8.1500e-02	6.5276	-7.172490	0.000545	5.454521	1.848042	0.043690
 165	8.2000e-02	6.5950	-6.990447	0.000455	4.545434	1.540035	0.036409
 166	8.2500e-02	6.6239	-6.335092	0.001636	16.363563	5.544125	0.131071
 167	8.3000e-02	6.6752	-6.771995	-0.001091	-10.909042	-3.696083	-0.087381
 168	8.3500e-02	6.7105	-6.553544	0.000545	5.454521	1.848042	0.043690
 169	8.4000e-02	6.7570	-6.699178	-0.000364	-3.636347	-1.232028	-0.029127
 170	8.4500e-02	6.7907	-6.335092	0.000909	9.090868	3.080069	0.072817
 171	8.5000e-02	6.8084	-6.517135	-0.000455	-4.545434	-1.540035	-0.036409
 172	8.5500e-02	6.8709	-6.153050	0.000909	9.090868	3.080069	0.072817
 173	8.6000e-02	6.9175	-6.153050	0.000000	0.000000	0.000000	0.000000
 174	8.6500e-02	6.9560	-5.861781	0.000727	7.272694	2.464056	0.058254
 175	8.7000e-02	6.9688	-6.153050	-0.000727	-7.272694	-2.464056	-0.058254
 176	8.7500e-02	7.0121	-5.534104	0.001545	15.454476	5.236118	0.123789
 177	8.8000e-02	7.0442	-5.315652	0.000545	5.454521	1.848042	0.043690
 178	8.8500e-02	7.1180	-5.752555	-0.001091	-10.909042	-3.696083	-0.087381
 179	8.9000e-02	7.1469	-5.279244	0.001182	11.818128	4.004090	0.094662
 180	8.9500e-02	7.1773	-5.242835	0.000091	0.909087	0.308007	0.007282
 181	9.0000e-02	7.2030	-4.733115	0.001273	12.727215	4.312097	0.101944
 182	9.0500e-02	7.2624	-4.587481	0.000364	3.636347	1.232028	0.029127
 183	9.1000e-02	7.3201	-4.951566	-0.000909	-9.090868	-3.080069	-0.072817
 184	9.1500e-02	7.3329	-4.878749	0.000182	1.818174	0.616014	0.014563
 185	9.2000e-02	7.3666	-4.769524	0.000273	2.727260	0.924021	0.021845
 186	9.2500e-02	7.4260	-4.223395	0.001364	13.636302	4.620104	0.109226
 187	9.3000e-02	7.4693	-4.660298	-0.001091	-10.909042	-3.696083	-0.087381
 188	9.3500e-02	7.5030	-4.405438	0.000636	6.363608	2.156049	0.050972
 189	9.4000e-02	7.5447	-3.968535	0.001091	10.909042	3.696083	0.087381
 190	9.4500e-02	7.5896	-4.369029	-0.001000	-9.999955	-3.388076	-0.080099
 191	9.5000e-02	7.6602	-3.604449	0.001909	19.090823	6.468146	0.152916
 192	9.5500e-02	7.7003	-3.822901	-0.000545	-5.454521	-1.848042	-0.043690
 193	9.6000e-02	7.7196	-3.786492	0.000091	0.909087	0.308007	0.007282
 194	9.6500e-02	7.7388	-3.895718	-0.000273	-2.727260	-0.924021	-0.021845
 195	9.7000e-02	7.8094	-3.458815	0.001091	10.909042	3.696083	0.087381
 196	9.7500e-02	7.8511	-3.422406	0.000091	0.909087	0.308007	0.007282
 197	9.8000e-02	7.8672	-3.203955	0.000545	5.454521	1.848042	0.043690
 198	9.8500e-02	7.9057	-3.058320	0.000364	3.636347	1.232028	0.029127
 199	9.9000e-02	7.9586	-3.094729	-0.000091	-0.909087	-0.308007	-0.007282
 200	9.9500e-02	7.9811	-2.949095	0.000364	3.636347	1.232028	0.029127
 201	1.0000e-01	8.0164	-2.876278	0.000182	1.818174	0.616014	0.014563
 202	1.0050e-01	8.0388	-2.512192	0.000909	9.090868	3.080069	0.072817
 203	1.0100e-01	8.0901	-3.131138	-0.001545	-15.454476	-5.236118	-0.123789
 204	1.0150e-01	8.1303	-2.475783	0.001636	16.363563	5.544125	0.131071
 205	1.0200e-01	8.1639	-2.293740	0.000455	4.545434	1.540035	0.036409
 206	1.0250e-01	8.2185	-2.512192	-0.000545	-5.454521	-1.848042	-0.043690
 207	1.0300e-01	8.2859	-2.330149	0.000455	4.545434	1.540035	0.036409
 208	1.0350e-01	8.3035	-2.366558	-0.000091	-0.909087	-0.308007	-0.007282
 209	1.0400e-01	8.3532	-1.747612	0.001545	15.454476	5.236118	0.123789
 210	1.0450e-01	8.3837	-1.929655	-0.000455	-4.545434	-1.540035	-0.036409
 211	1.0500e-01	8.4302	-1.674795	0.000636	6.363608	2.156049	0.050972
 212	1.0550e-01	8.4752	-1.456343	0.000545	5.454521	1.848042	0.043690
 213	1.0600e-01	8.5265	-1.347117	0.000273	2.727260	0.924021	0.021845
 214	1.0650e-01	8.5490	-1.310709	0.000091	0.909087	0.308007	0.007282
 215	1.0700e-01	8.5842	-1.529160	-0.000545	-5.454521	-1.848042	-0.043690
 216	1.0750e-01	8.6340	-0.837397	0.001727	17.272649	5.852132	0.138353
 217	1.0800e-01	8.6821	-1.165074	-0.000818	-8.181781	-2.772063	-0.065535
 218	1.0850e-01	8.7174	-0.910214	0.000636	6.363608	2.156049	0.050972
 219	1.0900e-01	8.7559	-0.837397	0.000182	1.818174	0.616014	0.014563
 220	1.0950e-01	8.7960	-0.764580	0.000182	1.818174	0.616014	0.014563
 221	1.1000e-01	8.8297	-0.873806	-0.000273	-2.727260	-0.924021	-0.021845
 222	1.1050e-01	8.8650	-0.473312	0.001000	9.999955	3.388076	0.080099
 223	1.1100e-01	8.8987	-0.182043	0.000727	7.272694	2.464056	0.058254
 224	1.1150e-01	8.9532	-0.691763	-0.001273	-12.727215	-4.312097	-0.101944
 225	1.1200e-01	8.9789	0.145634	0.002091	20.908997	7.084160	0.167479
 226	1.1250e-01	9.0190	0.072817	-0.000182	-1.818174	-0.616014	-0.014563
 227	1.1300e-01	9.0463	0.000000	-0.000182	-1.818174	-0.616014	-0.014563
 228	1.1350e-01	9.0992	0.473312	0.001182	11.818128	4.004090	0.094662
 229	1.1400e-01	9.1682	0.254860	-0.000545	-5.454521	-1.848042	-0.043690
 230	1.1450e-01	9.1906	0.254860	0.000000	0.000000	0.000000	0.000000
 231	1.1500e-01	9.2211	0.072817	-0.000455	-4.545434	-1.540035	-0.036409
 232	1.1550e-01	9.2789	0.546129	0.001182	11.818128	4.004090	0.094662
 233	1.1600e-01	9.3029	0.182043	-0.000909	-9.090868	-3.080069	-0.072817
 234	1.1650e-01	9.3414	0.910214	0.001818	18.181736	6.160139	0.145634
 235	1.1700e-01	9.4040	0.728172	-0.000455	-4.545434	-1.540035	-0.036409
 236	1.1750e-01	9.4345	1.128666	0.001000	9.999955	3.388076	0.080099
 237	1.1800e-01	9.4537	1.019440	-0.000273	-2.727260	-0.924021	-0.021845
 238	1.1850e-01	9.5019	1.492752	0.001182	11.818128	4.004090	0.094662
 239	1.1900e-01	9.5340	1.165074	-0.000818	-8.181781	-2.772063	-0.065535
 240	1.1950e-01	9.5741	1.674795	0.001273	12.727215	4.312097	0.101944
 241	1.2000e-01	9.6238	1.929655	0.000636	6.363608	2.156049	0.050972
 242	1.2050e-01	9.6799	1.492752	-0.001091	-10.909042	-3.696083	-0.087381
 243	1.2100e-01	9.7136	1.711203	0.000545	5.454521	1.848042	0.043690
 244	1.2150e-01	9.7425	1.674795	-0.000091	-0.909087	-0.308007	-0.007282
 245	1.2200e-01	9.7970	2.148106	0.001182	11.818128	4.004090	0.094662
 246	1.2250e-01	9.8211	2.220923	0.000182	1.818174	0.616014	0.014563
 247	1.2300e-01	9.8516	2.585009	0.000909	9.090868	3.080069	0.072817
 248	1.2350e-01	9.9366	1.966063	-0.001545	-15.454476	-5.236118	-0.123789
 249	1.2400e-01	9.9751	2.730643	0.001909	19.090823	6.468146	0.152916
 250	1.2450e-01	10.0008	2.512192	-0.000545	-5.454521	-1.848042	-0.043690
 251	1.2500e-01	10.0168	2.803460	0.000727	7.272694	2.464056	0.058254
 252	1.2550e-01	10.0746	2.621418	-0.000455	-4.545434	-1.540035	-0.036409
 253	1.2600e-01	10.1131	2.767052	0.000364	3.636347	1.232028	0.029127
 254	1.2650e-01	10.1500	3.276772	0.001273	12.727215	4.312097	0.101944
 255	1.2700e-01	10.1740	3.058320	-0.000545	-5.454521	-1.848042	-0.043690
 256	1.2750e-01	10.2478	3.131138	0.000182	1.818174	0.616014	0.014563
 257	1.2800e-01	10.2831	3.058320	-0.000182	-1.818174	-0.616014	-0.014563
 258	1.2850e-01	10.3200	3.568041	0.001273	12.727215	4.312097	0.101944
 259	1.2900e-01	10.3601	3.531632	-0.000091	-0.909087	-0.308007	-0.007282
 260	1.2950e-01	10.4147	3.750083	0.000545	5.454521	1.848042	0.043690
 261	1.3000e-01	10.4468	3.531632	-0.000545	-5.454521	-1.848042	-0.043690
 262	1.3050e-01	10.4869	3.568041	0.000091	0.909087	0.308007	0.007282
 263	1.3100e-01	10.5222	3.859309	0.000727	7.272694	2.464056	0.058254
 264	1.3150e-01	10.5591	3.713675	-0.000364	-3.636347	-1.232028	-0.029127
 265	1.3200e-01	10.6120	4.041352	0.000818	8.181781	2.772063	0.065535
 266	1.3250e-01	10.6200	4.114169	0.000182	1.818174	0.616014	0.014563
 267	1.3300e-01	10.6569	4.441846	0.000818	8.181781	2.772063	0.065535
 268	1.3350e-01	10.6954	4.769524	0.000818	8.181781	2.772063	0.065535
 269	1.3400e-01	10.7355	4.842341	0.000182	1.818174	0.616014	0.014563
 270	1.3450e-01	10.7804	4.733115	-0.000273	-2.727260	-0.924021	-0.021845
 271	1.3500e-01	10.8206	4.587481	-0.000364	-3.636347	-1.232028	-0.029127
 272	1.3550e-01	10.8703	4.878749	0.000727	7.272694	2.464056	0.058254
 273	1.3600e-01	10.8959	5.097201	0.000545	5.454521	1.848042	0.043690
 274	1.3650e-01	10.9505	5.133609	0.000091	0.909087	0.308007	0.007282
 275	1.3700e-01	10.9746	5.242835	0.000273	2.727260	0.924021	0.021845
 276	1.3750e-01	11.0098	5.388469	0.000364	3.636347	1.232028	0.029127
 277	1.3800e-01	11.0756	5.024384	-0.000909	-9.090868	-3.080069	-0.072817
 278	1.3850e-01	11.1205	5.788964	0.001909	19.090823	6.468146	0.152916
 279	1.3900e-01	11.1430	6.225867	0.001091	10.909042	3.696083	0.087381
 280	1.3950e-01	11.2136	5.861781	-0.000909	-9.090868	-3.080069	-0.072817
 281	1.4000e-01	11.2264	5.971007	0.000273	2.727260	0.924021	0.021845
 282	1.4050e-01	11.2649	5.825372	-0.000364	-3.636347	-1.232028	-0.029127
 283	1.4100e-01	11.2986	5.861781	0.000091	0.909087	0.308007	0.007282
 284	1.4150e-01	11.3564	6.371501	0.001273	12.727215	4.312097	0.101944
 285	1.4200e-01	11.4093	6.225867	-0.000364	-3.636347	-1.232028	-0.029127
 286	1.4250e-01	11.4237	6.298684	0.000182	1.818174	0.616014	0.014563
 287	1.4300e-01	11.4590	6.444318	0.000364	3.636347	1.232028	0.029127
 288	1.4350e-01	11.5104	6.262275	-0.000455	-4.545434	-1.540035	-0.036409
 289	1.4400e-01	11.5392	6.407910	0.000364	3.636347	1.232028	0.029127
 290	1.4450e-01	11.6018	6.917630	0.001273	12.727215	4.312097	0.101944
 291	1.4500e-01	11.6307	6.735587	-0.000455	-4.545434	-1.540035	-0.036409
 292	1.4550e-01	11.6692	6.917630	0.000455	4.545434	1.540035	0.036409
 293	1.4600e-01	11.6949	6.917630	0.000000	0.000000	0.000000	0.000000
 294	1.4650e-01	11.7590	7.463758	0.001364	13.636302	4.620104	0.109226
 295	1.4700e-01	11.7863	7.609393	0.000364	3.636347	1.232028	0.029127
 296	1.4750e-01	11.8264	7.500167	-0.000273	-2.727260	-0.924021	-0.021845
 297	1.4800e-01	11.8954	7.390941	-0.000273	-2.727260	-0.924021	-0.021845
 298	1.4850e-01	11.9178	7.682210	0.000727	7.272694	2.464056	0.058254
 299	1.4900e-01	11.9371	8.191930	0.001273	12.727215	4.312097	0.101944
 300	1.4950e-01	11.9740	7.609393	-0.001455	-14.545389	-4.928111	-0.116507
 301	1.5000e-01	12.0350	8.082704	0.001182	11.818128	4.004090	0.094662
 302	1.5050e-01	12.0654	7.864253	-0.000545	-5.454521	-1.848042	-0.043690
 303	1.5100e-01	12.1039	8.446790	0.001455	14.545389	4.928111	0.116507
 304	1.5150e-01	12.1456	8.009887	-0.001091	-10.909042	-3.696083	-0.087381
 305	1.5200e-01	12.1809	8.228338	0.000545	5.454521	1.848042	0.043690
 306	1.5250e-01	12.2178	8.519607	0.000727	7.272694	2.464056	0.058254
 307	1.5300e-01	12.2483	8.592424	0.000182	1.818174	0.616014	0.014563
 308	1.5350e-01	12.3029	8.483198	-0.000273	-2.727260	-0.924021	-0.021845
 309	1.5400e-01	12.3510	8.810876	0.000818	8.181781	2.772063	0.065535
 310	1.5450e-01	12.3815	9.065736	0.000636	6.363608	2.156049	0.050972
 311	1.5500e-01	12.4296	9.211370	0.000364	3.636347	1.232028	0.029127
 312	1.5550e-01	12.4890	8.956510	-0.000636	-6.363608	-2.156049	-0.050972
 313	1.5600e-01	12.5114	9.284187	0.000818	8.181781	2.772063	0.065535
 314	1.5650e-01	12.5499	8.847284	-0.001091	-10.909042	-3.696083	-0.087381
 315	1.5700e-01	12.5724	9.757499	0.002273	22.727170	7.700174	0.182043
 316	1.5750e-01	12.6349	9.721090	-0.000091	-0.909087	-0.308007	-0.007282
 317	1.5800e-01	12.7007	9.575456	-0.000364	-3.636347	-1.232028	-0.029127
 318	1.5850e-01	12.7248	9.757499	0.000455	4.545434	1.540035	0.036409
 319	1.5900e-01	12.7456	9.648273	-0.000273	-2.727260	-0.924021	-0.021845
 320	1.5950e-01	12.7825	10.340036	0.001727	17.272649	5.852132	0.138353
 321	1.6000e-01	12.8226	9.939542	-0.001000	-9.999955	-3.388076	-0.080099
 322	1.6050e-01	12.8708	10.230810	0.000727	7.272694	2.464056	0.058254
 323	1.6100e-01	12.8900	10.485670	0.000636	6.363608	2.156049	0.050972
 324	1.6150e-01	12.9189	10.267219	-0.000545	-5.454521	-1.848042	-0.043690
 325	1.6200e-01	12.9863	10.485670	0.000545	5.454521	1.848042	0.043690
 326	1.6250e-01	13.0183	10.230810	-0.000636	-6.363608	-2.156049	-0.050972
 327	1.6300e-01	13.0456	10.776939	0.001364	13.636302	4.620104	0.109226
 328	1.6350e-01	13.1178	10.849756	0.000182	1.818174	0.616014	0.014563
 329	1.6400e-01	13.1611	10.449262	-0.001000	-9.999955	-3.388076	-0.080099
 330	1.6450e-01	13.1788	11.395885	0.002364	23.636257	8.008181	0.189325
 331	1.6500e-01	13.2462	10.886165	-0.001273	-12.727215	-4.312097	-0.101944
 332	1.6550e-01	13.2718	11.177433	0.000727	7.272694	2.464056	0.058254
 333	1.6600e-01	13.2959	10.995390	-0.000455	-4.545434	-1.540035	-0.036409
 334	1.6650e-01	13.3649	11.432293	0.001091	10.909042	3.696083	0.087381
 335	1.6700e-01	13.4050	11.177433	-0.000636	-6.363608	-2.156049	-0.050972
 336	1.6750e-01	13.4322	11.286659	0.000273	2.727260	0.924021	0.021845
 337	1.6800e-01	13.4723	11.432293	0.000364	3.636347	1.232028	0.029127
 338	1.6850e-01	13.5012	11.432293	0.000000	0.000000	0.000000	0.000000
 339	1.6900e-01	13.5494	12.124056	0.001727	17.272649	5.852132	0.138353
 340	1.6950e-01	13.5975	11.577927	-0.001364	-13.636302	-4.620104	-0.109226
 341	1.7000e-01	13.6296	11.869196	0.000727	7.272694	2.464056	0.058254
 342	1.7050e-01	13.6665	12.196873	0.000818	8.181781	2.772063	0.065535
 343	1.7100e-01	13.7194	12.087648	-0.000273	-2.727260	-0.924021	-0.021845
 344	1.7150e-01	13.7563	12.560959	0.001182	11.818128	4.004090	0.094662
 345	1.7200e-01	13.7804	12.160465	-0.001000	-9.999955	-3.388076	-0.080099
 346	1.7250e-01	13.8317	12.670185	0.001273	12.727215	4.312097	0.101944
 347	1.7300e-01	13.8670	12.378916	-0.000727	-7.272694	-2.464056	-0.058254
 348	1.7350e-01	13.9247	12.961453	0.001455	14.545389	4.928111	0.116507
 349	1.7400e-01	13.9568	12.706593	-0.000636	-6.363608	-2.156049	-0.050972
 350	1.7450e-01	13.9937	12.706593	0.000000	0.000000	0.000000	0.000000
 351	1.7500e-01	14.0386	13.179905	0.001182	11.818128	4.004090	0.094662
 352	1.7550e-01	14.0771	13.325539	0.000364	3.636347	1.232028	0.029127
 353	1.7600e-01	14.1189	13.034271	-0.000727	-7.272694	-2.464056	-0.058254
 354	1.7650e-01	14.1493	13.216313	0.000455	4.545434	1.540035	0.036409
 355	1.7700e-01	14.2071	13.616808	0.001000	9.999955	3.388076	0.080099
 356	1.7750e-01	14.2424	13.325539	-0.000727	-7.272694	-2.464056	-0.058254
 357	1.7800e-01	14.2793	13.580399	0.000636	6.363608	2.156049	0.050972
 358	1.7850e-01	14.3162	13.616808	0.000091	0.909087	0.308007	0.007282
 359	1.7900e-01	14.3499	13.580399	-0.000091	-0.909087	-0.308007	-0.007282
 360	1.7950e-01	14.3819	14.017302	0.001091	10.909042	3.696083	0.087381
 361	1.8000e-01	14.4301	13.980894	-0.000091	-0.909087	-0.308007	-0.007282
 362	1.8050e-01	14.4638	14.017302	0.000091	0.909087	0.308007	0.007282
 363	1.8100e-01	14.4991	14.490614	0.001182	11.818128	4.004090	0.094662
 364	1.8150e-01	14.5488	14.126528	-0.000909	-9.090868	-3.080069	-0.072817
 365	1.8200e-01	14.6001	13.908076	-0.000545	-5.454521	-1.848042	-0.043690
 366	1.8250e-01	14.6226	14.308571	0.001000	9.999955	3.388076	0.080099
 367	1.8300e-01	14.6739	14.381388	0.000182	1.818174	0.616014	0.014563
 368	1.8350e-01	14.7156	14.599839	0.000545	5.454521	1.848042	0.043690
 369	1.8400e-01	14.7557	14.854699	0.000636	6.363608	2.156049	0.050972
 370	1.8450e-01	14.7782	15.000334	0.000364	3.636347	1.232028	0.029127
 371	1.8500e-01	14.8135	14.927517	-0.000182	-1.818174	-0.616014	-0.014563
 372	1.8550e-01	14.8712	15.364419	0.001091	10.909042	3.696083	0.087381
 373	1.8600e-01	14.8969	15.692097	0.000818	8.181781	2.772063	0.065535
 374	1.8650e-01	14.9450	15.218785	-0.001182	-11.818128	-4.004090	-0.094662
 375	1.8700e-01	14.9803	15.364419	0.000364	3.636347	1.232028	0.029127
 376	1.8750e-01	15.0317	15.510054	0.000364	3.636347	1.232028	0.029127
 377	1.8800e-01	15.0686	15.801322	0.000727	7.272694	2.464056	0.058254
 378	1.8850e-01	15.0942	15.692097	-0.000273	-2.727260	-0.924021	-0.021845
 379	1.8900e-01	15.1472	15.837731	0.000364	3.636347	1.232028	0.029127
 380	1.8950e-01	15.1905	15.801322	-0.000091	-0.909087	-0.308007	-0.007282
 381	1.9000e-01	15.2418	15.874140	0.000182	1.818174	0.616014	0.014563
 382	1.9050e-01	15.2546	16.092591	0.000545	5.454521	1.848042	0.043690
 383	1.9100e-01	15.3060	16.129000	0.000091	0.909087	0.308007	0.007282
 384	1.9150e-01	15.3573	16.056182	-0.000182	-1.818174	-0.616014	-0.014563
 385	1.9200e-01	15.3910	16.638720	0.001455	14.545389	4.928111	0.116507
 386	1.9250e-01	15.4343	16.092591	-0.001364	-13.636302	-4.620104	-0.109226
 387	1.9300e-01	15.4680	16.493085	0.001000	9.999955	3.388076	0.080099
 388	1.9350e-01	15.4985	16.747945	0.000636	6.363608	2.156049	0.050972
 389	1.9400e-01	15.5482	16.493085	-0.000636	-6.363608	-2.156049	-0.050972
 390	1.9450e-01	15.5931	16.893580	0.001000	9.999955	3.388076	0.080099
 391	1.9500e-01	15.6381	16.893580	0.000000	0.000000	0.000000	0.000000
 392	1.9550e-01	15.6477	16.893580	0.000000	0.000000	0.000000	0.000000
 393	1.9600e-01	15.7167	17.221257	0.000818	8.181781	2.772063	0.065535
 394	1.9650e-01	15.7359	17.039214	-0.000455	-4.545434	-1.540035	-0.036409
 395	1.9700e-01	15.7584	17.585343	0.001364	13.636302	4.620104	0.109226
 396	1.9750e-01	15.8306	17.039214	-0.001364	-13.636302	-4.620104	-0.109226
 397	1.9800e-01	15.8707	17.039214	0.000000	0.000000	0.000000	0.000000
 398	1.9850e-01	15.9172	17.548934	0.001273	12.727215	4.312097	0.101944
 399	1.9900e-01	15.9541	17.949428	0.001000	9.999955	3.388076	0.080099
 400	1.9950e-01	15.9894	17.476117	-0.001182	-11.818128	-4.004090	-0.094662
 401	2.0000e-01	16.0343	17.658160	0.000455	4.545434	1.540035	0.036409
 402	2.0050e-01	16.0712	17.840203	0.000455	4.545434	1.540035	0.036409
 403	2.0100e-01	16.1241	17.694568	-0.000364	-3.636347	-1.232028	-0.029127
 404	2.0150e-01	16.1450	18.240697	0.001364	13.636302	4.620104	0.109226
 405	2.0200e-01	16.1755	18.313514	0.000182	1.818174	0.616014	0.014563
 406	2.0250e-01	16.2156	18.568374	0.000636	6.363608	2.156049	0.050972
 407	2.0300e-01	16.2637	18.386331	-0.000455	-4.545434	-1.540035	-0.036409
 408	2.0350e-01	16.2942	18.313514	-0.000182	-1.818174	-0.616014	-0.014563
 409	2.0400e-01	16.3407	18.495557	0.000455	4.545434	1.540035	0.036409
 410	2.0450e-01	16.3744	18.604783	0.000273	2.727260	0.924021	0.021845
 411	2.0500e-01	16.4225	18.750417	0.000364	3.636347	1.232028	0.029127
 412	2.0550e-01	16.4819	18.932460	0.000455	4.545434	1.540035	0.036409
 413	2.0600e-01	16.5188	19.223729	0.000727	7.272694	2.464056	0.058254
 414	2.0650e-01	16.5477	19.223729	0.000000	0.000000	0.000000	0.000000
 415	2.0700e-01	16.5830	18.786826	-0.001091	-10.909042	-3.696083	-0.087381
 416	2.0750e-01	16.6391	19.442180	0.001636	16.363563	5.544125	0.131071
 417	2.0800e-01	16.6551	18.932460	-0.001273	-12.727215	-4.312097	-0.101944
 418	2.0850e-01	16.7113	19.551406	0.001545	15.454476	5.236118	0.123789
 419	2.0900e-01	16.7402	19.187320	-0.000909	-9.090868	-3.080069	-0.072817
 420	2.0950e-01	16.7931	19.842674	0.001636	16.363563	5.544125	0.131071
 421	2.1000e-01	16.8140	19.697040	-0.000364	-3.636347	-1.232028	-0.029127
 422	2.1050e-01	16.8765	19.405772	-0.000727	-7.272694	-2.464056	-0.058254
 423	2.1100e-01	16.9070	19.842674	0.001091	10.909042	3.696083	0.087381
 424	2.1150e-01	16.9439	19.697040	-0.000364	-3.636347	-1.232028	-0.029127
 425	2.1200e-01	16.9632	20.279577	0.001455	14.545389	4.928111	0.116507
 426	2.1250e-01	17.0434	20.061126	-0.000545	-5.454521	-1.848042	-0.043690
 427	2.1300e-01	17.0642	20.206760	0.000364	3.636347	1.232028	0.029127
 428	2.1350e-01	17.1140	20.425212	0.000545	5.454521	1.848042	0.043690
 429	2.1400e-01	17.1509	20.315986	-0.000273	-2.727260	-0.924021	-0.021845
 430	2.1450e-01	17.1733	20.388803	0.000182	1.818174	0.616014	0.014563
 431	2.1500e-01	17.2359	20.461620	0.000182	1.818174	0.616014	0.014563
 432	2.1550e-01	17.2728	20.934932	0.001182	11.818128	4.004090	0.094662
 433	2.1600e-01	17.3097	20.570846	-0.000909	-9.090868	-3.080069	-0.072817
 434	2.1650e-01	17.3498	21.153383	0.001455	14.545389	4.928111	0.116507
 435	2.1700e-01	17.3995	20.789297	-0.000909	-9.090868	-3.080069	-0.072817
 436	2.1750e-01	17.4300	20.898523	0.000273	2.727260	0.924021	0.021845
 437	2.1800e-01	17.4637	21.408243	0.001273	12.727215	4.312097	0.101944
 438	2.1850e-01	17.5102	21.481060	0.000182	1.818174	0.616014	0.014563
 439	2.1900e-01	17.5519	21.371835	-0.000273	-2.727260	-0.924021	-0.021845
 440	2.1950e-01	17.5936	21.881555	0.001273	12.727215	4.312097	0.101944
 441	2.2000e-01	17.6369	21.481060	-0.001000	-9.999955	-3.388076	-0.080099
 442	2.2050e-01	17.6594	21.517469	0.000091	0.909087	0.308007	0.007282
 443	2.2100e-01	17.7300	21.735920	0.000545	5.454521	1.848042	0.043690
 444	2.2150e-01	17.7621	21.917963	0.000455	4.545434	1.540035	0.036409
 445	2.2200e-01	17.7845	21.881555	-0.000091	-0.909087	-0.308007	-0.007282
 446	2.2250e-01	17.8182	22.391275	0.001273	12.727215	4.312097	0.101944
 447	2.2300e-01	17.8439	21.699512	-0.001727	-17.272649	-5.852132	-0.138353
 448	2.2350e-01	17.9209	22.172823	0.001182	11.818128	4.004090	0.094662
 449	2.2400e-01	17.9353	22.136415	-0.000091	-0.909087	-0.308007	-0.007282
 450	2.2450e-01	17.9979	22.791769	0.001636	16.363563	5.544125	0.131071
 451	2.2500e-01	18.0268	22.536909	-0.000636	-6.363608	-2.156049	-0.050972
 452	2.2550e-01	18.0749	22.791769	0.000636	6.363608	2.156049	0.050972
 453	2.2600e-01	18.1198	23.083038	0.000727	7.272694	2.464056	0.058254
 454	2.2650e-01	18.1262	22.427683	-0.001636	-16.363563	-5.544125	-0.131071
 455	2.2700e-01	18.1776	22.828178	0.001000	9.999955	3.388076	0.080099
 456	2.2750e-01	18.2032	23.192264	0.000909	9.090868	3.080069	0.072817
 457	2.2800e-01	18.2498	23.010221	-0.000455	-4.545434	-1.540035	-0.036409
 458	2.2850e-01	18.3059	23.265081	0.000636	6.363608	2.156049	0.050972
 459	2.2900e-01	18.3572	23.228672	-0.000091	-0.909087	-0.308007	-0.007282
 460	2.2950e-01	18.3893	22.973812	-0.000636	-6.363608	-2.156049	-0.050972
 461	2.3000e-01	18.4198	23.556349	0.001455	14.545389	4.928111	0.116507
 462	2.3050e-01	18.4631	23.228672	-0.000818	-8.181781	-2.772063	-0.065535
 463	2.3100e-01	18.5128	23.483532	0.000636	6.363608	2.156049	0.050972
 464	2.3150e-01	18.5594	23.956844	0.001182	11.818128	4.004090	0.094662
 465	2.3200e-01	18.6059	23.774801	-0.000455	-4.545434	-1.540035	-0.036409
 466	2.3250e-01	18.6508	24.029661	0.000636	6.363608	2.156049	0.050972
 467	2.3300e-01	18.6652	23.920435	-0.000273	-2.727260	-0.924021	-0.021845
 468	2.3350e-01	18.7118	23.993252	0.000182	1.818174	0.616014	0.014563
 469	2.3400e-01	18.7583	23.884026	-0.000273	-2.727260	-0.924021	-0.021845
 470	2.3450e-01	18.8016	24.393747	0.001273	12.727215	4.312097	0.101944
 471	2.3500e-01	18.8401	24.393747	0.000000	0.000000	0.000000	0.000000
 472	2.3550e-01	18.8690	24.211704	-0.000455	-4.545434	-1.540035	-0.036409
 473	2.3600e-01	18.8834	24.066069	-0.000364	-3.636347	-1.232028	-0.029127
 474	2.3650e-01	18.9556	24.575789	0.001273	12.727215	4.312097	0.101944
 475	2.3700e-01	18.9941	24.612198	0.000091	0.909087	0.308007	0.007282
 476	2.3750e-01	19.0455	24.794241	0.000455	4.545434	1.540035	0.036409
 477	2.3800e-01	19.0759	24.903467	0.000273	2.727260	0.924021	0.021845
 478	2.3850e-01	19.1160	24.648607	-0.000636	-6.363608	-2.156049	-0.050972
 479	2.3900e-01	19.1545	24.903467	0.000636	6.363608	2.156049	0.050972
 480	2.3950e-01	19.1882	25.194735	0.000727	7.272694	2.464056	0.058254
 481	2.4000e-01	19.2251	24.794241	-0.001000	-9.999955	-3.388076	-0.080099
 482	2.4050e-01	19.2588	25.049101	0.000636	6.363608	2.156049	0.050972
 483	2.4100e-01	19.3134	25.267552	0.000545	5.454521	1.848042	0.043690
 484	2.4150e-01	19.3519	25.231144	-0.000091	-0.909087	-0.308007	-0.007282
 485	2.4200e-01	19.4032	25.340370	0.000273	2.727260	0.924021	0.021845
 486	2.4250e-01	19.4096	25.668047	0.000818	8.181781	2.772063	0.065535
 487	2.4300e-01	19.4433	25.922907	0.000636	6.363608	2.156049	0.050972
 488	2.4350e-01	19.4674	25.886498	-0.000091	-0.909087	-0.308007	-0.007282
 489	2.4400e-01	19.5588	26.032133	0.000364	3.636347	1.232028	0.029127
 490	2.4450e-01	19.5973	25.740864	-0.000727	-7.272694	-2.464056	-0.058254
 491	2.4500e-01	19.6502	26.104950	0.000909	9.090868	3.080069	0.072817
 492	2.4550e-01	19.6631	25.959315	-0.000364	-3.636347	-1.232028	-0.029127
 493	2.4600e-01	19.7144	26.177767	0.000545	5.454521	1.848042	0.043690
 494	2.4650e-01	19.7417	26.286993	0.000273	2.727260	0.924021	0.021845
 495	2.4700e-01	19.7722	26.286993	0.000000	0.000000	0.000000	0.000000
 496	2.4750e-01	19.8315	26.651078	0.000909	9.090868	3.080069	0.072817
 497	2.4800e-01	19.8636	26.104950	-0.001364	-13.636302	-4.620104	-0.109226
 498	2.4850e-01	19.9182	26.651078	0.001364	13.636302	4.620104	0.109226
 499	2.4900e-01	19.9310	26.469035	-0.000455	-4.545434	-1.540035	-0.036409
 500	2.4950e-01	19.9551	27.015164	0.001364	13.636302	4.620104	0.109226
 501	2.5000e-01	20.0401	26.869530	-0.000364	-3.636347	-1.232028	-0.029127
 502	2.5050e-01	19.9919	26.214175	0.001636	16.363563	5.544125	-0.131071
 503	2.5100e-01	19.9583	26.104950	0.000273	2.727260	0.924021	-0.021845
 504	2.5150e-01	19.9069	26.905938	-0.002000	-19.999910	-6.776153	0.160198
 505	2.5200e-01	19.8460	26.359810	0.001364	13.636302	4.620104	-0.109226
 506	2.5250e-01	19.8347	26.833121	-0.001182	-11.818128	-4.004090	0.094662
 507	2.5300e-01	19.7770	26.141358	0.001727	17.272649	5.852132	-0.138353
 508	2.5350e-01	19.7353	26.323401	-0.000455	-4.545434	-1.540035	0.036409
 509	2.5400e-01	19.7144	26.068541	0.000636	6.363608	2.156049	-0.050972
 510	2.5450e-01	19.6502	26.323401	-0.000636	-6.363608	-2.156049	0.050972
 511	2.5500e-01	19.6390	25.740864	0.001455	14.545389	4.928111	-0.116507
 512	2.5550e-01	19.5973	25.813681	-0.000182	-1.818174	-0.616014	0.014563
 513	2.5600e-01	19.5331	25.850090	-0.000091	-0.909087	-0.308007	0.007282
 514	2.5650e-01	19.5043	26.104950	-0.000636	-6.363608	-2.156049	0.050972
 515	2.5700e-01	19.4754	25.376778	0.001818	18.181736	6.160139	-0.145634
 516	2.5750e-01	19.4273	26.141358	-0.001909	-19.090823	-6.468146	0.152916
 517	2.5800e-01	19.4000	25.777272	0.000909	9.090868	3.080069	-0.072817
 518	2.5850e-01	19.3310	25.558821	0.000545	5.454521	1.848042	-0.043690
 519	2.5900e-01	19.3150	25.340370	0.000545	5.454521	1.848042	-0.043690
 520	2.5950e-01	19.2700	25.267552	0.000182	1.818174	0.616014	-0.014563
 521	2.6000e-01	19.2460	25.486004	-0.000545	-5.454521	-1.848042	0.043690
 522	2.6050e-01	19.1866	25.231144	0.000636	6.363608	2.156049	-0.050972
 523	2.6100e-01	19.1385	25.267552	-0.000091	-0.909087	-0.308007	0.007282
 524	2.6150e-01	19.1080	25.267552	-0.000000	-0.000000	-0.000000	0.000000
 525	2.6200e-01	19.0503	24.903467	0.000909	9.090868	3.080069	-0.072817
 526	2.6250e-01	19.0214	24.939875	-0.000091	-0.909087	-0.308007	0.007282
 527	2.6300e-01	18.9652	24.794241	0.000364	3.636347	1.232028	-0.029127
 528	2.6350e-01	18.9364	24.830649	-0.000091	-0.909087	-0.308007	0.007282
 529	2.6400e-01	18.9043	24.794241	0.000091	0.909087	0.308007	-0.007282
 530	2.6450e-01	18.8578	24.939875	-0.000364	-3.636347	-1.232028	0.029127
 531	2.6500e-01	18.8401	24.393747	0.001364	13.636302	4.620104	-0.109226
 532	2.6550e-01	18.7952	24.685015	-0.000727	-7.272694	-2.464056	0.058254
 533	2.6600e-01	18.7599	24.685015	-0.000000	-0.000000	-0.000000	0.000000
 534	2.6650e-01	18.6813	23.920435	0.001909	19.090823	6.468146	-0.152916
 535	2.6700e-01	18.6749	24.575789	-0.001636	-16.363563	-5.544125	0.131071
 536	2.6750e-01	18.6171	24.102478	0.001182	11.818128	4.004090	-0.094662
 537	2.6800e-01	18.5706	24.138887	-0.000091	-0.909087	-0.308007	0.007282
 538	2.6850e-01	18.5530	24.138887	-0.000000	-0.000000	-0.000000	0.000000
 539	2.6900e-01	18.5112	24.102478	0.000091	0.909087	0.308007	-0.007282
 540	2.6950e-01	18.4792	23.956844	0.000364	3.636347	1.232028	-0.029127
 541	2.7000e-01	18.4278	23.592758	0.000909	9.090868	3.080069	-0.072817
 542	2.7050e-01	18.3733	23.629166	-0.000091	-0.909087	-0.308007	0.007282
 543	2.7100e-01	18.3524	23.847618	-0.000545	-5.454521	-1.848042	0.043690
 544	2.7150e-01	18.3107	23.592758	0.000636	6.363608	2.156049	-0.050972
 545	2.7200e-01	18.2562	23.556349	0.000091	0.909087	0.308007	-0.007282
 546	2.7250e-01	18.2273	23.483532	0.000182	1.818174	0.616014	-0.014563
 547	2.7300e-01	18.1760	23.119446	0.000909	9.090868	3.080069	-0.072817
 548	2.7350e-01	18.1599	23.483532	-0.000909	-9.090868	-3.080069	0.072817
 549	2.7400e-01	18.1054	23.046629	0.001091	10.909042	3.696083	-0.087381
 550	2.7450e-01	18.0749	23.010221	0.000091	0.909087	0.308007	-0.007282
 551	2.7500e-01	18.0091	23.410715	-0.001000	-9.999955	-3.388076	0.080099
 552	2.7550e-01	17.9802	22.755361	0.001636	16.363563	5.544125	-0.131071
 553	2.7600e-01	17.9754	23.010221	-0.000636	-6.363608	-2.156049	0.050972
 554	2.7650e-01	17.9225	22.755361	0.000636	6.363608	2.156049	-0.050972
 555	2.7700e-01	17.8471	22.937403	-0.000455	-4.545434	-1.540035	0.036409
 556	2.7750e-01	17.8150	22.609726	0.000818	8.181781	2.772063	-0.065535
 557	2.7800e-01	17.7573	22.682543	-0.000182	-1.818174	-0.616014	0.014563
 558	2.7850e-01	17.7332	22.791769	-0.000273	-2.727260	-0.924021	0.021845
 559	2.7900e-01	17.7155	22.282049	0.001273	12.727215	4.312097	-0.101944
 560	2.7950e-01	17.6706	22.427683	-0.000364	-3.636347	-1.232028	0.029127
 561	2.8000e-01	17.6466	22.063598	0.000909	9.090868	3.080069	-0.072817
 562	2.8050e-01	17.5712	22.100006	-0.000091	-0.909087	-0.308007	0.007282
 563	2.8100e-01	17.5519	22.282049	-0.000455	-4.545434	-1.540035	0.036409
 564	2.8150e-01	17.5086	22.136415	0.000364	3.636347	1.232028	-0.029127
 565	2.8200e-01	17.4701	21.881555	0.000636	6.363608	2.156049	-0.050972
 566	2.8250e-01	17.4156	22.172823	-0.000727	-7.272694	-2.464056	0.058254
 567	2.8300e-01	17.3851	21.772329	0.001000	9.999955	3.388076	-0.080099
 568	2.8350e-01	17.3257	21.735920	0.000091	0.909087	0.308007	-0.007282
 569	2.8400e-01	17.3017	21.590286	0.000364	3.636347	1.232028	-0.029127
 570	2.8450e-01	17.2631	21.699512	-0.000273	-2.727260	-0.924021	0.021845
 571	2.8500e-01	17.2198	21.371835	0.000818	8.181781	2.772063	-0.065535
 572	2.8550e-01	17.1797	21.408243	-0.000091	-0.909087	-0.308007	0.007282
 573	2.8600e-01	17.1509	21.590286	-0.000455	-4.545434	-1.540035	0.036409
 574	2.8650e-01	17.0755	21.262609	0.000818	8.181781	2.772063	-0.065535
 575	2.8700e-01	17.0578	21.408243	-0.000364	-3.636347	-1.232028	0.029127
 576	2.8750e-01	17.0161	21.371835	0.000091	0.909087	0.308007	-0.007282
 577	2.8800e-01	16.9904	20.607255	0.001909	19.090823	6.468146	-0.152916
 578	2.8850e-01	16.9423	20.934932	-0.000818	-8.181781	-2.772063	0.065535
 579	2.8900e-01	16.9006	20.898523	0.000091	0.909087	0.308007	-0.007282
 580	2.8950e-01	16.8701	20.752889	0.000364	3.636347	1.232028	-0.029127
 581	2.9000e-01	16.8396	20.534437	0.000545	5.454521	1.848042	-0.043690
 582	2.9050e-01	16.7739	20.352395	0.000455	4.545434	1.540035	-0.036409
 583	2.9100e-01	16.7434	20.752889	-0.001000	-9.999955	-3.388076	0.080099
 584	2.9150e-01	16.7081	20.170352	0.001455	14.545389	4.928111	-0.116507
 585	2.9200e-01	16.6567	20.243169	-0.000182	-1.818174	-0.616014	0.014563
 586	2.9250e-01	16.6295	20.315986	-0.000182	-1.818174	-0.616014	0.014563
 587	2.9300e-01	16.5733	20.279577	0.000091	0.909087	0.308007	-0.007282
 588	2.9350e-01	16.5252	20.388803	-0.000273	-2.727260	-0.924021	0.021845
 589	2.9400e-01	16.5236	19.915492	0.001182	11.818128	4.004090	-0.094662
 590	2.9450e-01	16.4723	20.024717	-0.000273	-2.727260	-0.924021	0.021845
 591	2.9500e-01	16.4306	20.133943	-0.000273	-2.727260	-0.924021	0.021845
 592	2.9550e-01	16.3792	19.660632	0.001182	11.818128	4.004090	-0.094662
 593	2.9600e-01	16.3327	19.587814	0.000182	1.818174	0.616014	-0.014563
 594	2.9650e-01	16.3038	19.478589	0.000273	2.727260	0.924021	-0.021845
 595	2.9700e-01	16.2814	19.733449	-0.000636	-6.363608	-2.156049	0.050972
 596	2.9750e-01	16.2300	19.442180	0.000727	7.272694	2.464056	-0.058254
 597	2.9800e-01	16.1995	19.405772	0.000091	0.909087	0.308007	-0.007282
 598	2.9850e-01	16.1610	19.223729	0.000455	4.545434	1.540035	-0.036409
 599	2.9900e-01	16.1530	19.114503	0.000273	2.727260	0.924021	-0.021845
 600	2.9950e-01	16.0680	19.150911	-0.000091	-0.909087	-0.308007	0.007282
 601	3.0000e-01	16.0167	19.114503	0.000091	0.909087	0.308007	-0.007282
 602	3.0050e-01	15.9717	19.005277	0.000273	2.727260	0.924021	-0.021845
 603	3.0100e-01	15.9413	19.041686	-0.000091	-0.909087	-0.308007	0.007282
 604	3.0150e-01	15.8915	18.641191	0.001000	9.999955	3.388076	-0.080099
 605	3.0200e-01	15.8931	19.041686	0.001000	9.999955	3.388076	0.080099
 606	3.0250e-01	15.8354	18.349923	0.001727	17.272649	5.852132	-0.138353
 607	3.0300e-01	15.7760	18.531966	-0.000455	-4.545434	-1.540035	0.036409
 608	3.0350e-01	15.7263	18.422740	0.000273	2.727260	0.924021	-0.021845
 609	3.0400e-01	15.7038	18.277106	0.000364	3.636347	1.232028	-0.029127
 610	3.0450e-01	15.6653	18.240697	0.000091	0.909087	0.308007	-0.007282
 611	3.0500e-01	15.6397	18.349923	-0.000273	-2.727260	-0.924021	0.021845
 612	3.0550e-01	15.5883	18.422740	-0.000182	-1.818174	-0.616014	0.014563
 613	3.0600e-01	15.5482	17.658160	0.001909	19.090823	6.468146	-0.152916
 614	3.0650e-01	15.5161	17.840203	-0.000455	-4.545434	-1.540035	0.036409
 615	3.0700e-01	15.4648	18.058654	-0.000545	-5.454521	-1.848042	0.043690
 616	3.0750e-01	15.4375	18.131471	-0.000182	-1.818174	-0.616014	0.014563
 617	3.0800e-01	15.4103	17.476117	0.001636	16.363563	5.544125	-0.131071
 618	3.0850e-01	15.3429	17.840203	-0.000909	-9.090868	-3.080069	0.072817
 619	3.0900e-01	15.3028	17.294074	0.001364	13.636302	4.620104	-0.109226
 620	3.0950e-01	15.2563	16.966397	0.000818	8.181781	2.772063	-0.065535
 621	3.1000e-01	15.2306	17.658160	-0.001727	-17.272649	-5.852132	0.138353
 622	3.1050e-01	15.1776	17.294074	0.000909	9.090868	3.080069	-0.072817
 623	3.1100e-01	15.1472	17.294074	-0.000000	-0.000000	-0.000000	0.000000
 624	3.1150e-01	15.0926	17.439708	-0.000364	-3.636347	-1.232028	0.029127
 625	3.1200e-01	15.0750	17.002805	0.001091	10.909042	3.696083	-0.087381
 626	3.1250e-01	15.0220	16.711537	0.000727	7.272694	2.464056	-0.058254
 627	3.1300e-01	14.9916	17.002805	-0.000727	-7.272694	-2.464056	0.058254
 628	3.1350e-01	14.9547	16.493085	0.001273	12.727215	4.312097	-0.101944
 629	3.1400e-01	14.9113	16.238225	0.000636	6.363608	2.156049	-0.050972
 630	3.1450e-01	14.8584	16.529494	-0.000727	-7.272694	-2.464056	0.058254
 631	3.1500e-01	14.8087	16.857171	-0.000818	-8.181781	-2.772063	0.065535
 632	3.1550e-01	14.7830	16.274634	0.001455	14.545389	4.928111	-0.116507
 633	3.1600e-01	14.7525	16.129000	0.000364	3.636347	1.232028	-0.029127
 634	3.1650e-01	14.6964	16.420268	-0.000727	-7.272694	-2.464056	0.058254
 635	3.1700e-01	14.6547	16.311042	0.000273	2.727260	0.924021	-0.021845
 636	3.1750e-01	14.6338	15.764914	0.001364	13.636302	4.620104	-0.109226
 637	3.1800e-01	14.5857	16.311042	-0.001364	-13.636302	-4.620104	0.109226
 638	3.1850e-01	14.5761	15.946957	0.000909	9.090868	3.080069	-0.072817
 639	3.1900e-01	14.5135	15.728505	0.000545	5.454521	1.848042	-0.043690
 640	3.1950e-01	14.4429	15.837731	-0.000273	-2.727260	-0.924021	0.021845
 641	3.2000e-01	14.4204	15.291602	0.001364	13.636302	4.620104	-0.109226
 642	3.2050e-01	14.3852	15.546462	-0.000636	-6.363608	-2.156049	0.050972
 643	3.2100e-01	14.3338	15.764914	-0.000545	-5.454521	-1.848042	0.043690
 644	3.2150e-01	14.2969	15.255194	0.001273	12.727215	4.312097	-0.101944
 645	3.2200e-01	14.2697	15.364419	-0.000273	-2.727260	-0.924021	0.021845
 646	3.2250e-01	14.2167	15.109559	0.000636	6.363608	2.156049	-0.050972
 647	3.2300e-01	14.1862	15.291602	-0.000455	-4.545434	-1.540035	0.036409
 648	3.2350e-01	14.1429	14.891108	0.001000	9.999955	3.388076	-0.080099
 649	3.2400e-01	14.0852	14.818291	0.000182	1.818174	0.616014	-0.014563
 650	3.2450e-01	14.0787	15.145968	-0.000818	-8.181781	-2.772063	0.065535
 651	3.2500e-01	14.0258	14.781882	0.000909	9.090868	3.080069	-0.072817
 652	3.2550e-01	13.9985	14.854699	-0.000182	-1.818174	-0.616014	0.014563
 653	3.2600e-01	13.9520	14.454205	0.001000	9.999955	3.388076	-0.080099
 654	3.2650e-01	13.9039	14.454205	-0.000000	-0.000000	-0.000000	0.000000
 655	3.2700e-01	13.8862	14.272162	0.000455	4.545434	1.540035	-0.036409
 656	3.2750e-01	13.8285	14.527022	-0.000636	-6.363608	-2.156049	0.050972
 657	3.2800e-01	13.7868	14.344979	0.000455	4.545434	1.540035	-0.036409
 658	3.2850e-01	13.7306	14.235754	0.000273	2.727260	0.924021	-0.021845
 659	3.2900e-01	13.6841	14.017302	0.000545	5.454521	1.848042	-0.043690
 660	3.2950e-01	13.6584	13.726034	0.000727	7.272694	2.464056	-0.058254
 661	3.3000e-01	13.6055	13.908076	-0.000455	-4.545434	-1.540035	0.036409
 662	3.3050e-01	13.5798	13.798851	0.000273	2.727260	0.924021	-0.021845
 663	3.3100e-01	13.5477	13.616808	0.000455	4.545434	1.540035	-0.036409
 664	3.3150e-01	13.4980	13.070679	0.001364	13.636302	4.620104	-0.109226
 665	3.3200e-01	13.4884	13.726034	-0.001636	-16.363563	-5.544125	0.131071
 666	3.3250e-01	13.4130	13.398356	0.000818	8.181781	2.772063	-0.065535
 667	3.3300e-01	13.3809	13.835259	-0.001091	-10.909042	-3.696083	0.087381
 668	3.3350e-01	13.3376	13.143496	0.001727	17.272649	5.852132	-0.138353
 669	3.3400e-01	13.3103	13.434765	-0.000727	-7.272694	-2.464056	0.058254
 670	3.3450e-01	13.2782	13.070679	0.000909	9.090868	3.080069	-0.072817
 671	3.3500e-01	13.2173	12.852228	0.000545	5.454521	1.848042	-0.043690
 672	3.3550e-01	13.2044	13.143496	-0.000727	-7.272694	-2.464056	0.058254
 673	3.3600e-01	13.1387	12.633776	0.001273	12.727215	4.312097	-0.101944
 674	3.3650e-01	13.0986	12.524550	0.000273	2.727260	0.924021	-0.021845
 675	3.3700e-01	13.0761	12.925045	-0.001000	-9.999955	-3.388076	0.080099
 676	3.3750e-01	13.0248	12.597368	0.000818	8.181781	2.772063	-0.065535
 677	3.3800e-01	12.9654	12.633776	-0.000091	-0.909087	-0.308007	0.007282
 678	3.3850e-01	12.9510	12.560959	0.000182	1.818174	0.616014	-0.014563
 679	3.3900e-01	12.9205	11.687153	0.002182	21.818083	7.392167	-0.174761
 680	3.3950e-01	12.8659	11.650745	0.000091	0.909087	0.308007	-0.007282
 681	3.4000e-01	12.8066	12.560959	-0.002273	-22.727170	-7.700174	0.182043
 682	3.4050e-01	12.7713	11.832788	0.001818	18.181736	6.160139	-0.145634
 683	3.4100e-01	12.7200	11.687153	0.000364	3.636347	1.232028	-0.029127
 684	3.4150e-01	12.7135	12.269690	-0.001455	-14.545389	-4.928111	0.116507
 685	3.4200e-01	12.6622	11.650745	0.001545	15.454476	5.236118	-0.123789
 686	3.4250e-01	12.6285	11.942013	-0.000727	-7.272694	-2.464056	0.058254
 687	3.4300e-01	12.5708	11.213842	0.001818	18.181736	6.160139	-0.145634
 688	3.4350e-01	12.5210	11.650745	-0.001091	-10.909042	-3.696083	0.087381
 689	3.4400e-01	12.5066	11.505110	0.000364	3.636347	1.232028	-0.029127
 690	3.4450e-01	12.4713	10.740530	0.001909	19.090823	6.468146	-0.152916
 691	3.4500e-01	12.4344	10.813347	-0.000182	-1.818174	-0.616014	0.014563
 692	3.4550e-01	12.3927	10.995390	-0.000455	-4.545434	-1.540035	0.036409
 693	3.4600e-01	12.3398	10.886165	0.000273	2.727260	0.924021	-0.021845
 694	3.4650e-01	12.2948	10.995390	-0.000273	-2.727260	-0.924021	0.021845
 695	3.4700e-01	12.2660	10.631304	0.000909	9.090868	3.080069	-0.072817
 696	3.4750e-01	12.2499	10.412853	0.000545	5.454521	1.848042	-0.043690
 697	3.4800e-01	12.1681	10.776939	-0.000909	-9.090868	-3.080069	0.072817
 698	3.4850e-01	12.1424	10.740530	0.000091	0.909087	0.308007	-0.007282
 699	3.4900e-01	12.1071	10.230810	0.001273	12.727215	4.312097	-0.101944
 700	3.4950e-01	12.0622	10.012359	0.000545	5.454521	1.848042	-0.043690
 701	3.5000e-01	12.0366	10.303627	-0.000727	-7.272694	-2.464056	0.058254
 702	3.5050e-01	11.9868	10.267219	0.000091	0.909087	0.308007	-0.007282
 703	3.5100e-01	11.9499	9.975950	0.000727	7.272694	2.464056	-0.058254
 704	3.5150e-01	11.8890	9.721090	0.000636	6.363608	2.156049	-0.050972
 705	3.5200e-01	11.8424	10.194402	-0.001182	-11.818128	-4.004090	0.094662
 706	3.5250e-01	11.8264	9.611864	0.001455	14.545389	4.928111	-0.116507
 707	3.5300e-01	11.7895	9.721090	-0.000273	-2.727260	-0.924021	0.021845
 708	3.5350e-01	11.7494	9.684681	0.000091	0.909087	0.308007	-0.007282
 709	3.5400e-01	11.7141	9.211370	0.001182	11.818128	4.004090	-0.094662
 710	3.5450e-01	11.6612	9.320596	-0.000273	-2.727260	-0.924021	0.021845
 711	3.5500e-01	11.6596	9.539047	-0.000545	-5.454521	-1.848042	0.043690
 712	3.5550e-01	11.6082	9.429821	0.000273	2.727260	0.924021	-0.021845
 713	3.5600e-01	11.5649	9.065736	0.000909	9.090868	3.080069	-0.072817
 714	3.5650e-01	11.5200	8.628833	0.001091	10.909042	3.696083	-0.087381
 715	3.5700e-01	11.4510	8.701650	-0.000182	-1.818174	-0.616014	0.014563
 716	3.5750e-01	11.4414	8.628833	0.000182	1.818174	0.616014	-0.014563
 717	3.5800e-01	11.3708	8.592424	0.000091	0.909087	0.308007	-0.007282
 718	3.5850e-01	11.3451	8.556016	0.000091	0.909087	0.308007	-0.007282
 719	3.5900e-01	11.3147	8.373973	0.000455	4.545434	1.540035	-0.036409
 720	3.5950e-01	11.2457	8.665241	-0.000727	-7.272694	-2.464056	0.058254
 721	3.6000e-01	11.2344	8.191930	0.001182	11.818128	4.004090	-0.094662
 722	3.6050e-01	11.1799	7.900661	0.000727	7.272694	2.464056	-0.058254
 723	3.6100e-01	11.1430	8.191930	-0.000727	-7.272694	-2.464056	0.058254
 724	3.6150e-01	11.1189	8.082704	0.000273	2.727260	0.924021	-0.021845
 725	3.6200e-01	11.0756	7.500167	0.001455	14.545389	4.928111	-0.116507
 726	3.6250e-01	11.0339	8.082704	-0.001455	-14.545389	-4.928111	0.116507
 727	3.6300e-01	10.9730	7.864253	0.000545	5.454521	1.848042	-0.043690
 728	3.6350e-01	10.9425	7.827844	0.000091	0.909087	0.308007	-0.007282
 729	3.6400e-01	10.9056	7.645801	0.000455	4.545434	1.540035	-0.036409
 730	3.6450e-01	10.8767	7.318124	0.000818	8.181781	2.772063	-0.065535
 731	3.6500e-01	10.8542	7.172490	0.000364	3.636347	1.232028	-0.029127
 732	3.6550e-01	10.7820	7.245307	-0.000182	-1.818174	-0.616014	0.014563
 733	3.6600e-01	10.7468	7.427350	-0.000455	-4.545434	-1.540035	0.036409
 734	3.6650e-01	10.7179	6.771995	0.001636	16.363563	5.544125	-0.131071
 735	3.6700e-01	10.6633	6.844812	-0.000182	-1.818174	-0.616014	0.014563
 736	3.6750e-01	10.6441	6.480727	0.000909	9.090868	3.080069	-0.072817
 737	3.6800e-01	10.5863	6.917630	-0.001091	-10.909042	-3.696083	0.087381
 738	3.6850e-01	10.5446	7.063264	-0.000364	-3.636347	-1.232028	0.029127
 739	3.6900e-01	10.5174	6.407910	0.001636	16.363563	5.544125	-0.131071
 740	3.6950e-01	10.4644	6.480727	-0.000182	-1.818174	-0.616014	0.014563
 741	3.7000e-01	10.4259	6.262275	0.000545	5.454521	1.848042	-0.043690
 742	3.7050e-01	10.3858	6.371501	-0.000273	-2.727260	-0.924021	0.021845
 743	3.7100e-01	10.3393	5.971007	0.001000	9.999955	3.388076	-0.080099
 744	3.7150e-01	10.3056	5.825372	0.000364	3.636347	1.232028	-0.029127
 745	3.7200e-01	10.2799	5.934598	-0.000273	-2.727260	-0.924021	0.021845
 746	3.7250e-01	10.2318	5.788964	0.000364	3.636347	1.232028	-0.029127
 747	3.7300e-01	10.1885	5.825372	-0.000091	-0.909087	-0.308007	0.007282
 748	3.7350e-01	10.1404	5.788964	0.000091	0.909087	0.308007	-0.007282
 749	3.7400e-01	10.1035	5.716147	0.000182	1.818174	0.616014	-0.014563
 750	3.7450e-01	10.0810	5.643329	0.000182	1.818174	0.616014	-0.014563
 751	3.7500e-01	10.0184	5.170018	0.001182	11.818128	4.004090	-0.094662
 752	3.7550e-01	9.9751	5.497695	-0.000818	-8.181781	-2.772063	0.065535
 753	3.7600e-01	9.9382	5.279244	0.000545	5.454521	1.848042	-0.043690
 754	3.7650e-01	9.8965	5.097201	0.000455	4.545434	1.540035	-0.036409
 755	3.7700e-01	9.8468	4.733115	0.000909	9.090868	3.080069	-0.072817
 756	3.7750e-01	9.8179	4.587481	0.000364	3.636347	1.232028	-0.029127
 757	3.7800e-01	9.7874	4.842341	-0.000636	-6.363608	-2.156049	0.050972
 758	3.7850e-01	9.7265	4.769524	0.000182	1.818174	0.616014	-0.014563
 759	3.7900e-01	9.7008	4.805932	-0.000091	-0.909087	-0.308007	0.007282
 760	3.7950e-01	9.6639	4.332621	0.001182	11.818128	4.004090	-0.094662
 761	3.8000e-01	9.6206	4.478255	-0.000364	-3.636347	-1.232028	0.029127
 762	3.8050e-01	9.5901	4.114169	0.000909	9.090868	3.080069	-0.072817
 763	3.8100e-01	9.5452	4.041352	0.000182	1.818174	0.616014	-0.014563
 764	3.8150e-01	9.5099	4.077761	-0.000091	-0.909087	-0.308007	0.007282
 765	3.8200e-01	9.4473	3.750083	0.000818	8.181781	2.772063	-0.065535
 766	3.8250e-01	9.4281	4.041352	-0.000727	-7.272694	-2.464056	0.058254
 767	3.8300e-01	9.3976	3.822901	0.000545	5.454521	1.848042	-0.043690
 768	3.8350e-01	9.3511	3.677266	0.000364	3.636347	1.232028	-0.029127
 769	3.8400e-01	9.2949	3.786492	-0.000273	-2.727260	-0.924021	0.021845
 770	3.8450e-01	9.2644	3.495223	0.000727	7.272694	2.464056	-0.058254
 771	3.8500e-01	9.2259	3.349589	0.000364	3.636347	1.232028	-0.029127
 772	3.8550e-01	9.1778	3.276772	0.000182	1.818174	0.616014	-0.014563
 773	3.8600e-01	9.1489	3.131138	0.000364	3.636347	1.232028	-0.029127
 774	3.8650e-01	9.1024	2.985503	0.000364	3.636347	1.232028	-0.029127
 775	3.8700e-01	9.0687	3.167546	-0.000455	-4.545434	-1.540035	0.036409
 776	3.8750e-01	9.0527	3.058320	0.000273	2.727260	0.924021	-0.021845
 777	3.8800e-01	8.9933	2.767052	0.000727	7.272694	2.464056	-0.058254
 778	3.8850e-01	8.9484	2.657826	0.000273	2.727260	0.924021	-0.021845
 779	3.8900e-01	8.9147	3.058320	-0.001000	-9.999955	-3.388076	0.080099
 780	3.8950e-01	8.8810	2.366558	0.001727	17.272649	5.852132	-0.138353
 781	3.9000e-01	8.8153	2.330149	0.000091	0.909087	0.308007	-0.007282
 782	3.9050e-01	8.7912	1.929655	0.001000	9.999955	3.388076	-0.080099
 783	3.9100e-01	8.7399	2.038880	-0.000273	-2.727260	-0.924021	0.021845
 784	3.9150e-01	8.6901	2.184515	-0.000364	-3.636347	-1.232028	0.029127
 785	3.9200e-01	8.6452	2.111697	0.000182	1.818174	0.616014	-0.014563
 786	3.9250e-01	8.6115	1.856837	0.000636	6.363608	2.156049	-0.050972
 787	3.9300e-01	8.5891	1.601977	0.000636	6.363608	2.156049	-0.050972
 788	3.9350e-01	8.5457	1.674795	-0.000182	-1.818174	-0.616014	0.014563
 789	3.9400e-01	8.4960	1.237892	0.001091	10.909042	3.696083	-0.087381
 790	3.9450e-01	8.4511	1.565569	-0.000818	-8.181781	-2.772063	0.065535
 791	3.9500e-01	8.4110	1.529160	0.000091	0.909087	0.308007	-0.007282
 792	3.9550e-01	8.3837	0.910214	0.001545	15.454476	5.236118	-0.123789
 793	3.9600e-01	8.3228	1.055849	-0.000364	-3.636347	-1.232028	0.029127
 794	3.9650e-01	8.3019	0.983032	0.000182	1.818174	0.616014	-0.014563
 795	3.9700e-01	8.2971	0.728172	0.000636	6.363608	2.156049	-0.050972
 796	3.9750e-01	8.2329	1.128666	-0.001000	-9.999955	-3.388076	0.080099
 797	3.9800e-01	8.1960	0.873806	0.000636	6.363608	2.156049	-0.050972
 798	3.9850e-01	8.1447	0.145634	0.001818	18.181736	6.160139	-0.145634
 799	3.9900e-01	8.0918	0.400494	-0.000636	-6.363608	-2.156049	0.050972
 800	3.9950e-01	8.0757	0.254860	0.000364	3.636347	1.232028	-0.029127
 801	4.0000e-01	8.0180	0.072817	0.000455	4.545434	1.540035	-0.036409
 802	4.0050e-01	7.9907	0.364086	-0.000727	-7.272694	-2.464056	0.058254
 803	4.0100e-01	7.9442	0.072817	0.000727	7.272694	2.464056	-0.058254
 804	4.0150e-01	7.9185	-0.036409	0.000273	2.727260	0.924021	-0.021845
 805	4.0200e-01	7.8639	-0.400494	0.000909	9.090868	3.080069	-0.072817
 806	4.0250e-01	7.8206	0.072817	-0.001182	-11.818128	-4.004090	0.094662
 807	4.0300e-01	7.7821	-0.218451	0.000727	7.272694	2.464056	-0.058254
 808	4.0350e-01	7.7452	-0.691763	0.001182	11.818128	4.004090	-0.094662
 809	4.0400e-01	7.7003	-0.910214	0.000545	5.454521	1.848042	-0.043690
 810	4.0450e-01	7.6779	-0.582537	-0.000818	-8.181781	-2.772063	0.065535
 811	4.0500e-01	7.6265	-1.019440	0.001091	10.909042	3.696083	-0.087381
 812	4.0550e-01	7.6025	-0.800989	-0.000545	-5.454521	-1.848042	0.043690
 813	4.0600e-01	7.5848	-0.983032	0.000455	4.545434	1.540035	-0.036409
 814	4.0650e-01	7.4998	-1.419935	0.001091	10.909042	3.696083	-0.087381
 815	4.0700e-01	7.4485	-1.201483	-0.000545	-5.454521	-1.848042	0.043690
 816	4.0750e-01	7.4083	-1.601977	0.001000	9.999955	3.388076	-0.080099
 817	4.0800e-01	7.3714	-1.201483	-0.001000	-9.999955	-3.388076	0.080099
 818	4.0850e-01	7.3554	-1.747612	0.001364	13.636302	4.620104	-0.109226
 819	4.0900e-01	7.2832	-1.820429	0.000182	1.818174	0.616014	-0.014563
 820	4.0950e-01	7.2495	-1.674795	-0.000364	-3.636347	-1.232028	0.029127
 821	4.1000e-01	7.2383	-1.638386	-0.000091	-0.909087	-0.308007	0.007282
 822	4.1050e-01	7.1693	-1.893246	0.000636	6.363608	2.156049	-0.050972
 823	4.1100e-01	7.1308	-2.402966	0.001273	12.727215	4.312097	-0.101944
 824	4.1150e-01	7.0859	-2.366558	-0.000091	-0.909087	-0.308007	0.007282
 825	4.1200e-01	7.0346	-2.293740	-0.000182	-1.818174	-0.616014	0.014563
 826	4.1250e-01	7.0121	-2.512192	0.000545	5.454521	1.848042	-0.043690
 827	4.1300e-01	6.9608	-2.475783	-0.000091	-0.909087	-0.308007	0.007282
 828	4.1350e-01	6.9287	-2.512192	0.000091	0.909087	0.308007	-0.007282
 829	4.1400e-01	6.9030	-2.949095	0.001091	10.909042	3.696083	-0.087381
 830	4.1450e-01	6.8725	-2.839869	-0.000273	-2.727260	-0.924021	0.021845
 831	4.1500e-01	6.8180	-2.876278	0.000091	0.909087	0.308007	-0.007282
 832	4.1550e-01	6.7827	-2.730643	-0.000364	-3.636347	-1.232028	0.029127
 833	4.1600e-01	6.7410	-3.276772	0.001364	13.636302	4.620104	-0.109226
 834	4.1650e-01	6.6848	-3.240363	-0.000091	-0.909087	-0.308007	0.007282
 835	4.1700e-01	6.6608	-3.495223	0.000636	6.363608	2.156049	-0.050972
 836	4.1750e-01	6.6062	-3.458815	-0.000091	-0.909087	-0.308007	0.007282
 837	4.1800e-01	6.5934	-3.786492	0.000818	8.181781	2.772063	-0.065535
 838	4.1850e-01	6.5421	-3.822901	0.000091	0.909087	0.308007	-0.007282
 839	4.1900e-01	6.5180	-4.332621	0.001273	12.727215	4.312097	-0.101944
 840	4.1950e-01	6.5020	-3.713675	-0.001545	-15.454476	-5.236118	0.123789
 841	4.2000e-01	6.4282	-3.932126	0.000545	5.454521	1.848042	-0.043690
 842	4.2050e-01	6.3720	-4.296212	0.000909	9.090868	3.080069	-0.072817
 843	4.2100e-01	6.3239	-4.004943	-0.000727	-7.272694	-2.464056	0.058254
 844	4.2150e-01	6.3062	-4.441846	0.001091	10.909042	3.696083	-0.087381
 845	4.2200e-01	6.2774	-4.478255	0.000091	0.909087	0.308007	-0.007282
 846	4.2250e-01	6.2629	-4.915158	0.001091	10.909042	3.696083	-0.087381
 847	4.2300e-01	6.1923	-4.478255	-0.001091	-10.909042	-3.696083	0.087381
 848	4.2350e-01	6.1330	-4.587481	0.000273	2.727260	0.924021	-0.021845
 849	4.2400e-01	6.1201	-5.534104	0.002364	23.636257	8.008181	-0.189325
 850	4.2450e-01	6.0929	-5.133609	-0.001000	-9.999955	-3.388076	0.080099
 851	4.2500e-01	6.0159	-4.733115	-0.001000	-9.999955	-3.388076	0.080099
 852	4.2550e-01	5.9694	-5.424878	0.001727	17.272649	5.852132	-0.138353
 853	4.2600e-01	5.9742	-5.352061	0.000182	1.818174	0.616014	0.014563
 854	4.2650e-01	5.9084	-5.534104	0.000455	4.545434	1.540035	-0.036409
 855	4.2700e-01	5.8683	-5.825372	0.000727	7.272694	2.464056	-0.058254
 856	4.2750e-01	5.8314	-5.606921	-0.000545	-5.454521	-1.848042	0.043690
 857	4.2800e-01	5.8041	-5.934598	0.000818	8.181781	2.772063	-0.065535
 858	4.2850e-01	5.7640	-5.643329	-0.000727	-7.272694	-2.464056	0.058254
 859	4.2900e-01	5.7095	-6.517135	0.002182	21.818083	7.392167	-0.174761
 860	4.2950e-01	5.6838	-6.153050	-0.000909	-9.090868	-3.080069	0.072817
 861	4.3000e-01	5.6437	-6.517135	0.000909	9.090868	3.080069	-0.072817
 862	4.3050e-01	5.6036	-6.553544	0.000091	0.909087	0.308007	-0.007282
 863	4.3100e-01	5.5426	-6.080232	-0.001182	-11.818128	-4.004090	0.094662
 864	4.3150e-01	5.5170	-6.844812	0.001909	19.090823	6.468146	-0.152916
 865	4.3200e-01	5.4560	-6.589952	-0.000636	-6.363608	-2.156049	0.050972
 866	4.3250e-01	5.4416	-6.626361	0.000091	0.909087	0.308007	-0.007282
 867	4.3300e-01	5.3982	-6.771995	0.000364	3.636347	1.232028	-0.029127
 868	4.3350e-01	5.3581	-7.390941	0.001545	15.454476	5.236118	-0.123789
 869	4.3400e-01	5.3100	-6.990447	-0.001000	-9.999955	-3.388076	0.080099
 870	4.3450e-01	5.2587	-7.318124	0.000818	8.181781	2.772063	-0.065535
 871	4.3500e-01	5.2202	-7.390941	0.000182	1.818174	0.616014	-0.014563
 872	4.3550e-01	5.1817	-6.771995	-0.001545	-15.454476	-5.236118	0.123789
 873	4.3600e-01	5.1432	-7.500167	0.001818	18.181736	6.160139	-0.145634
 874	4.3650e-01	5.0870	-7.755027	0.000636	6.363608	2.156049	-0.050972
 875	4.3700e-01	5.0710	-8.191930	0.001091	10.909042	3.696083	-0.087381
 876	4.3750e-01	5.0341	-7.864253	-0.000818	-8.181781	-2.772063	0.065535
 877	4.3800e-01	4.9892	-8.009887	0.000364	3.636347	1.232028	-0.029127
 878	4.3850e-01	4.9442	-8.228338	0.000545	5.454521	1.848042	-0.043690
 879	4.3900e-01	4.9041	-8.373973	0.000364	3.636347	1.232028	-0.029127
 880	4.3950e-01	4.8801	-8.592424	0.000545	5.454521	1.848042	-0.043690
 881	4.4000e-01	4.8239	-8.556016	-0.000091	-0.909087	-0.308007	0.007282
 882	4.4050e-01	4.7999	-8.701650	0.000364	3.636347	1.232028	-0.029127
 883	4.4100e-01	4.7517	-8.483198	-0.000545	-5.454521	-1.848042	0.043690
 884	4.4150e-01	4.6956	-8.592424	0.000273	2.727260	0.924021	-0.021845
 885	4.4200e-01	4.6699	-9.065736	0.001182	11.818128	4.004090	-0.094662
 886	4.4250e-01	4.6410	-9.357004	0.000727	7.272694	2.464056	-0.058254
 887	4.4300e-01	4.6090	-9.138553	-0.000545	-5.454521	-1.848042	0.043690
 888	4.4350e-01	4.5560	-9.357004	0.000545	5.454521	1.848042	-0.043690
 889	4.4400e-01	4.4967	-9.575456	0.000545	5.454521	1.848042	-0.043690
 890	4.4450e-01	4.4678	-9.866724	0.000727	7.272694	2.464056	-0.058254
 891	4.4500e-01	4.4100	-9.684681	-0.000455	-4.545434	-1.540035	0.036409
 892	4.4550e-01	4.3763	-10.048767	0.000909	9.090868	3.080069	-0.072817
 893	4.4600e-01	4.3250	-9.903133	-0.000364	-3.636347	-1.232028	0.029127
 894	4.4650e-01	4.3026	-9.903133	-0.000000	-0.000000	-0.000000	0.000000
 895	4.4700e-01	4.2849	-10.303627	0.001000	9.999955	3.388076	-0.080099
 896	4.4750e-01	4.2111	-10.412853	0.000273	2.727260	0.924021	-0.021845
 897	4.4800e-01	4.1726	-10.121584	-0.000727	-7.272694	-2.464056	0.058254
 898	4.4850e-01	4.1373	-10.958982	0.002091	20.908997	7.084160	-0.167479
 899	4.4900e-01	4.1245	-10.667713	-0.000727	-7.272694	-2.464056	0.058254
 900	4.4950e-01	4.0796	-11.177433	0.001273	12.727215	4.312097	-0.101944
 901	4.5000e-01	4.0234	-10.922573	-0.000636	-6.363608	-2.156049	0.050972
 902	4.5050e-01	3.9945	-10.995390	0.000182	1.818174	0.616014	-0.014563
 903	4.5100e-01	3.9288	-11.141025	0.000364	3.636347	1.232028	-0.029127
 904	4.5150e-01	3.9079	-11.250250	0.000273	2.727260	0.924021	-0.021845
 905	4.5200e-01	3.8726	-11.541519	0.000727	7.272694	2.464056	-0.058254
 906	4.5250e-01	3.8213	-11.723562	0.000455	4.545434	1.540035	-0.036409
 907	4.5300e-01	3.8084	-11.614336	-0.000273	-2.727260	-0.924021	0.021845
 908	4.5350e-01	3.7539	-11.650745	0.000091	0.909087	0.308007	-0.007282
 909	4.5400e-01	3.7138	-11.942013	0.000727	7.272694	2.464056	-0.058254
 910	4.5450e-01	3.6544	-12.051239	0.000273	2.727260	0.924021	-0.021845
 911	4.5500e-01	3.5967	-11.759970	-0.000727	-7.272694	-2.464056	0.058254
 912	4.5550e-01	3.5758	-12.233282	0.001182	11.818128	4.004090	-0.094662
 913	4.5600e-01	3.5598	-12.488142	0.000636	6.363608	2.156049	-0.050972
 914	4.5650e-01	3.4972	-12.269690	-0.000545	-5.454521	-1.848042	0.043690
 915	4.5700e-01	3.4571	-12.706593	0.001091	10.909042	3.696083	-0.087381
 916	4.5750e-01	3.4266	-12.560959	-0.000364	-3.636347	-1.232028	0.029127
 917	4.5800e-01	3.3881	-12.743002	0.000455	4.545434	1.540035	-0.036409
 918	4.5850e-01	3.3432	-12.670185	-0.000182	-1.818174	-0.616014	0.014563
 919	4.5900e-01	3.2887	-13.070679	0.001000	9.999955	3.388076	-0.080099
 920	4.5950e-01	3.2582	-13.143496	0.000182	1.818174	0.616014	-0.014563
 921	4.6000e-01	3.2406	-13.835259	0.001727	17.272649	5.852132	-0.138353
 922	4.6050e-01	3.2053	-13.398356	-0.001091	-10.909042	-3.696083	0.087381
 923	4.6100e-01	3.1395	-13.944485	0.001364	13.636302	4.620104	-0.109226
 924	4.6150e-01	3.1058	-13.726034	-0.000545	-5.454521	-1.848042	0.043690
 925	4.6200e-01	3.0673	-13.689625	-0.000091	-0.909087	-0.308007	0.007282
 926	4.6250e-01	3.0095	-13.944485	0.000636	6.363608	2.156049	-0.050972
 927	4.6300e-01	2.9678	-13.726034	-0.000545	-5.454521	-1.848042	0.043690
 928	4.6350e-01	2.9261	-14.308571	0.001455	14.545389	4.928111	-0.116507
 929	4.6400e-01	2.8972	-14.527022	0.000545	5.454521	1.848042	-0.043690
 930	4.6450e-01	2.8844	-14.490614	-0.000091	-0.909087	-0.308007	0.007282
 931	4.6500e-01	2.8218	-14.891108	0.001000	9.999955	3.388076	-0.080099
 932	4.6550e-01	2.7898	-14.963925	0.000182	1.818174	0.616014	-0.014563
 933	4.6600e-01	2.7609	-14.781882	-0.000455	-4.545434	-1.540035	0.036409
 934	4.6650e-01	2.7432	-15.000334	0.000545	5.454521	1.848042	-0.043690
 935	4.6700e-01	2.6566	-15.218785	0.000545	5.454521	1.848042	-0.043690
 936	4.6750e-01	2.6117	-15.364419	0.000364	3.636347	1.232028	-0.029127
 937	4.6800e-01	2.5668	-15.546462	0.000455	4.545434	1.540035	-0.036409
 938	4.6850e-01	2.5604	-15.182377	-0.000909	-9.090868	-3.080069	0.072817
 939	4.6900e-01	2.5202	-15.910548	0.001818	18.181736	6.160139	-0.145634
 940	4.6950e-01	2.4593	-15.728505	-0.000455	-4.545434	-1.540035	0.036409
 941	4.7000e-01	2.4545	-15.910548	0.000455	4.545434	1.540035	-0.036409
 942	4.7050e-01	2.3630	-15.546462	-0.000909	-9.090868	-3.080069	0.072817
 943	4.7100e-01	2.3598	-16.238225	0.001727	17.272649	5.852132	-0.138353
 944	4.7150e-01	2.3117	-16.347451	0.000273	2.727260	0.924021	-0.021845
 945	4.7200e-01	2.2443	-16.056182	-0.000727	-7.272694	-2.464056	0.058254
 946	4.7250e-01	2.2443	-16.929988	0.002182	21.818083	7.392167	-0.174761
 947	4.7300e-01	2.1818	-16.383860	-0.001364	-13.636302	-4.620104	0.109226
 948	4.7350e-01	2.1417	-16.529494	0.000364	3.636347	1.232028	-0.029127
 949	4.7400e-01	2.1144	-17.112031	0.001455	14.545389	4.928111	-0.116507
 950	4.7450e-01	2.0711	-16.966397	-0.000364	-3.636347	-1.232028	0.029127
 951	4.7500e-01	2.0358	-17.002805	0.000091	0.909087	0.308007	-0.007282
 952	4.7550e-01	1.9925	-17.221257	0.000545	5.454521	1.848042	-0.043690
 953	4.7600e-01	1.9283	-17.403300	0.000455	4.545434	1.540035	-0.036409
 954	4.7650e-01	1.9026	-17.548934	0.000364	3.636347	1.232028	-0.029127
 955	4.7700e-01	1.8770	-17.840203	0.000727	7.272694	2.464056	-0.058254
 956	4.7750e-01	1.8352	-17.876611	0.000091	0.909087	0.308007	-0.007282
 957	4.7800e-01	1.7855	-17.840203	-0.000091	-0.909087	-0.308007	0.007282
 958	4.7850e-01	1.7518	-17.949428	0.000273	2.727260	0.924021	-0.021845
 959	4.7900e-01	1.6957	-18.240697	0.000727	7.272694	2.464056	-0.058254
 960	4.7950e-01	1.6716	-18.714009	0.001182	11.818128	4.004090	-0.094662
 961	4.8000e-01	1.6363	-18.495557	-0.000545	-5.454521	-1.848042	0.043690
 962	4.8050e-01	1.5978	-19.114503	0.001545	15.454476	5.236118	-0.123789
 963	4.8100e-01	1.5625	-18.750417	-0.000909	-9.090868	-3.080069	0.072817
 964	4.8150e-01	1.5208	-19.187320	0.001091	10.909042	3.696083	-0.087381
 965	4.8200e-01	1.4582	-18.677600	-0.001273	-12.727215	-4.312097	0.101944
 966	4.8250e-01	1.4486	-19.114503	0.001091	10.909042	3.696083	-0.087381
 967	4.8300e-01	1.3877	-18.896051	-0.000545	-5.454521	-1.848042	0.043690
 968	4.8350e-01	1.3347	-19.260137	0.000909	9.090868	3.080069	-0.072817
 969	4.8400e-01	1.3107	-19.769857	0.001273	12.727215	4.312097	-0.101944
 970	4.8450e-01	1.2545	-19.879083	0.000273	2.727260	0.924021	-0.021845
 971	4.8500e-01	1.2160	-19.769857	-0.000273	-2.727260	-0.924021	0.021845
 972	4.8550e-01	1.1775	-20.133943	0.000909	9.090868	3.080069	-0.072817
 973	4.8600e-01	1.1294	-19.879083	-0.000636	-6.363608	-2.156049	0.050972
 974	4.8650e-01	1.0941	-20.279577	0.001000	9.999955	3.388076	-0.080099
 975	4.8700e-01	1.0829	-20.716480	0.001091	10.909042	3.696083	-0.087381
 976	4.8750e-01	1.0780	-20.570846	-0.000364	-3.636347	-1.232028	0.029127
 977	4.8800e-01	1.0026	-20.898523	0.000818	8.181781	2.772063	-0.065535
 978	4.8850e-01	0.9353	-20.461620	-0.001091	-10.909042	-3.696083	0.087381
 979	4.8900e-01	0.8727	-21.007749	0.001364	13.636302	4.620104	-0.109226
 980	4.8950e-01	0.8326	-21.007749	-0.000000	-0.000000	-0.000000	0.000000
 981	4.9000e-01	0.8069	-21.116975	0.000273	2.727260	0.924021	-0.021845
 982	4.9050e-01	0.7941	-21.408243	0.000727	7.272694	2.464056	-0.058254
 983	4.9100e-01	0.7444	-21.699512	0.000727	7.272694	2.464056	-0.058254
 984	4.9150e-01	0.7107	-21.299018	-0.001000	-9.999955	-3.388076	0.080099
 985	4.9200e-01	0.6433	-21.590286	0.000727	7.272694	2.464056	-0.058254
 986	4.9250e-01	0.6192	-21.917963	0.000818	8.181781	2.772063	-0.065535
 987	4.9300e-01	0.5920	-21.772329	-0.000364	-3.636347	-1.232028	0.029127
 988	4.9350e-01	0.5422	-22.536909	0.001909	19.090823	6.468146	-0.152916
 989	4.9400e-01	0.4973	-21.917963	-0.001545	-15.454476	-5.236118	0.123789
 990	4.9450e-01	0.4556	-22.536909	0.001545	15.454476	5.236118	-0.123789
 991	4.9500e-01	0.4235	-23.046629	0.001273	12.727215	4.312097	-0.101944
 992	4.9550e-01	0.3866	-22.682543	-0.000909	-9.090868	-3.080069	0.072817
 993	4.9600e-01	0.3449	-23.228672	0.001364	13.636302	4.620104	-0.109226
 994	4.9650e-01	0.2679	-23.447124	0.000545	5.454521	1.848042	-0.043690
 995	4.9700e-01	0.2631	-22.828178	-0.001545	-15.454476	-5.236118	0.123789
 996	4.9750e-01	0.2102	-22.937403	0.000273	2.727260	0.924021	-0.021845
 997	4.9800e-01	0.2037	-23.374306	0.001091	10.909042	3.696083	-0.087381
 998	4.9850e-01	0.1460	-23.629166	0.000636	6.363608	2.156049	-0.050972
 999	4.9900e-01	0.0995	-23.519941	-0.000273	-2.727260	-0.924021	0.021845
1000	4.9950e-01	0.0754	-23.811209	0.000727	7.272694	2.464056	-0.058254
1001	5.0000e-01	0.0642	-23.811209	0.000727	7.272694	2.464056	0.000000

PMax (uC/cm2):	5.40e+01
Pr (uC/cm2):	3.31e+00
-Pr (uC/cm2):	0.00e+00
PLoss (uC/cm2):	0.00e+00
C (Max-Eff) (nF):	2.69e-01
K (Eff):	9.13e+02
Vert. (+/-Pr) Shift (uC/cm2):	1.66e+00
Offset (uC/cm2):	2.71e+01

A (Loop Area - uC/cm2·Volts):	-1.13e-01



Hysteresis Version: 5.48.1 - Radiant Technologies, Inc., 1999 - 9/12/24

