»»»»»»»»»»»»»»»»»»»»»»»»»»»»»»»»»»»» Hysteresis ««««««««««««««««««««««««««««««««««««
»»»  Executed Version:	5.48.1
»»»  Vision Version:	5.48.4 (R)
»»»  Vision Compiled:	9/18/24
»»»  Driver Version:	5.47.0
»»»  Windows Version:	Windows 8 or 8.1
»»»  Processor Information:	x86 (AMD or Intel) - 32 Processors
»»»  Tester Name:	PMF21124-494 (100V)
»»»  Tester S/N:	PMF21124-494
»»»  Internal Amp Type:	100V RevK 270k
»»»  Internal Amp S/N:	iAB2-596/K     
»»»  Execution Count:	1
»»»»»»»»»»»»»»»»»»»»»»»»»»»»»»»»»»»»»»»»»»««««««««««««««««««««««««««««««««««««««««««

Stored:	10/10/2025 - 10:54:42
Configured:	10/10/25 10:37:25 AM
Executed:	10/10/25 10:53:51 AM

»»»»»»»»»»»»»»»»»»»»»»»»»»»»»»»»»»» Sample Info ««««««««««««««««««««««««««««««««««««
Sample Name:	Int. Ref. Ferroelectric
Lot Name:	N/A
Wafer Name:	N/A
Die Row/Column:	0/0
Capacitor Number:	0
Sample Area (cm2):	1.00e-04
Sample Thickness (microns):	3.00e-01

Amplifier:	Internal

»»»»»»»»»»»»»»»»»»»»»»»»»»»»»»»»»»» Tester Info «««««««««««««««««««««««««««««««««««
Tester Name:	PMF21124-494 (100V)
Tester Serial Number:	PMF21124-494
Return Signal Amp. Level:	0.02 [Index: 2]

»»»»»»»»»»»»»»»»»»»»»»»»»»»»»»»» Hysteresis Info ««««««««««««««««««««««««««««««««««
Task Name:	Hyst-170
Volts:	20.00
Field:	666.67 (kV/cm)
DCBias:	0.00
DCField:	0.00 (kV/cm)
Hysteresis Period (ms):	5.00e-01
Preset:	Enabled
Preset Delay (ms):	1.00e+03
Profile:	Standard Monopolar

»»»»»»»»»»»»»»»»»»»»»»»»»»»»»»»»»»»»»» Data «««««««««««««««««««««««««««««««««««««««
Points:	1001

Valid Data

Point	Time (ms)	Drive Voltage	Measured Polarization (uC/cm2)	Capacitance (uF)	Normalized Capacitance (uF/cm2)	Dielectric Constant	Instantaneous Current (mA)
   1	0.0000e+00	0.0321	-22.336662	-0.000361	-3.610764	-1.223360	0.029127
   2	5.0000e-04	0.0241	-22.191028	-0.000361	-3.610764	-1.223360	0.029127
   3	1.0000e-03	0.1027	-22.191028	0.000000	0.000000	0.000000	0.000000
   4	1.5000e-03	0.1460	-21.717716	0.001173	11.734982	3.975919	0.094662
   5	2.0000e-03	0.1845	-21.826942	-0.000271	-2.708073	-0.917520	-0.021845
   6	2.5000e-03	0.2358	-21.462856	0.000903	9.026909	3.058400	0.072817
   7	3.0000e-03	0.2583	-21.244405	0.000542	5.416145	1.835040	0.043690
   8	3.5000e-03	0.3192	-21.572082	-0.000812	-8.124218	-2.752560	-0.065535
   9	4.0000e-03	0.3593	-21.535673	0.000090	0.902691	0.305840	0.007282
  10	4.5000e-03	0.3866	-21.317222	0.000542	5.416145	1.835040	0.043690
  11	5.0000e-03	0.4203	-20.880319	0.001083	10.832291	3.670079	0.087381
  12	5.5000e-03	0.4749	-20.953136	-0.000181	-1.805382	-0.611680	-0.014563
  13	6.0000e-03	0.5069	-20.953136	0.000000	0.000000	0.000000	0.000000
  14	6.5000e-03	0.5422	-20.297782	0.001625	16.248436	5.505119	0.131071
  15	7.0000e-03	0.5920	-21.135179	-0.002076	-20.761891	-7.034319	-0.167479
  16	7.5000e-03	0.6305	-20.734685	0.000993	9.929600	3.364240	0.080099
  17	8.0000e-03	0.6625	-20.443416	0.000722	7.221527	2.446720	0.058254
  18	8.5000e-03	0.7139	-19.897287	0.001354	13.540364	4.587599	0.109226
  19	9.0000e-03	0.7331	-20.297782	-0.000993	-9.929600	-3.364240	-0.080099
  20	9.5000e-03	0.7668	-19.715244	0.001444	14.443054	4.893439	0.116507
  21	1.0000e-02	0.8326	-20.115739	-0.000993	-9.929600	-3.364240	-0.080099
  22	1.0500e-02	0.8984	-20.006513	0.000271	2.708073	0.917520	0.021845
  23	1.1000e-02	0.9192	-19.933696	0.000181	1.805382	0.611680	0.014563
  24	1.1500e-02	0.9192	-19.314750	-0.001535	-15.345745	-5.199279	0.123789
  25	1.2000e-02	0.9802	-19.460384	-0.000361	-3.610764	-1.223360	-0.029127
  26	1.2500e-02	1.0219	-19.096299	0.000903	9.026909	3.058400	0.072817
  27	1.3000e-02	1.0636	-19.606019	-0.001264	-12.637673	-4.281759	-0.101944
  28	1.3500e-02	1.1085	-19.314750	0.000722	7.221527	2.446720	0.058254
  29	1.4000e-02	1.1518	-19.023481	0.000722	7.221527	2.446720	0.058254
  30	1.4500e-02	1.1823	-18.695804	0.000812	8.124218	2.752560	0.065535
  31	1.5000e-02	1.2337	-18.987073	-0.000722	-7.221527	-2.446720	-0.058254
  32	1.5500e-02	1.2497	-18.732213	0.000632	6.318836	2.140880	0.050972
  33	1.6000e-02	1.3074	-18.186084	0.001354	13.540364	4.587599	0.109226
  34	1.6500e-02	1.3508	-18.477353	-0.000722	-7.221527	-2.446720	-0.058254
  35	1.7000e-02	1.4021	-18.368127	0.000271	2.708073	0.917520	0.021845
  36	1.7500e-02	1.4711	-18.440944	-0.000181	-1.805382	-0.611680	-0.014563
  37	1.8000e-02	1.4615	-18.331719	-0.000271	-2.708073	-0.917520	0.021845
  38	1.8500e-02	1.5016	-17.894816	0.001083	10.832291	3.670079	0.087381
  39	1.9000e-02	1.5641	-17.931224	-0.000090	-0.902691	-0.305840	-0.007282
  40	1.9500e-02	1.6058	-17.821998	0.000271	2.708073	0.917520	0.021845
  41	2.0000e-02	1.6443	-17.676364	0.000361	3.610764	1.223360	0.029127
  42	2.0500e-02	1.6492	-17.275870	0.000993	9.929600	3.364240	0.080099
  43	2.1000e-02	1.7053	-17.348687	-0.000181	-1.805382	-0.611680	-0.014563
  44	2.1500e-02	1.7534	-17.530730	-0.000451	-4.513455	-1.529200	-0.036409
  45	2.2000e-02	1.7695	-17.166644	0.000903	9.026909	3.058400	0.072817
  46	2.2500e-02	1.8208	-17.239461	-0.000181	-1.805382	-0.611680	-0.014563
  47	2.3000e-02	1.8625	-16.802558	0.001083	10.832291	3.670079	0.087381
  48	2.3500e-02	1.8978	-16.911784	-0.000271	-2.708073	-0.917520	-0.021845
  49	2.4000e-02	1.9668	-16.766150	0.000361	3.610764	1.223360	0.029127
  50	2.4500e-02	1.9941	-16.402064	0.000903	9.026909	3.058400	0.072817
  51	2.5000e-02	2.0278	-16.729741	-0.000812	-8.124218	-2.752560	-0.065535
  52	2.5500e-02	2.0646	-16.292838	0.001083	10.832291	3.670079	0.087381
  53	2.6000e-02	2.1080	-16.584107	-0.000722	-7.221527	-2.446720	-0.058254
  54	2.6500e-02	2.1449	-16.074387	0.001264	12.637673	4.281759	0.101944
  55	2.7000e-02	2.2074	-16.110795	-0.000090	-0.902691	-0.305840	-0.007282
  56	2.7500e-02	2.2556	-15.783118	0.000812	8.124218	2.752560	0.065535
  57	2.8000e-02	2.2716	-16.001570	-0.000542	-5.416145	-1.835040	-0.043690
  58	2.8500e-02	2.2924	-15.710301	0.000722	7.221527	2.446720	0.058254
  59	2.9000e-02	2.3566	-15.928752	-0.000542	-5.416145	-1.835040	-0.043690
  60	2.9500e-02	2.3823	-15.491849	0.001083	10.832291	3.670079	0.087381
  61	3.0000e-02	2.4320	-15.528258	-0.000090	-0.902691	-0.305840	-0.007282
  62	3.0500e-02	2.4545	-15.236989	0.000722	7.221527	2.446720	0.058254
  63	3.1000e-02	2.4769	-15.236989	0.000000	0.000000	0.000000	0.000000
  64	3.1500e-02	2.5539	-14.800087	0.001083	10.832291	3.670079	0.087381
  65	3.2000e-02	2.5716	-15.236989	-0.001083	-10.832291	-3.670079	-0.087381
  66	3.2500e-02	2.6358	-14.763678	0.001173	11.734982	3.975919	0.094662
  67	3.3000e-02	2.6727	-14.800087	-0.000090	-0.902691	-0.305840	-0.007282
  68	3.3500e-02	2.7160	-14.545226	0.000632	6.318836	2.140880	0.050972
  69	3.4000e-02	2.7432	-14.690861	-0.000361	-3.610764	-1.223360	-0.029127
  70	3.4500e-02	2.7721	-14.326775	0.000903	9.026909	3.058400	0.072817
  71	3.5000e-02	2.8363	-13.926281	0.000993	9.929600	3.364240	0.080099
  72	3.5500e-02	2.8844	-14.326775	-0.000993	-9.929600	-3.364240	-0.080099
  73	3.6000e-02	2.9261	-13.926281	0.000993	9.929600	3.364240	0.080099
  74	3.6500e-02	2.9550	-14.181141	-0.000632	-6.318836	-2.140880	-0.050972
  75	3.7000e-02	2.9999	-13.926281	0.000632	6.318836	2.140880	0.050972
  76	3.7500e-02	3.0288	-13.926281	0.000000	0.000000	0.000000	0.000000
  77	3.8000e-02	3.0849	-13.671421	0.000632	6.318836	2.140880	0.050972
  78	3.8500e-02	3.0914	-13.707829	-0.000090	-0.902691	-0.305840	-0.007282
  79	3.9000e-02	3.1587	-13.343743	0.000903	9.026909	3.058400	0.072817
  80	3.9500e-02	3.1732	-13.307335	0.000090	0.902691	0.305840	0.007282
  81	4.0000e-02	3.2069	-13.161701	0.000361	3.610764	1.223360	0.029127
  82	4.0500e-02	3.2502	-13.125292	0.000090	0.902691	0.305840	0.007282
  83	4.1000e-02	3.3095	-12.469938	0.001625	16.248436	5.505119	0.131071
  84	4.1500e-02	3.3416	-13.161701	-0.001715	-17.151127	-5.810959	-0.138353
  85	4.2000e-02	3.3753	-12.469938	0.001715	17.151127	5.810959	0.138353
  86	4.2500e-02	3.4250	-12.979658	-0.001264	-12.637673	-4.281759	-0.101944
  87	4.3000e-02	3.4411	-12.651980	0.000812	8.124218	2.752560	0.065535
  88	4.3500e-02	3.5052	-12.506346	0.000361	3.610764	1.223360	0.029127
  89	4.4000e-02	3.5566	-12.724798	-0.000542	-5.416145	-1.835040	-0.043690
  90	4.4500e-02	3.5839	-12.542755	0.000451	4.513455	1.529200	0.036409
  91	4.5000e-02	3.6127	-11.923809	0.001535	15.345745	5.199279	0.123789
  92	4.5500e-02	3.6641	-12.105852	-0.000451	-4.513455	-1.529200	-0.036409
  93	4.6000e-02	3.7042	-12.324303	-0.000542	-5.416145	-1.835040	-0.043690
  94	4.6500e-02	3.7539	-11.778175	0.001354	13.540364	4.587599	0.109226
  95	4.7000e-02	3.7876	-12.142260	-0.000903	-9.026909	-3.058400	-0.072817
  96	4.7500e-02	3.8357	-11.741766	0.000993	9.929600	3.364240	0.080099
  97	4.8000e-02	3.8646	-11.668949	0.000181	1.805382	0.611680	0.014563
  98	4.8500e-02	3.9079	-11.450497	0.000542	5.416145	1.835040	0.043690
  99	4.9000e-02	3.9496	-11.159229	0.000722	7.221527	2.446720	0.058254
 100	4.9500e-02	3.9689	-11.414089	-0.000632	-6.318836	-2.140880	-0.050972
 101	5.0000e-02	4.0138	-11.195637	0.000542	5.416145	1.835040	0.043690
 102	5.0500e-02	4.0603	-11.268455	-0.000181	-1.805382	-0.611680	-0.014563
 103	5.1000e-02	4.0908	-10.904369	0.000903	9.026909	3.058400	0.072817
 104	5.1500e-02	4.1437	-10.758734	0.000361	3.610764	1.223360	0.029127
 105	5.2000e-02	4.2095	-10.904369	-0.000361	-3.610764	-1.223360	-0.029127
 106	5.2500e-02	4.2544	-10.722326	0.000451	4.513455	1.529200	0.036409
 107	5.3000e-02	4.2721	-10.722326	0.000000	0.000000	0.000000	0.000000
 108	5.3500e-02	4.2849	-10.358240	0.000903	9.026909	3.058400	0.072817
 109	5.4000e-02	4.3266	-10.576692	-0.000542	-5.416145	-1.835040	-0.043690
 110	5.4500e-02	4.3796	-9.994154	0.001444	14.443054	4.893439	0.116507
 111	5.5000e-02	4.4068	-10.467466	-0.001173	-11.734982	-3.975919	-0.094662
 112	5.5500e-02	4.4758	-9.666477	0.001986	19.859200	6.728479	0.160198
 113	5.6000e-02	4.5127	-10.249014	-0.001444	-14.443054	-4.893439	-0.116507
 114	5.6500e-02	4.5400	-10.030563	0.000542	5.416145	1.835040	0.043690
 115	5.7000e-02	4.5721	-9.448026	0.001444	14.443054	4.893439	0.116507
 116	5.7500e-02	4.6250	-9.593660	-0.000361	-3.610764	-1.223360	-0.029127
 117	5.8000e-02	4.6539	-9.448026	0.000361	3.610764	1.223360	0.029127
 118	5.8500e-02	4.7084	-9.375209	0.000181	1.805382	0.611680	0.014563
 119	5.9000e-02	4.7614	-9.593660	-0.000542	-5.416145	-1.835040	-0.043690
 120	5.9500e-02	4.7918	-9.120349	0.001173	11.734982	3.975919	0.094662
 121	6.0000e-02	4.8127	-9.193166	-0.000181	-1.805382	-0.611680	-0.014563
 122	6.0500e-02	4.8769	-9.193166	0.000000	0.000000	0.000000	0.000000
 123	6.1000e-02	4.9009	-8.719854	0.001173	11.734982	3.975919	0.094662
 124	6.1500e-02	4.9362	-9.047531	-0.000812	-8.124218	-2.752560	-0.065535
 125	6.2000e-02	5.0020	-8.719854	0.000812	8.124218	2.752560	0.065535
 126	6.2500e-02	5.0485	-8.501403	0.000542	5.416145	1.835040	0.043690
 127	6.3000e-02	5.0774	-8.647037	-0.000361	-3.610764	-1.223360	-0.029127
 128	6.3500e-02	5.0790	-8.574220	0.000181	1.805382	0.611680	0.014563
 129	6.4000e-02	5.1368	-8.355768	0.000542	5.416145	1.835040	0.043690
 130	6.4500e-02	5.1656	-8.392177	-0.000090	-0.902691	-0.305840	-0.007282
 131	6.5000e-02	5.2346	-8.064500	0.000812	8.124218	2.752560	0.065535
 132	6.5500e-02	5.2507	-8.028091	0.000090	0.902691	0.305840	0.007282
 133	6.6000e-02	5.3244	-7.773231	0.000632	6.318836	2.140880	0.050972
 134	6.6500e-02	5.3549	-7.882457	-0.000271	-2.708073	-0.917520	-0.021845
 135	6.7000e-02	5.3822	-7.591188	0.000722	7.221527	2.446720	0.058254
 136	6.7500e-02	5.4143	-7.299920	0.000722	7.221527	2.446720	0.058254
 137	6.8000e-02	5.4544	-7.882457	-0.001444	-14.443054	-4.893439	-0.116507
 138	6.8500e-02	5.5137	-7.336328	0.001354	13.540364	4.587599	0.109226
 139	6.9000e-02	5.5522	-7.045060	0.000722	7.221527	2.446720	0.058254
 140	6.9500e-02	5.5827	-7.700414	-0.001625	-16.248436	-5.505119	-0.131071
 141	7.0000e-02	5.6437	-7.008651	0.001715	17.151127	5.810959	0.138353
 142	7.0500e-02	5.6758	-7.190694	-0.000451	-4.513455	-1.529200	-0.036409
 143	7.1000e-02	5.7143	-6.717382	0.001173	11.734982	3.975919	0.094662
 144	7.1500e-02	5.7432	-6.935834	-0.000542	-5.416145	-1.835040	-0.043690
 145	7.2000e-02	5.7801	-6.753791	0.000451	4.513455	1.529200	0.036409
 146	7.2500e-02	5.8202	-6.899425	-0.000361	-3.610764	-1.223360	-0.029127
 147	7.3000e-02	5.8474	-6.498931	0.000993	9.929600	3.364240	0.080099
 148	7.3500e-02	5.8956	-6.535340	-0.000090	-0.902691	-0.305840	-0.007282
 149	7.4000e-02	5.9453	-6.134845	0.000993	9.929600	3.364240	0.080099
 150	7.4500e-02	5.9806	-6.244071	-0.000271	-2.708073	-0.917520	-0.021845
 151	7.5000e-02	6.0159	-6.062028	0.000451	4.513455	1.529200	0.036409
 152	7.5500e-02	6.0528	-5.734351	0.000812	8.124218	2.752560	0.065535
 153	7.6000e-02	6.1266	-5.879985	-0.000361	-3.610764	-1.223360	-0.029127
 154	7.6500e-02	6.1394	-5.989211	-0.000271	-2.708073	-0.917520	-0.021845
 155	7.7000e-02	6.2036	-5.552308	0.001083	10.832291	3.670079	0.087381
 156	7.7500e-02	6.2164	-6.062028	-0.001264	-12.637673	-4.281759	-0.101944
 157	7.8000e-02	6.2790	-5.661534	0.000993	9.929600	3.364240	0.080099
 158	7.8500e-02	6.2854	-5.770759	-0.000271	-2.708073	-0.917520	-0.021845
 159	7.9000e-02	6.3528	-5.115405	0.001625	16.248436	5.505119	0.131071
 160	7.9500e-02	6.4185	-5.443082	-0.000812	-8.124218	-2.752560	-0.065535
 161	8.0000e-02	6.4474	-5.078996	0.000903	9.026909	3.058400	0.072817
 162	8.0500e-02	6.4635	-4.496459	0.001444	14.443054	4.893439	0.116507
 163	8.1000e-02	6.4570	-5.078996	0.001444	14.443054	4.893439	-0.116507
 164	8.1500e-02	6.5324	-4.896954	0.000451	4.513455	1.529200	0.036409
 165	8.2000e-02	6.5934	-4.751319	0.000361	3.610764	1.223360	0.029127
 166	8.2500e-02	6.6143	-4.496459	0.000632	6.318836	2.140880	0.050972
 167	8.3000e-02	6.6528	-4.460051	0.000090	0.902691	0.305840	0.007282
 168	8.3500e-02	6.7073	-4.460051	0.000000	0.000000	0.000000	0.000000
 169	8.4000e-02	6.7634	-4.496459	-0.000090	-0.902691	-0.305840	-0.007282
 170	8.4500e-02	6.7715	-4.460051	0.000090	0.902691	0.305840	0.007282
 171	8.5000e-02	6.8148	-4.023148	0.001083	10.832291	3.670079	0.087381
 172	8.5500e-02	6.8629	-4.168782	-0.000361	-3.610764	-1.223360	-0.029127
 173	8.6000e-02	6.9030	-3.986739	0.000451	4.513455	1.529200	0.036409
 174	8.6500e-02	6.9383	-3.440611	0.001354	13.540364	4.587599	0.109226
 175	8.7000e-02	6.9929	-3.731879	-0.000722	-7.221527	-2.446720	-0.058254
 176	8.7500e-02	7.0330	-3.586245	0.000361	3.610764	1.223360	0.029127
 177	8.8000e-02	7.0586	-3.804696	-0.000542	-5.416145	-1.835040	-0.043690
 178	8.8500e-02	7.0907	-3.477019	0.000812	8.124218	2.752560	0.065535
 179	8.9000e-02	7.1436	-3.404202	0.000181	1.805382	0.611680	0.014563
 180	8.9500e-02	7.1789	-3.185750	0.000542	5.416145	1.835040	0.043690
 181	9.0000e-02	7.2303	-3.149342	0.000090	0.902691	0.305840	0.007282
 182	9.0500e-02	7.2640	-3.149342	0.000000	0.000000	0.000000	0.000000
 183	9.1000e-02	7.2993	-2.930890	0.000542	5.416145	1.835040	0.043690
 184	9.1500e-02	7.3426	-2.967299	-0.000090	-0.902691	-0.305840	-0.007282
 185	9.2000e-02	7.3859	-3.294976	-0.000812	-8.124218	-2.752560	-0.065535
 186	9.2500e-02	7.4276	-2.093493	0.002979	29.788800	10.092719	0.240297
 187	9.3000e-02	7.4629	-2.603213	-0.001264	-12.637673	-4.281759	-0.101944
 188	9.3500e-02	7.5222	-2.785256	-0.000451	-4.513455	-1.529200	-0.036409
 189	9.4000e-02	7.5463	-2.530396	0.000632	6.318836	2.140880	0.050972
 190	9.4500e-02	7.5495	-2.348353	0.000451	4.513455	1.529200	0.036409
 191	9.5000e-02	7.6201	-2.421170	-0.000181	-1.805382	-0.611680	-0.014563
 192	9.5500e-02	7.6329	-2.129902	0.000722	7.221527	2.446720	0.058254
 193	9.6000e-02	7.6827	-2.202719	-0.000181	-1.805382	-0.611680	-0.014563
 194	9.6500e-02	7.7372	-1.875042	0.000812	8.124218	2.752560	0.065535
 195	9.7000e-02	7.7709	-1.401730	0.001173	11.734982	3.975919	0.094662
 196	9.7500e-02	7.8415	-1.729407	-0.000812	-8.124218	-2.752560	-0.065535
 197	9.8000e-02	7.8639	-1.692999	0.000090	0.902691	0.305840	0.007282
 198	9.8500e-02	7.9089	-1.474547	0.000542	5.416145	1.835040	0.043690
 199	9.9000e-02	7.9458	-1.401730	0.000181	1.805382	0.611680	0.014563
 200	9.9500e-02	7.9859	-1.547365	-0.000361	-3.610764	-1.223360	-0.029127
 201	1.0000e-01	8.0372	-1.037644	0.001264	12.637673	4.281759	0.101944
 202	1.0050e-01	8.0549	-1.328913	-0.000722	-7.221527	-2.446720	-0.058254
 203	1.0100e-01	8.0837	-1.292504	0.000090	0.902691	0.305840	0.007282
 204	1.0150e-01	8.1078	-1.328913	-0.000090	-0.902691	-0.305840	-0.007282
 205	1.0200e-01	8.1720	-1.001236	0.000812	8.124218	2.752560	0.065535
 206	1.0250e-01	8.2313	-0.455107	0.001354	13.540364	4.587599	0.109226
 207	1.0300e-01	8.2570	-0.746376	-0.000722	-7.221527	-2.446720	-0.058254
 208	1.0350e-01	8.3212	-0.637150	0.000271	2.708073	0.917520	0.021845
 209	1.0400e-01	8.3516	-0.527924	0.000271	2.708073	0.917520	0.021845
 210	1.0450e-01	8.3869	-0.527924	0.000000	0.000000	0.000000	0.000000
 211	1.0500e-01	8.4222	-0.564333	-0.000090	-0.902691	-0.305840	-0.007282
 212	1.0550e-01	8.4800	-0.527924	0.000090	0.902691	0.305840	0.007282
 213	1.0600e-01	8.4944	-0.127430	0.000993	9.929600	3.364240	0.080099
 214	1.0650e-01	8.5281	-0.018204	0.000271	2.708073	0.917520	0.021845
 215	1.0700e-01	8.5682	0.018204	0.000090	0.902691	0.305840	0.007282
 216	1.0750e-01	8.6099	-0.018204	-0.000090	-0.902691	-0.305840	-0.007282
 217	1.0800e-01	8.6420	-0.200247	-0.000451	-4.513455	-1.529200	-0.036409
 218	1.0850e-01	8.7062	0.163839	0.000903	9.026909	3.058400	0.072817
 219	1.0900e-01	8.7431	0.491516	0.000812	8.124218	2.752560	0.065535
 220	1.0950e-01	8.7864	0.491516	0.000000	0.000000	0.000000	0.000000
 221	1.1000e-01	8.8329	0.491516	0.000000	0.000000	0.000000	0.000000
 222	1.1050e-01	8.8586	0.673559	0.000451	4.513455	1.529200	0.036409
 223	1.1100e-01	8.8858	0.928419	0.000632	6.318836	2.140880	0.050972
 224	1.1150e-01	8.9468	0.964827	0.000090	0.902691	0.305840	0.007282
 225	1.1200e-01	8.9837	0.928419	-0.000090	-0.902691	-0.305840	-0.007282
 226	1.1250e-01	9.0350	1.001236	0.000181	1.805382	0.611680	0.014563
 227	1.1300e-01	9.0591	1.510956	0.001264	12.637673	4.281759	0.101944
 228	1.1350e-01	9.0928	0.855602	-0.001625	-16.248436	-5.505119	-0.131071
 229	1.1400e-01	9.1361	1.583773	0.001805	18.053818	6.116799	0.145634
 230	1.1450e-01	9.1890	1.365322	-0.000542	-5.416145	-1.835040	-0.043690
 231	1.1500e-01	9.2259	1.365322	0.000000	0.000000	0.000000	0.000000
 232	1.1550e-01	9.2580	1.583773	0.000542	5.416145	1.835040	0.043690
 233	1.1600e-01	9.3270	1.729407	0.000361	3.610764	1.223360	0.029127
 234	1.1650e-01	9.3334	1.947859	0.000542	5.416145	1.835040	0.043690
 235	1.1700e-01	9.3751	1.947859	0.000000	0.000000	0.000000	0.000000
 236	1.1750e-01	9.4329	1.947859	0.000000	0.000000	0.000000	0.000000
 237	1.1800e-01	9.4586	1.838633	-0.000271	-2.708073	-0.917520	-0.021845
 238	1.1850e-01	9.4826	2.384762	0.001354	13.540364	4.587599	0.109226
 239	1.1900e-01	9.5211	2.057085	-0.000812	-8.124218	-2.752560	-0.065535
 240	1.1950e-01	9.5965	2.129902	0.000181	1.805382	0.611680	0.014563
 241	1.2000e-01	9.6142	2.202719	0.000181	1.805382	0.611680	0.014563
 242	1.2050e-01	9.6799	2.311945	0.000271	2.708073	0.917520	0.021845
 243	1.2100e-01	9.7200	2.639622	0.000812	8.124218	2.752560	0.065535
 244	1.2150e-01	9.7200	2.603213	0.000090	0.902691	0.305840	-0.007282
 245	1.2200e-01	9.7826	2.930890	0.000812	8.124218	2.752560	0.065535
 246	1.2250e-01	9.8211	2.530396	-0.000993	-9.929600	-3.364240	-0.080099
 247	1.2300e-01	9.8692	2.894482	0.000903	9.026909	3.058400	0.072817
 248	1.2350e-01	9.9029	2.785256	-0.000271	-2.708073	-0.917520	-0.021845
 249	1.2400e-01	9.9430	3.185750	0.000993	9.929600	3.364240	0.080099
 250	1.2450e-01	9.9559	2.967299	-0.000542	-5.416145	-1.835040	-0.043690
 251	1.2500e-01	10.0265	3.294976	0.000812	8.124218	2.752560	0.065535
 252	1.2550e-01	10.0329	3.294976	0.000000	0.000000	0.000000	0.000000
 253	1.2600e-01	10.0986	3.513428	0.000542	5.416145	1.835040	0.043690
 254	1.2650e-01	10.1371	3.003708	-0.001264	-12.637673	-4.281759	-0.101944
 255	1.2700e-01	10.1692	3.768288	0.001896	18.956509	6.422639	0.152916
 256	1.2750e-01	10.2366	3.695471	-0.000181	-1.805382	-0.611680	-0.014563
 257	1.2800e-01	10.2735	4.023148	0.000812	8.124218	2.752560	0.065535
 258	1.2850e-01	10.3216	4.423642	0.000993	9.929600	3.364240	0.080099
 259	1.2900e-01	10.3361	3.804696	-0.001535	-15.345745	-5.199279	-0.123789
 260	1.2950e-01	10.3633	3.659062	-0.000361	-3.610764	-1.223360	-0.029127
 261	1.3000e-01	10.4243	4.496459	0.002076	20.761891	7.034319	0.167479
 262	1.3050e-01	10.4628	4.678502	0.000451	4.513455	1.529200	0.036409
 263	1.3100e-01	10.5270	4.023148	-0.001625	-16.248436	-5.505119	-0.131071
 264	1.3150e-01	10.5254	4.460051	-0.001083	-10.832291	-3.670079	0.087381
 265	1.3200e-01	10.5911	4.350825	-0.000271	-2.708073	-0.917520	-0.021845
 266	1.3250e-01	10.6505	4.642094	0.000722	7.221527	2.446720	0.058254
 267	1.3300e-01	10.6794	4.896954	0.000632	6.318836	2.140880	0.050972
 268	1.3350e-01	10.6938	4.824136	-0.000181	-1.805382	-0.611680	-0.014563
 269	1.3400e-01	10.7516	4.787728	-0.000090	-0.902691	-0.305840	-0.007282
 270	1.3450e-01	10.7820	4.787728	0.000000	0.000000	0.000000	0.000000
 271	1.3500e-01	10.8061	5.151814	0.000903	9.026909	3.058400	0.072817
 272	1.3550e-01	10.8639	4.933362	-0.000542	-5.416145	-1.835040	-0.043690
 273	1.3600e-01	10.8895	4.933362	0.000000	0.000000	0.000000	0.000000
 274	1.3650e-01	10.9441	5.297448	0.000903	9.026909	3.058400	0.072817
 275	1.3700e-01	10.9762	5.333857	0.000090	0.902691	0.305840	0.007282
 276	1.3750e-01	11.0195	5.406674	0.000181	1.805382	0.611680	0.014563
 277	1.3800e-01	11.0612	5.479491	0.000181	1.805382	0.611680	0.014563
 278	1.3850e-01	11.1221	5.370265	-0.000271	-2.708073	-0.917520	-0.021845
 279	1.3900e-01	11.1302	5.843577	0.001173	11.734982	3.975919	0.094662
 280	1.3950e-01	11.1735	5.697942	-0.000361	-3.610764	-1.223360	-0.029127
 281	1.4000e-01	11.2088	6.025619	0.000812	8.124218	2.752560	0.065535
 282	1.4050e-01	11.2745	5.625125	-0.000993	-9.929600	-3.364240	-0.080099
 283	1.4100e-01	11.3114	5.807168	0.000451	4.513455	1.529200	0.036409
 284	1.4150e-01	11.3435	6.171254	0.000903	9.026909	3.058400	0.072817
 285	1.4200e-01	11.3852	5.734351	-0.001083	-10.832291	-3.670079	-0.087381
 286	1.4250e-01	11.4318	6.171254	0.001083	10.832291	3.670079	0.087381
 287	1.4300e-01	11.4703	6.462522	0.000722	7.221527	2.446720	0.058254
 288	1.4350e-01	11.5056	6.389705	-0.000181	-1.805382	-0.611680	-0.014563
 289	1.4400e-01	11.5312	6.426114	0.000090	0.902691	0.305840	0.007282
 290	1.4450e-01	11.5922	6.680974	0.000632	6.318836	2.140880	0.050972
 291	1.4500e-01	11.6130	6.935834	0.000632	6.318836	2.140880	0.050972
 292	1.4550e-01	11.6644	6.935834	0.000000	0.000000	0.000000	0.000000
 293	1.4600e-01	11.6933	6.863017	-0.000181	-1.805382	-0.611680	-0.014563
 294	1.4650e-01	11.7237	6.717382	-0.000361	-3.610764	-1.223360	-0.029127
 295	1.4700e-01	11.7879	7.008651	0.000722	7.221527	2.446720	0.058254
 296	1.4750e-01	11.8489	6.826608	-0.000451	-4.513455	-1.529200	-0.036409
 297	1.4800e-01	11.8617	7.045060	0.000542	5.416145	1.835040	0.043690
 298	1.4850e-01	11.9098	7.263511	0.000542	5.416145	1.835040	0.043690
 299	1.4900e-01	11.9435	7.372737	0.000271	2.708073	0.917520	0.021845
 300	1.4950e-01	11.9932	7.591188	0.000542	5.416145	1.835040	0.043690
 301	1.5000e-01	12.0317	7.299920	-0.000722	-7.221527	-2.446720	-0.058254
 302	1.5050e-01	12.0654	7.955274	0.001625	16.248436	5.505119	0.131071
 303	1.5100e-01	12.0991	7.627597	-0.000812	-8.124218	-2.752560	-0.065535
 304	1.5150e-01	12.1745	7.882457	0.000632	6.318836	2.140880	0.050972
 305	1.5200e-01	12.2130	7.736823	-0.000361	-3.610764	-1.223360	-0.029127
 306	1.5250e-01	12.2130	8.137317	-0.000993	-9.929600	-3.364240	0.080099
 307	1.5300e-01	12.2676	7.846048	-0.000722	-7.221527	-2.446720	-0.058254
 308	1.5350e-01	12.2980	8.137317	0.000722	7.221527	2.446720	0.058254
 309	1.5400e-01	12.3590	8.064500	-0.000181	-1.805382	-0.611680	-0.014563
 310	1.5450e-01	12.3751	8.319360	0.000632	6.318836	2.140880	0.050972
 311	1.5500e-01	12.4136	8.501403	0.000451	4.513455	1.529200	0.036409
 312	1.5550e-01	12.4585	8.501403	0.000000	0.000000	0.000000	0.000000
 313	1.5600e-01	12.4954	8.756263	0.000632	6.318836	2.140880	0.050972
 314	1.5650e-01	12.5339	8.574220	-0.000451	-4.513455	-1.529200	-0.036409
 315	1.5700e-01	12.5756	8.647037	0.000181	1.805382	0.611680	0.014563
 316	1.5750e-01	12.6349	8.938306	0.000722	7.221527	2.446720	0.058254
 317	1.5800e-01	12.6542	8.610628	-0.000812	-8.124218	-2.752560	-0.065535
 318	1.5850e-01	12.7055	9.265983	0.001625	16.248436	5.505119	0.131071
 319	1.5900e-01	12.7248	8.647037	-0.001535	-15.345745	-5.199279	-0.123789
 320	1.5950e-01	12.8066	9.229574	0.001444	14.443054	4.893439	0.116507
 321	1.6000e-01	12.8178	9.229574	0.000000	0.000000	0.000000	0.000000
 322	1.6050e-01	12.8676	9.302391	0.000181	1.805382	0.611680	0.014563
 323	1.6100e-01	12.9125	9.047531	-0.000632	-6.318836	-2.140880	-0.050972
 324	1.6150e-01	12.9237	9.411617	0.000903	9.026909	3.058400	0.072817
 325	1.6200e-01	12.9734	9.630069	0.000542	5.416145	1.835040	0.043690
 326	1.6250e-01	13.0055	9.302391	-0.000812	-8.124218	-2.752560	-0.065535
 327	1.6300e-01	13.0697	9.557251	0.000632	6.318836	2.140880	0.050972
 328	1.6350e-01	13.0937	9.775703	0.000542	5.416145	1.835040	0.043690
 329	1.6400e-01	13.1290	10.139789	0.000903	9.026909	3.058400	0.072817
 330	1.6450e-01	13.1724	10.249014	0.000271	2.708073	0.917520	0.021845
 331	1.6500e-01	13.1916	9.921337	-0.000812	-8.124218	-2.752560	-0.065535
 332	1.6550e-01	13.2574	10.066972	0.000361	3.610764	1.223360	0.029127
 333	1.6600e-01	13.2927	10.431057	0.000903	9.026909	3.058400	0.072817
 334	1.6650e-01	13.3264	9.812111	-0.001535	-15.345745	-5.199279	-0.123789
 335	1.6700e-01	13.3793	10.249014	0.001083	10.832291	3.670079	0.087381
 336	1.6750e-01	13.4146	10.212606	-0.000090	-0.902691	-0.305840	-0.007282
 337	1.6800e-01	13.4627	10.467466	0.000632	6.318836	2.140880	0.050972
 338	1.6850e-01	13.5044	10.831552	0.000903	9.026909	3.058400	0.072817
 339	1.6900e-01	13.5349	10.285423	-0.001354	-13.540364	-4.587599	-0.109226
 340	1.6950e-01	13.5782	10.649509	0.000903	9.026909	3.058400	0.072817
 341	1.7000e-01	13.6231	10.904369	0.000632	6.318836	2.140880	0.050972
 342	1.7050e-01	13.6472	10.831552	-0.000181	-1.805382	-0.611680	-0.014563
 343	1.7100e-01	13.6921	10.904369	0.000181	1.805382	0.611680	0.014563
 344	1.7150e-01	13.7146	10.904369	0.000000	0.000000	0.000000	0.000000
 345	1.7200e-01	13.7659	11.122820	0.000542	5.416145	1.835040	0.043690
 346	1.7250e-01	13.7948	11.050003	-0.000181	-1.805382	-0.611680	-0.014563
 347	1.7300e-01	13.8445	10.795143	-0.000632	-6.318836	-2.140880	-0.050972
 348	1.7350e-01	13.9103	11.195637	0.000993	9.929600	3.364240	0.080099
 349	1.7400e-01	13.9279	11.668949	0.001173	11.734982	3.975919	0.094662
 350	1.7450e-01	13.9713	11.523315	-0.000361	-3.610764	-1.223360	-0.029127
 351	1.7500e-01	14.0017	11.814583	0.000722	7.221527	2.446720	0.058254
 352	1.7550e-01	14.0579	11.741766	-0.000181	-1.805382	-0.611680	-0.014563
 353	1.7600e-01	14.1012	11.960218	0.000542	5.416145	1.835040	0.043690
 354	1.7650e-01	14.1429	11.705357	-0.000632	-6.318836	-2.140880	-0.050972
 355	1.7700e-01	14.1878	11.923809	0.000542	5.416145	1.835040	0.043690
 356	1.7750e-01	14.2263	11.814583	-0.000271	-2.708073	-0.917520	-0.021845
 357	1.7800e-01	14.2873	12.069443	0.000632	6.318836	2.140880	0.050972
 358	1.7850e-01	14.2985	11.996626	-0.000181	-1.805382	-0.611680	-0.014563
 359	1.7900e-01	14.3258	12.033035	0.000090	0.902691	0.305840	0.007282
 360	1.7950e-01	14.3836	12.724798	0.001715	17.151127	5.810959	0.138353
 361	1.8000e-01	14.4333	11.923809	-0.001986	-19.859200	-6.728479	-0.160198
 362	1.8050e-01	14.4782	12.287895	0.000903	9.026909	3.058400	0.072817
 363	1.8100e-01	14.5247	12.724798	0.001083	10.832291	3.670079	0.087381
 364	1.8150e-01	14.5311	12.215078	-0.001264	-12.637673	-4.281759	-0.101944
 365	1.8200e-01	14.5568	12.870432	0.001625	16.248436	5.505119	0.131071
 366	1.8250e-01	14.6322	12.688389	-0.000451	-4.513455	-1.529200	-0.036409
 367	1.8300e-01	14.6595	13.125292	0.001083	10.832291	3.670079	0.087381
 368	1.8350e-01	14.7285	12.469938	-0.001625	-16.248436	-5.505119	-0.131071
 369	1.8400e-01	14.7413	12.797615	0.000812	8.124218	2.752560	0.065535
 370	1.8450e-01	14.7910	13.452969	0.001625	16.248436	5.505119	0.131071
 371	1.8500e-01	14.8199	13.380152	-0.000181	-1.805382	-0.611680	-0.014563
 372	1.8550e-01	14.8600	12.724798	-0.001625	-16.248436	-5.505119	-0.131071
 373	1.8600e-01	14.9001	13.380152	0.001625	16.248436	5.505119	0.131071
 374	1.8650e-01	14.9450	13.744238	0.000903	9.026909	3.058400	0.072817
 375	1.8700e-01	14.9691	13.416561	-0.000812	-8.124218	-2.752560	-0.065535
 376	1.8750e-01	15.0156	13.598603	0.000451	4.513455	1.529200	0.036409
 377	1.8800e-01	15.0445	13.489378	-0.000271	-2.708073	-0.917520	-0.021845
 378	1.8850e-01	15.1022	13.999098	0.001264	12.637673	4.281759	0.101944
 379	1.8900e-01	15.1616	13.452969	-0.001354	-13.540364	-4.587599	-0.109226
 380	1.8950e-01	15.2001	13.562195	0.000271	2.708073	0.917520	0.021845
 381	1.9000e-01	15.2210	13.926281	0.000903	9.026909	3.058400	0.072817
 382	1.9050e-01	15.2595	13.780646	-0.000361	-3.610764	-1.223360	-0.029127
 383	1.9100e-01	15.3108	14.035506	0.000632	6.318836	2.140880	0.050972
 384	1.9150e-01	15.3300	14.071915	0.000090	0.902691	0.305840	0.007282
 385	1.9200e-01	15.3718	13.962689	-0.000271	-2.708073	-0.917520	-0.021845
 386	1.9250e-01	15.4183	14.181141	0.000542	5.416145	1.835040	0.043690
 387	1.9300e-01	15.4648	14.326775	0.000361	3.610764	1.223360	0.029127
 388	1.9350e-01	15.4648	14.253958	0.000181	1.805382	0.611680	-0.014563
 389	1.9400e-01	15.5370	14.290366	0.000090	0.902691	0.305840	0.007282
 390	1.9450e-01	15.5739	14.654452	0.000903	9.026909	3.058400	0.072817
 391	1.9500e-01	15.6012	14.363184	-0.000722	-7.221527	-2.446720	-0.058254
 392	1.9550e-01	15.6573	14.836495	0.001173	11.734982	3.975919	0.094662
 393	1.9600e-01	15.6846	14.982129	0.000361	3.610764	1.223360	0.029127
 394	1.9650e-01	15.7375	14.800087	-0.000451	-4.513455	-1.529200	-0.036409
 395	1.9700e-01	15.7889	14.727269	-0.000181	-1.805382	-0.611680	-0.014563
 396	1.9750e-01	15.8193	14.836495	0.000271	2.708073	0.917520	0.021845
 397	1.9800e-01	15.8418	14.763678	-0.000181	-1.805382	-0.611680	-0.014563
 398	1.9850e-01	15.9044	15.346215	0.001444	14.443054	4.893439	0.116507
 399	1.9900e-01	15.9509	15.382624	0.000090	0.902691	0.305840	0.007282
 400	1.9950e-01	15.9798	15.200581	-0.000451	-4.513455	-1.529200	-0.036409
 401	2.0000e-01	16.0199	15.564667	0.000903	9.026909	3.058400	0.072817
 402	2.0050e-01	16.0728	15.455441	-0.000271	-2.708073	-0.917520	-0.021845
 403	2.0100e-01	16.0840	15.164172	-0.000722	-7.221527	-2.446720	-0.058254
 404	2.0150e-01	16.1546	15.601075	0.001083	10.832291	3.670079	0.087381
 405	2.0200e-01	16.1803	15.637484	0.000090	0.902691	0.305840	0.007282
 406	2.0250e-01	16.2220	15.673892	0.000090	0.902691	0.305840	0.007282
 407	2.0300e-01	16.2637	15.892344	0.000542	5.416145	1.835040	0.043690
 408	2.0350e-01	16.3102	16.110795	0.000542	5.416145	1.835040	0.043690
 409	2.0400e-01	16.3359	15.855935	-0.000632	-6.318836	-2.140880	-0.050972
 410	2.0450e-01	16.3856	16.110795	0.000632	6.318836	2.140880	0.050972
 411	2.0500e-01	16.4209	16.037978	-0.000181	-1.805382	-0.611680	-0.014563
 412	2.0550e-01	16.4434	16.110795	0.000181	1.805382	0.611680	0.014563
 413	2.0600e-01	16.5124	16.656924	0.001354	13.540364	4.587599	0.109226
 414	2.0650e-01	16.5204	16.402064	-0.000632	-6.318836	-2.140880	-0.050972
 415	2.0700e-01	16.5797	16.365655	-0.000090	-0.902691	-0.305840	-0.007282
 416	2.0750e-01	16.6215	16.547698	0.000451	4.513455	1.529200	0.036409
 417	2.0800e-01	16.6375	16.438472	-0.000271	-2.708073	-0.917520	-0.021845
 418	2.0850e-01	16.7065	16.656924	0.000542	5.416145	1.835040	0.043690
 419	2.0900e-01	16.7289	16.693333	0.000090	0.902691	0.305840	0.007282
 420	2.0950e-01	16.7755	16.875375	0.000451	4.513455	1.529200	0.036409
 421	2.1000e-01	16.8027	16.948193	0.000181	1.805382	0.611680	0.014563
 422	2.1050e-01	16.8493	17.130235	0.000451	4.513455	1.529200	0.036409
 423	2.1100e-01	16.9054	17.166644	0.000090	0.902691	0.305840	0.007282
 424	2.1150e-01	16.9311	17.057418	-0.000271	-2.708073	-0.917520	-0.021845
 425	2.1200e-01	16.9664	16.984601	-0.000181	-1.805382	-0.611680	-0.014563
 426	2.1250e-01	17.0081	17.312278	0.000812	8.124218	2.752560	0.065535
 427	2.1300e-01	17.0690	16.984601	-0.000812	-8.124218	-2.752560	-0.065535
 428	2.1350e-01	17.1172	17.348687	0.000903	9.026909	3.058400	0.072817
 429	2.1400e-01	17.1332	17.093827	-0.000632	-6.318836	-2.140880	-0.050972
 430	2.1450e-01	17.1942	17.785590	0.001715	17.151127	5.810959	0.138353
 431	2.1500e-01	17.2214	17.530730	-0.000632	-6.318836	-2.140880	-0.050972
 432	2.1550e-01	17.2648	17.530730	0.000000	0.000000	0.000000	0.000000
 433	2.1600e-01	17.2936	17.639956	0.000271	2.708073	0.917520	0.021845
 434	2.1650e-01	17.3466	17.931224	0.000722	7.221527	2.446720	0.058254
 435	2.1700e-01	17.3819	17.603547	-0.000812	-8.124218	-2.752560	-0.065535
 436	2.1750e-01	17.4107	17.967633	0.000903	9.026909	3.058400	0.072817
 437	2.1800e-01	17.4573	17.749181	-0.000542	-5.416145	-1.835040	-0.043690
 438	2.1850e-01	17.4974	17.676364	-0.000181	-1.805382	-0.611680	-0.014563
 439	2.1900e-01	17.5647	17.967633	0.000722	7.221527	2.446720	0.058254
 440	2.1950e-01	17.5920	18.331719	0.000903	9.026909	3.058400	0.072817
 441	2.2000e-01	17.6145	18.440944	0.000271	2.708073	0.917520	0.021845
 442	2.2050e-01	17.6835	18.295310	-0.000361	-3.610764	-1.223360	-0.029127
 443	2.2100e-01	17.7204	18.331719	0.000090	0.902691	0.305840	0.007282
 444	2.2150e-01	17.7460	18.295310	-0.000090	-0.902691	-0.305840	-0.007282
 445	2.2200e-01	17.7765	18.550170	0.000632	6.318836	2.140880	0.050972
 446	2.2250e-01	17.8407	18.914256	0.000903	9.026909	3.058400	0.072817
 447	2.2300e-01	17.8647	18.550170	-0.000903	-9.026909	-3.058400	-0.072817
 448	2.2350e-01	17.9177	18.695804	0.000361	3.610764	1.223360	0.029127
 449	2.2400e-01	17.9337	18.440944	-0.000632	-6.318836	-2.140880	-0.050972
 450	2.2450e-01	17.9834	18.841439	0.000993	9.929600	3.364240	0.080099
 451	2.2500e-01	18.0284	18.950664	0.000271	2.708073	0.917520	0.021845
 452	2.2550e-01	18.0685	18.987073	0.000090	0.902691	0.305840	0.007282
 453	2.2600e-01	18.0733	18.877847	-0.000271	-2.708073	-0.917520	-0.021845
 454	2.2650e-01	18.1166	19.205524	0.000812	8.124218	2.752560	0.065535
 455	2.2700e-01	18.1904	18.987073	-0.000542	-5.416145	-1.835040	-0.043690
 456	2.2750e-01	18.2193	19.241933	0.000632	6.318836	2.140880	0.050972
 457	2.2800e-01	18.2706	19.569610	0.000812	8.124218	2.752560	0.065535
 458	2.2850e-01	18.3011	19.132707	-0.001083	-10.832291	-3.670079	-0.087381
 459	2.2900e-01	18.3540	19.642427	0.001264	12.637673	4.281759	0.101944
 460	2.2950e-01	18.3765	19.351159	-0.000722	-7.221527	-2.446720	-0.058254
 461	2.3000e-01	18.4262	19.751653	0.000993	9.929600	3.364240	0.080099
 462	2.3050e-01	18.4663	19.278342	-0.001173	-11.734982	-3.975919	-0.094662
 463	2.3100e-01	18.4920	20.261373	0.002437	24.372654	8.257679	0.196606
 464	2.3150e-01	18.5417	19.897287	-0.000903	-9.026909	-3.058400	-0.072817
 465	2.3200e-01	18.5979	19.606019	-0.000722	-7.221527	-2.446720	-0.058254
 466	2.3250e-01	18.6203	20.006513	0.000993	9.929600	3.364240	0.080099
 467	2.3300e-01	18.6588	19.970104	-0.000090	-0.902691	-0.305840	-0.007282
 468	2.3350e-01	18.7054	20.115739	0.000361	3.610764	1.223360	0.029127
 469	2.3400e-01	18.7551	20.224965	0.000271	2.708073	0.917520	0.021845
 470	2.3450e-01	18.8000	20.261373	0.000090	0.902691	0.305840	0.007282
 471	2.3500e-01	18.8000	20.407007	-0.000361	-3.610764	-1.223360	0.029127
 472	2.3550e-01	18.8706	20.479825	0.000181	1.805382	0.611680	0.014563
 473	2.3600e-01	18.8898	20.188556	-0.000722	-7.221527	-2.446720	-0.058254
 474	2.3650e-01	18.9572	20.443416	0.000632	6.318836	2.140880	0.050972
 475	2.3700e-01	18.9781	20.916727	0.001173	11.734982	3.975919	0.094662
 476	2.3750e-01	19.0102	20.516233	-0.000993	-9.929600	-3.364240	-0.080099
 477	2.3800e-01	19.0663	20.880319	0.000903	9.026909	3.058400	0.072817
 478	2.3850e-01	19.1032	20.698276	-0.000451	-4.513455	-1.529200	-0.036409
 479	2.3900e-01	19.1577	20.989545	0.000722	7.221527	2.446720	0.058254
 480	2.3950e-01	19.1674	20.698276	-0.000722	-7.221527	-2.446720	-0.058254
 481	2.4000e-01	19.2315	21.025953	0.000812	8.124218	2.752560	0.065535
 482	2.4050e-01	19.2588	20.916727	-0.000271	-2.708073	-0.917520	-0.021845
 483	2.4100e-01	19.3053	21.171588	0.000632	6.318836	2.140880	0.050972
 484	2.4150e-01	19.3454	21.353630	0.000451	4.513455	1.529200	0.036409
 485	2.4200e-01	19.3615	20.953136	-0.000993	-9.929600	-3.364240	-0.080099
 486	2.4250e-01	19.3952	21.462856	0.001264	12.637673	4.281759	0.101944
 487	2.4300e-01	19.4706	21.098770	-0.000903	-9.026909	-3.058400	-0.072817
 488	2.4350e-01	19.5011	21.790533	0.001715	17.151127	5.810959	0.138353
 489	2.4400e-01	19.5428	21.535673	-0.000632	-6.318836	-2.140880	-0.050972
 490	2.4450e-01	19.5781	21.608490	0.000181	1.805382	0.611680	0.014563
 491	2.4500e-01	19.6326	21.535673	-0.000181	-1.805382	-0.611680	-0.014563
 492	2.4550e-01	19.6567	21.644899	0.000271	2.708073	0.917520	0.021845
 493	2.4600e-01	19.6855	21.535673	-0.000271	-2.708073	-0.917520	-0.021845
 494	2.4650e-01	19.7369	21.826942	0.000722	7.221527	2.446720	0.058254
 495	2.4700e-01	19.7898	22.300253	0.001173	11.734982	3.975919	0.094662
 496	2.4750e-01	19.8203	21.936168	-0.000903	-9.026909	-3.058400	-0.072817
 497	2.4800e-01	19.8604	22.045393	0.000271	2.708073	0.917520	0.021845
 498	2.4850e-01	19.9182	22.154619	0.000271	2.708073	0.917520	0.021845
 499	2.4900e-01	19.9230	22.008985	-0.000361	-3.610764	-1.223360	-0.029127
 500	2.4950e-01	19.9887	22.191028	0.000451	4.513455	1.529200	0.036409
 501	2.5000e-01	20.0144	22.336662	0.000361	3.610764	1.223360	0.029127
 502	2.5050e-01	19.9807	22.045393	0.000722	7.221527	2.446720	-0.058254
 503	2.5100e-01	19.9182	22.154619	-0.000271	-2.708073	-0.917520	0.021845
 504	2.5150e-01	19.9101	22.081802	0.000181	1.805382	0.611680	-0.014563
 505	2.5200e-01	19.8476	22.008985	0.000181	1.805382	0.611680	-0.014563
 506	2.5250e-01	19.8235	22.008985	-0.000000	-0.000000	-0.000000	0.000000
 507	2.5300e-01	19.7577	22.045393	-0.000090	-0.902691	-0.305840	0.007282
 508	2.5350e-01	19.7208	21.499265	0.001354	13.540364	4.587599	-0.109226
 509	2.5400e-01	19.6887	21.499265	-0.000000	-0.000000	-0.000000	0.000000
 510	2.5450e-01	19.6615	21.462856	0.000090	0.902691	0.305840	-0.007282
 511	2.5500e-01	19.6085	21.754125	-0.000722	-7.221527	-2.446720	0.058254
 512	2.5550e-01	19.5700	21.826942	-0.000181	-1.805382	-0.611680	0.014563
 513	2.5600e-01	19.5187	21.572082	0.000632	6.318836	2.140880	-0.050972
 514	2.5650e-01	19.5107	21.535673	0.000090	0.902691	0.305840	-0.007282
 515	2.5700e-01	19.4497	21.462856	0.000181	1.805382	0.611680	-0.014563
 516	2.5750e-01	19.4064	21.098770	0.000903	9.026909	3.058400	-0.072817
 517	2.5800e-01	19.4032	21.462856	-0.000903	-9.026909	-3.058400	0.072817
 518	2.5850e-01	19.3567	21.171588	0.000722	7.221527	2.446720	-0.058254
 519	2.5900e-01	19.3230	21.317222	-0.000361	-3.610764	-1.223360	0.029127
 520	2.5950e-01	19.2476	20.916727	0.000993	9.929600	3.364240	-0.080099
 521	2.6000e-01	19.2155	21.025953	-0.000271	-2.708073	-0.917520	0.021845
 522	2.6050e-01	19.1882	21.207996	-0.000451	-4.513455	-1.529200	0.036409
 523	2.6100e-01	19.1321	20.880319	0.000812	8.124218	2.752560	-0.065535
 524	2.6150e-01	19.0936	21.171588	-0.000722	-7.221527	-2.446720	0.058254
 525	2.6200e-01	19.0711	20.661867	0.001264	12.637673	4.281759	-0.101944
 526	2.6250e-01	19.0150	20.880319	-0.000542	-5.416145	-1.835040	0.043690
 527	2.6300e-01	18.9620	20.661867	0.000542	5.416145	1.835040	-0.043690
 528	2.6350e-01	18.9187	20.880319	-0.000542	-5.416145	-1.835040	0.043690
 529	2.6400e-01	18.8722	20.807502	0.000181	1.805382	0.611680	-0.014563
 530	2.6450e-01	18.8674	20.261373	0.001354	13.540364	4.587599	-0.109226
 531	2.6500e-01	18.7904	20.297782	-0.000090	-0.902691	-0.305840	0.007282
 532	2.6550e-01	18.7775	20.224965	0.000181	1.805382	0.611680	-0.014563
 533	2.6600e-01	18.7246	20.224965	-0.000000	-0.000000	-0.000000	0.000000
 534	2.6650e-01	18.6925	20.734685	-0.001264	-12.637673	-4.281759	0.101944
 535	2.6700e-01	18.6348	20.079330	0.001625	16.248436	5.505119	-0.131071
 536	2.6750e-01	18.6059	20.261373	-0.000451	-4.513455	-1.529200	0.036409
 537	2.6800e-01	18.5754	20.079330	0.000451	4.513455	1.529200	-0.036409
 538	2.6850e-01	18.5530	20.224965	-0.000361	-3.610764	-1.223360	0.029127
 539	2.6900e-01	18.4856	20.042922	0.000451	4.513455	1.529200	-0.036409
 540	2.6950e-01	18.4471	20.297782	-0.000632	-6.318836	-2.140880	0.050972
 541	2.7000e-01	18.3973	20.152147	0.000361	3.610764	1.223360	-0.029127
 542	2.7050e-01	18.3749	19.970104	0.000451	4.513455	1.529200	-0.036409
 543	2.7100e-01	18.3396	19.678836	0.000722	7.221527	2.446720	-0.058254
 544	2.7150e-01	18.2947	19.496793	0.000451	4.513455	1.529200	-0.036409
 545	2.7200e-01	18.2610	19.460384	0.000090	0.902691	0.305840	-0.007282
 546	2.7250e-01	18.2273	19.642427	-0.000451	-4.513455	-1.529200	0.036409
 547	2.7300e-01	18.1599	19.606019	0.000090	0.902691	0.305840	-0.007282
 548	2.7350e-01	18.1326	19.678836	-0.000181	-1.805382	-0.611680	0.014563
 549	2.7400e-01	18.0990	19.351159	0.000812	8.124218	2.752560	-0.065535
 550	2.7450e-01	18.0476	19.278342	0.000181	1.805382	0.611680	-0.014563
 551	2.7500e-01	18.0155	19.132707	0.000361	3.610764	1.223360	-0.029127
 552	2.7550e-01	17.9931	19.096299	0.000090	0.902691	0.305840	-0.007282
 553	2.7600e-01	17.9353	19.751653	-0.001625	-16.248436	-5.505119	0.131071
 554	2.7650e-01	17.9129	19.023481	0.001805	18.053818	6.116799	-0.145634
 555	2.7700e-01	17.8728	19.169116	-0.000361	-3.610764	-1.223360	0.029127
 556	2.7750e-01	17.8246	19.205524	-0.000090	-0.902691	-0.305840	0.007282
 557	2.7800e-01	17.7877	18.987073	0.000542	5.416145	1.835040	-0.043690
 558	2.7850e-01	17.7573	18.841439	0.000361	3.610764	1.223360	-0.029127
 559	2.7900e-01	17.6899	18.659396	0.000451	4.513455	1.529200	-0.036409
 560	2.7950e-01	17.6482	18.659396	-0.000000	-0.000000	-0.000000	0.000000
 561	2.8000e-01	17.6241	18.477353	0.000451	4.513455	1.529200	-0.036409
 562	2.8050e-01	17.5728	18.295310	0.000451	4.513455	1.529200	-0.036409
 563	2.8100e-01	17.5102	18.586579	-0.000722	-7.221527	-2.446720	0.058254
 564	2.8150e-01	17.4910	18.440944	0.000361	3.610764	1.223360	-0.029127
 565	2.8200e-01	17.4797	18.295310	0.000361	3.610764	1.223360	-0.029127
 566	2.8250e-01	17.4027	18.586579	-0.000722	-7.221527	-2.446720	0.058254
 567	2.8300e-01	17.3658	18.404536	0.000451	4.513455	1.529200	-0.036409
 568	2.8350e-01	17.3289	18.258901	0.000361	3.610764	1.223360	-0.029127
 569	2.8400e-01	17.3129	18.076858	0.000451	4.513455	1.529200	-0.036409
 570	2.8450e-01	17.2455	17.931224	0.000361	3.610764	1.223360	-0.029127
 571	2.8500e-01	17.1733	17.639956	0.000722	7.221527	2.446720	-0.058254
 572	2.8550e-01	17.1894	18.076858	0.001083	10.832291	3.670079	0.087381
 573	2.8600e-01	17.1364	17.858407	0.000542	5.416145	1.835040	-0.043690
 574	2.8650e-01	17.0963	18.040450	-0.000451	-4.513455	-1.529200	0.036409
 575	2.8700e-01	17.0578	17.749181	0.000722	7.221527	2.446720	-0.058254
 576	2.8750e-01	17.0145	17.639956	0.000271	2.708073	0.917520	-0.021845
 577	2.8800e-01	16.9968	17.312278	0.000812	8.124218	2.752560	-0.065535
 578	2.8850e-01	16.9359	17.530730	-0.000542	-5.416145	-1.835040	0.043690
 579	2.8900e-01	16.9166	17.385096	0.000361	3.610764	1.223360	-0.029127
 580	2.8950e-01	16.8493	17.603547	-0.000542	-5.416145	-1.835040	0.043690
 581	2.9000e-01	16.7931	17.603547	-0.000000	-0.000000	-0.000000	0.000000
 582	2.9050e-01	16.7610	17.530730	0.000181	1.805382	0.611680	-0.014563
 583	2.9100e-01	16.7273	17.239461	0.000722	7.221527	2.446720	-0.058254
 584	2.9150e-01	16.6920	17.057418	0.000451	4.513455	1.529200	-0.036409
 585	2.9200e-01	16.6519	17.348687	-0.000722	-7.221527	-2.446720	0.058254
 586	2.9250e-01	16.6022	17.093827	0.000632	6.318836	2.140880	-0.050972
 587	2.9300e-01	16.5621	17.239461	-0.000361	-3.610764	-1.223360	0.029127
 588	2.9350e-01	16.5316	17.093827	0.000361	3.610764	1.223360	-0.029127
 589	2.9400e-01	16.4915	16.802558	0.000722	7.221527	2.446720	-0.058254
 590	2.9450e-01	16.4482	16.693333	0.000271	2.708073	0.917520	-0.021845
 591	2.9500e-01	16.4145	16.693333	-0.000000	-0.000000	-0.000000	0.000000
 592	2.9550e-01	16.3680	16.547698	0.000361	3.610764	1.223360	-0.029127
 593	2.9600e-01	16.3215	16.474881	0.000181	1.805382	0.611680	-0.014563
 594	2.9650e-01	16.2846	16.656924	-0.000451	-4.513455	-1.529200	0.036409
 595	2.9700e-01	16.2573	16.693333	-0.000090	-0.902691	-0.305840	0.007282
 596	2.9750e-01	16.2011	16.365655	0.000812	8.124218	2.752560	-0.065535
 597	2.9800e-01	16.1562	16.183612	0.000451	4.513455	1.529200	-0.036409
 598	2.9850e-01	16.1370	15.965161	0.000542	5.416145	1.835040	-0.043690
 599	2.9900e-01	16.1049	16.474881	-0.001264	-12.637673	-4.281759	0.101944
 600	2.9950e-01	16.0648	16.365655	0.000271	2.708073	0.917520	-0.021845
 601	3.0000e-01	16.0199	16.110795	0.000632	6.318836	2.140880	-0.050972
 602	3.0050e-01	15.9782	16.001570	0.000271	2.708073	0.917520	-0.021845
 603	3.0100e-01	15.9381	16.292838	-0.000722	-7.221527	-2.446720	0.058254
 604	3.0150e-01	15.8915	15.892344	0.000993	9.929600	3.364240	-0.080099
 605	3.0200e-01	15.8418	16.147204	-0.000632	-6.318836	-2.140880	0.050972
 606	3.0250e-01	15.8225	15.928752	0.000542	5.416145	1.835040	-0.043690
 607	3.0300e-01	15.7792	15.746710	0.000451	4.513455	1.529200	-0.036409
 608	3.0350e-01	15.7488	15.819527	-0.000181	-1.805382	-0.611680	0.014563
 609	3.0400e-01	15.6798	15.601075	0.000542	5.416145	1.835040	-0.043690
 610	3.0450e-01	15.6653	15.746710	-0.000361	-3.610764	-1.223360	0.029127
 611	3.0500e-01	15.6188	15.018538	0.001805	18.053818	6.116799	-0.145634
 612	3.0550e-01	15.5611	15.309807	-0.000722	-7.221527	-2.446720	0.058254
 613	3.0600e-01	15.5354	15.236989	0.000181	1.805382	0.611680	-0.014563
 614	3.0650e-01	15.5049	15.200581	0.000090	0.902691	0.305840	-0.007282
 615	3.0700e-01	15.4632	15.455441	-0.000632	-6.318836	-2.140880	0.050972
 616	3.0750e-01	15.4199	15.455441	-0.000000	-0.000000	-0.000000	0.000000
 617	3.0800e-01	15.3605	14.909312	0.001354	13.540364	4.587599	-0.109226
 618	3.0850e-01	15.3445	14.800087	0.000271	2.708073	0.917520	-0.021845
 619	3.0900e-01	15.3028	14.800087	-0.000000	-0.000000	-0.000000	0.000000
 620	3.0950e-01	15.2546	15.054947	-0.000632	-6.318836	-2.140880	0.050972
 621	3.1000e-01	15.2194	14.690861	0.000903	9.026909	3.058400	-0.072817
 622	3.1050e-01	15.1680	14.581635	0.000271	2.708073	0.917520	-0.021845
 623	3.1100e-01	15.1472	14.290366	0.000722	7.221527	2.446720	-0.058254
 624	3.1150e-01	15.0990	14.581635	-0.000722	-7.221527	-2.446720	0.058254
 625	3.1200e-01	15.0766	14.436001	0.000361	3.610764	1.223360	-0.029127
 626	3.1250e-01	15.0172	14.581635	-0.000361	-3.610764	-1.223360	0.029127
 627	3.1300e-01	14.9723	14.727269	-0.000361	-3.610764	-1.223360	0.029127
 628	3.1350e-01	14.9338	14.217549	0.001264	12.637673	4.281759	-0.101944
 629	3.1400e-01	14.8985	14.290366	-0.000181	-1.805382	-0.611680	0.014563
 630	3.1450e-01	14.8472	14.217549	0.000181	1.805382	0.611680	-0.014563
 631	3.1500e-01	14.8199	13.962689	0.000632	6.318836	2.140880	-0.050972
 632	3.1550e-01	14.7557	13.853464	0.000271	2.708073	0.917520	-0.021845
 633	3.1600e-01	14.7301	13.744238	0.000271	2.708073	0.917520	-0.021845
 634	3.1650e-01	14.6771	13.853464	-0.000271	-2.708073	-0.917520	0.021845
 635	3.1700e-01	14.6531	13.962689	-0.000271	-2.708073	-0.917520	0.021845
 636	3.1750e-01	14.5985	13.962689	-0.000000	-0.000000	-0.000000	0.000000
 637	3.1800e-01	14.5648	13.525786	0.001083	10.832291	3.670079	-0.087381
 638	3.1850e-01	14.5392	13.452969	0.000181	1.805382	0.611680	-0.014563
 639	3.1900e-01	14.4958	14.035506	-0.001444	-14.443054	-4.893439	0.116507
 640	3.1950e-01	14.4654	13.635012	0.000993	9.929600	3.364240	-0.080099
 641	3.2000e-01	14.4269	13.416561	0.000542	5.416145	1.835040	-0.043690
 642	3.2050e-01	14.3659	13.343743	0.000181	1.805382	0.611680	-0.014563
 643	3.2100e-01	14.3386	13.198109	0.000361	3.610764	1.223360	-0.029127
 644	3.2150e-01	14.2793	13.198109	-0.000000	-0.000000	-0.000000	0.000000
 645	3.2200e-01	14.2648	13.088883	0.000271	2.708073	0.917520	-0.021845
 646	3.2250e-01	14.2167	12.651980	0.001083	10.832291	3.670079	-0.087381
 647	3.2300e-01	14.1558	13.052475	-0.000993	-9.929600	-3.364240	0.080099
 648	3.2350e-01	14.1317	13.598603	-0.001354	-13.540364	-4.587599	0.109226
 649	3.2400e-01	14.0916	12.688389	0.002257	22.567273	7.645999	-0.182043
 650	3.2450e-01	14.0531	12.178669	0.001264	12.637673	4.281759	-0.101944
 651	3.2500e-01	14.0370	12.506346	-0.000812	-8.124218	-2.752560	0.065535
 652	3.2550e-01	13.9697	12.761206	-0.000632	-6.318836	-2.140880	0.050972
 653	3.2600e-01	13.9488	13.016066	-0.000632	-6.318836	-2.140880	0.050972
 654	3.2650e-01	13.8991	12.215078	0.001986	19.859200	6.728479	-0.160198
 655	3.2700e-01	13.8766	12.579163	-0.000903	-9.026909	-3.058400	0.072817
 656	3.2750e-01	13.8060	12.360712	0.000542	5.416145	1.835040	-0.043690
 657	3.2800e-01	13.7804	11.887400	0.001173	11.734982	3.975919	-0.094662
 658	3.2850e-01	13.7451	12.688389	-0.001986	-19.859200	-6.728479	0.160198
 659	3.2900e-01	13.7098	11.596132	0.002708	27.080727	9.175199	-0.218451
 660	3.2950e-01	13.6520	12.178669	-0.001444	-14.443054	-4.893439	0.116507
 661	3.3000e-01	13.6328	12.251486	-0.000181	-1.805382	-0.611680	0.014563
 662	3.3050e-01	13.5782	12.178669	0.000181	1.805382	0.611680	-0.014563
 663	3.3100e-01	13.5301	12.215078	-0.000090	-0.902691	-0.305840	0.007282
 664	3.3150e-01	13.4868	11.341272	0.002166	21.664582	7.340159	-0.174761
 665	3.3200e-01	13.4563	11.778175	-0.001083	-10.832291	-3.670079	0.087381
 666	3.3250e-01	13.4178	11.705357	0.000181	1.805382	0.611680	-0.014563
 667	3.3300e-01	13.3841	11.559723	0.000361	3.610764	1.223360	-0.029127
 668	3.3350e-01	13.3408	11.559723	-0.000000	-0.000000	-0.000000	0.000000
 669	3.3400e-01	13.2911	11.086412	0.001173	11.734982	3.975919	-0.094662
 670	3.3450e-01	13.2397	11.559723	-0.001173	-11.734982	-3.975919	0.094662
 671	3.3500e-01	13.2125	11.596132	-0.000090	-0.902691	-0.305840	0.007282
 672	3.3550e-01	13.1724	11.414089	0.000451	4.513455	1.529200	-0.036409
 673	3.3600e-01	13.1162	11.122820	0.000722	7.221527	2.446720	-0.058254
 674	3.3650e-01	13.1018	11.013595	0.000271	2.708073	0.917520	-0.021845
 675	3.3700e-01	13.0488	10.831552	0.000451	4.513455	1.529200	-0.036409
 676	3.3750e-01	13.0119	11.013595	-0.000451	-4.513455	-1.529200	0.036409
 677	3.3800e-01	12.9750	10.685917	0.000812	8.124218	2.752560	-0.065535
 678	3.3850e-01	12.9253	10.540283	0.000361	3.610764	1.223360	-0.029127
 679	3.3900e-01	12.9189	10.649509	-0.000271	-2.708073	-0.917520	0.021845
 680	3.3950e-01	12.8563	10.467466	0.000451	4.513455	1.529200	-0.036409
 681	3.4000e-01	12.8098	10.831552	-0.000903	-9.026909	-3.058400	0.072817
 682	3.4050e-01	12.7793	10.321832	0.001264	12.637673	4.281759	-0.101944
 683	3.4100e-01	12.7360	10.613100	-0.000722	-7.221527	-2.446720	0.058254
 684	3.4150e-01	12.6895	10.321832	0.000722	7.221527	2.446720	-0.058254
 685	3.4200e-01	12.6574	10.576692	-0.000632	-6.318836	-2.140880	0.050972
 686	3.4250e-01	12.6125	10.321832	0.000632	6.318836	2.140880	-0.050972
 687	3.4300e-01	12.5852	9.957746	0.000903	9.026909	3.058400	-0.072817
 688	3.4350e-01	12.5499	10.139789	-0.000451	-4.513455	-1.529200	0.036409
 689	3.4400e-01	12.5146	10.066972	0.000181	1.805382	0.611680	-0.014563
 690	3.4450e-01	12.4537	9.775703	0.000722	7.221527	2.446720	-0.058254
 691	3.4500e-01	12.4264	10.285423	-0.001264	-12.637673	-4.281759	0.101944
 692	3.4550e-01	12.3702	9.593660	0.001715	17.151127	5.810959	-0.138353
 693	3.4600e-01	12.3526	9.593660	-0.000000	-0.000000	-0.000000	0.000000
 694	3.4650e-01	12.2916	9.411617	0.000451	4.513455	1.529200	-0.036409
 695	3.4700e-01	12.2531	9.557251	-0.000361	-3.610764	-1.223360	0.029127
 696	3.4750e-01	12.2307	9.666477	-0.000271	-2.708073	-0.917520	0.021845
 697	3.4800e-01	12.1665	9.011123	0.001625	16.248436	5.505119	-0.131071
 698	3.4850e-01	12.1264	9.448026	-0.001083	-10.832291	-3.670079	0.087381
 699	3.4900e-01	12.1023	9.265983	0.000451	4.513455	1.529200	-0.036409
 700	3.4950e-01	12.0590	8.938306	0.000812	8.124218	2.752560	-0.065535
 701	3.5000e-01	12.0029	9.156757	-0.000542	-5.416145	-1.835040	0.043690
 702	3.5050e-01	11.9660	8.829080	0.000812	8.124218	2.752560	-0.065535
 703	3.5100e-01	11.9387	9.229574	-0.000993	-9.929600	-3.364240	0.080099
 704	3.5150e-01	11.8842	9.120349	0.000271	2.708073	0.917520	-0.021845
 705	3.5200e-01	11.8424	8.938306	0.000451	4.513455	1.529200	-0.036409
 706	3.5250e-01	11.8007	8.792671	0.000361	3.610764	1.223360	-0.029127
 707	3.5300e-01	11.7670	8.756263	0.000090	0.902691	0.305840	-0.007282
 708	3.5350e-01	11.7350	8.355768	0.000993	9.929600	3.364240	-0.080099
 709	3.5400e-01	11.7237	8.392177	-0.000090	-0.902691	-0.305840	0.007282
 710	3.5450e-01	11.6515	8.392177	-0.000000	-0.000000	-0.000000	0.000000
 711	3.5500e-01	11.6339	8.100908	0.000722	7.221527	2.446720	-0.058254
 712	3.5550e-01	11.5697	8.210134	-0.000271	-2.708073	-0.917520	0.021845
 713	3.5600e-01	11.5312	8.282951	-0.000181	-1.805382	-0.611680	0.014563
 714	3.5650e-01	11.4863	8.355768	-0.000181	-1.805382	-0.611680	0.014563
 715	3.5700e-01	11.4751	7.991683	0.000903	9.026909	3.058400	-0.072817
 716	3.5750e-01	11.4029	8.028091	-0.000090	-0.902691	-0.305840	0.007282
 717	3.5800e-01	11.3740	8.100908	-0.000181	-1.805382	-0.611680	0.014563
 718	3.5850e-01	11.3467	8.064500	0.000090	0.902691	0.305840	-0.007282
 719	3.5900e-01	11.2954	7.736823	0.000812	8.124218	2.752560	-0.065535
 720	3.5950e-01	11.2280	7.736823	-0.000000	-0.000000	-0.000000	0.000000
 721	3.6000e-01	11.2120	7.554780	0.000451	4.513455	1.529200	-0.036409
 722	3.6050e-01	11.1671	7.736823	-0.000451	-4.513455	-1.529200	0.036409
 723	3.6100e-01	11.1302	7.664005	0.000181	1.805382	0.611680	-0.014563
 724	3.6150e-01	11.1045	7.336328	0.000812	8.124218	2.752560	-0.065535
 725	3.6200e-01	11.0387	7.117877	0.000542	5.416145	1.835040	-0.043690
 726	3.6250e-01	11.0115	6.899425	0.000542	5.416145	1.835040	-0.043690
 727	3.6300e-01	10.9778	6.972242	-0.000181	-1.805382	-0.611680	0.014563
 728	3.6350e-01	10.9328	6.899425	0.000181	1.805382	0.611680	-0.014563
 729	3.6400e-01	10.9280	7.045060	-0.000361	-3.610764	-1.223360	0.029127
 730	3.6450e-01	10.8607	6.972242	0.000181	1.805382	0.611680	-0.014563
 731	3.6500e-01	10.8173	6.717382	0.000632	6.318836	2.140880	-0.050972
 732	3.6550e-01	10.7628	6.863017	-0.000361	-3.610764	-1.223360	0.029127
 733	3.6600e-01	10.7435	7.045060	-0.000451	-4.513455	-1.529200	0.036409
 734	3.6650e-01	10.7050	6.353297	0.001715	17.151127	5.810959	-0.138353
 735	3.6700e-01	10.6505	6.207662	0.000361	3.610764	1.223360	-0.029127
 736	3.6750e-01	10.5976	6.280480	-0.000181	-1.805382	-0.611680	0.014563
 737	3.6800e-01	10.5767	6.644565	-0.000903	-9.026909	-3.058400	0.072817
 738	3.6850e-01	10.5350	6.134845	0.001264	12.637673	4.281759	-0.101944
 739	3.6900e-01	10.4885	6.280480	-0.000361	-3.610764	-1.223360	0.029127
 740	3.6950e-01	10.4564	6.098437	0.000451	4.513455	1.529200	-0.036409
 741	3.7000e-01	10.4051	5.952802	0.000361	3.610764	1.223360	-0.029127
 742	3.7050e-01	10.3585	5.952802	-0.000000	-0.000000	-0.000000	0.000000
 743	3.7100e-01	10.3297	5.916394	0.000090	0.902691	0.305840	-0.007282
 744	3.7150e-01	10.3056	5.697942	0.000542	5.416145	1.835040	-0.043690
 745	3.7200e-01	10.2575	5.697942	-0.000000	-0.000000	-0.000000	0.000000
 746	3.7250e-01	10.2029	5.770759	-0.000181	-1.805382	-0.611680	0.014563
 747	3.7300e-01	10.1724	5.515899	0.000632	6.318836	2.140880	-0.050972
 748	3.7350e-01	10.1452	5.479491	0.000090	0.902691	0.305840	-0.007282
 749	3.7400e-01	10.1019	5.479491	-0.000000	-0.000000	-0.000000	0.000000
 750	3.7450e-01	10.0585	5.406674	0.000181	1.805382	0.611680	-0.014563
 751	3.7500e-01	10.0345	5.406674	-0.000000	-0.000000	-0.000000	0.000000
 752	3.7550e-01	9.9719	4.896954	0.001264	12.637673	4.281759	-0.101944
 753	3.7600e-01	9.9142	5.188222	-0.000722	-7.221527	-2.446720	0.058254
 754	3.7650e-01	9.8821	5.006179	0.000451	4.513455	1.529200	-0.036409
 755	3.7700e-01	9.8564	4.824136	0.000451	4.513455	1.529200	-0.036409
 756	3.7750e-01	9.8163	4.496459	0.000812	8.124218	2.752560	-0.065535
 757	3.7800e-01	9.7826	4.787728	-0.000722	-7.221527	-2.446720	0.058254
 758	3.7850e-01	9.7313	4.460051	0.000812	8.124218	2.752560	-0.065535
 759	3.7900e-01	9.7040	4.423642	0.000090	0.902691	0.305840	-0.007282
 760	3.7950e-01	9.6607	4.423642	-0.000000	-0.000000	-0.000000	0.000000
 761	3.8000e-01	9.6190	4.241599	0.000451	4.513455	1.529200	-0.036409
 762	3.8050e-01	9.5917	4.496459	-0.000632	-6.318836	-2.140880	0.050972
 763	3.8100e-01	9.5452	4.023148	0.001173	11.734982	3.975919	-0.094662
 764	3.8150e-01	9.4922	4.095965	-0.000181	-1.805382	-0.611680	0.014563
 765	3.8200e-01	9.4537	3.986739	0.000271	2.708073	0.917520	-0.021845
 766	3.8250e-01	9.4088	4.387234	-0.000993	-9.929600	-3.364240	0.080099
 767	3.8300e-01	9.3751	3.913922	0.001173	11.734982	3.975919	-0.094662
 768	3.8350e-01	9.3270	4.059556	-0.000361	-3.610764	-1.223360	0.029127
 769	3.8400e-01	9.2933	3.440611	0.001535	15.345745	5.199279	-0.123789
 770	3.8450e-01	9.2468	3.367793	0.000181	1.805382	0.611680	-0.014563
 771	3.8500e-01	9.2372	3.477019	-0.000271	-2.708073	-0.917520	0.021845
 772	3.8550e-01	9.1955	3.222159	0.000632	6.318836	2.140880	-0.050972
 773	3.8600e-01	9.1233	3.586245	-0.000903	-9.026909	-3.058400	0.072817
 774	3.8650e-01	9.1024	3.367793	0.000542	5.416145	1.835040	-0.043690
 775	3.8700e-01	9.0399	3.440611	-0.000181	-1.805382	-0.611680	0.014563
 776	3.8750e-01	9.0190	3.367793	0.000181	1.805382	0.611680	-0.014563
 777	3.8800e-01	8.9821	2.894482	0.001173	11.734982	3.975919	-0.094662
 778	3.8850e-01	8.9404	2.967299	-0.000181	-1.805382	-0.611680	0.014563
 779	3.8900e-01	8.8987	2.676030	0.000722	7.221527	2.446720	-0.058254
 780	3.8950e-01	8.8522	2.821665	-0.000361	-3.610764	-1.223360	0.029127
 781	3.9000e-01	8.7976	2.821665	-0.000000	-0.000000	-0.000000	0.000000
 782	3.9050e-01	8.7784	2.639622	0.000451	4.513455	1.529200	-0.036409
 783	3.9100e-01	8.7254	2.530396	0.000271	2.708073	0.917520	-0.021845
 784	3.9150e-01	8.6982	2.057085	0.001173	11.734982	3.975919	-0.094662
 785	3.9200e-01	8.6613	2.639622	-0.001444	-14.443054	-4.893439	0.116507
 786	3.9250e-01	8.6436	2.239127	0.000993	9.929600	3.364240	-0.080099
 787	3.9300e-01	8.5810	2.311945	-0.000181	-1.805382	-0.611680	0.014563
 788	3.9350e-01	8.5329	2.057085	0.000632	6.318836	2.140880	-0.050972
 789	3.9400e-01	8.4944	2.239127	-0.000451	-4.513455	-1.529200	0.036409
 790	3.9450e-01	8.4639	2.239127	-0.000000	-0.000000	-0.000000	0.000000
 791	3.9500e-01	8.4014	1.510956	0.001805	18.053818	6.116799	-0.145634
 792	3.9550e-01	8.3645	1.656590	-0.000361	-3.610764	-1.223360	0.029127
 793	3.9600e-01	8.3468	1.620182	0.000090	0.902691	0.305840	-0.007282
 794	3.9650e-01	8.2875	1.692999	-0.000181	-1.805382	-0.611680	0.014563
 795	3.9700e-01	8.2698	1.692999	-0.000000	-0.000000	-0.000000	0.000000
 796	3.9750e-01	8.2008	1.292504	0.000993	9.929600	3.364240	-0.080099
 797	3.9800e-01	8.1671	1.183279	0.000271	2.708073	0.917520	-0.021845
 798	3.9850e-01	8.1206	0.892010	0.000722	7.221527	2.446720	-0.058254
 799	3.9900e-01	8.0869	1.292504	-0.000993	-9.929600	-3.364240	0.080099
 800	3.9950e-01	8.0500	0.964827	0.000812	8.124218	2.752560	-0.065535
 801	4.0000e-01	8.0260	1.183279	-0.000542	-5.416145	-1.835040	0.043690
 802	4.0050e-01	7.9778	0.673559	0.001264	12.637673	4.281759	-0.101944
 803	4.0100e-01	7.9393	0.819193	-0.000361	-3.610764	-1.223360	0.029127
 804	4.0150e-01	7.8864	0.819193	-0.000000	-0.000000	-0.000000	0.000000
 805	4.0200e-01	7.8575	0.855602	-0.000090	-0.902691	-0.305840	0.007282
 806	4.0250e-01	7.8062	0.709967	0.000361	3.610764	1.223360	-0.029127
 807	4.0300e-01	7.7597	0.928419	-0.000542	-5.416145	-1.835040	0.043690
 808	4.0350e-01	7.7356	0.018204	0.002257	22.567273	7.645999	-0.182043
 809	4.0400e-01	7.6891	0.673559	-0.001625	-16.248436	-5.505119	0.131071
 810	4.0450e-01	7.6795	0.309473	0.000903	9.026909	3.058400	-0.072817
 811	4.0500e-01	7.6345	0.309473	-0.000000	-0.000000	-0.000000	0.000000
 812	4.0550e-01	7.5736	-0.054613	0.000903	9.026909	3.058400	-0.072817
 813	4.0600e-01	7.5335	0.163839	-0.000542	-5.416145	-1.835040	0.043690
 814	4.0650e-01	7.4982	0.018204	0.000361	3.610764	1.223360	-0.029127
 815	4.0700e-01	7.4549	-0.600742	0.001535	15.345745	5.199279	-0.123789
 816	4.0750e-01	7.4180	0.018204	-0.001535	-15.345745	-5.199279	0.123789
 817	4.0800e-01	7.3731	-0.491516	0.001264	12.637673	4.281759	-0.101944
 818	4.0850e-01	7.3313	-0.309473	-0.000451	-4.513455	-1.529200	0.036409
 819	4.0900e-01	7.3105	-0.527924	0.000542	5.416145	1.835040	-0.043690
 820	4.0950e-01	7.2431	-0.127430	-0.000993	-9.929600	-3.364240	0.080099
 821	4.1000e-01	7.2303	-0.637150	0.001264	12.637673	4.281759	-0.101944
 822	4.1050e-01	7.1918	-0.746376	0.000271	2.708073	0.917520	-0.021845
 823	4.1100e-01	7.1308	-0.709967	-0.000090	-0.902691	-0.305840	0.007282
 824	4.1150e-01	7.0971	-1.001236	0.000722	7.221527	2.446720	-0.058254
 825	4.1200e-01	7.0602	-1.183279	0.000451	4.513455	1.529200	-0.036409
 826	4.1250e-01	7.0217	-1.292504	0.000271	2.708073	0.917520	-0.021845
 827	4.1300e-01	6.9736	-1.146870	-0.000361	-3.610764	-1.223360	0.029127
 828	4.1350e-01	6.9271	-1.365322	0.000542	5.416145	1.835040	-0.043690
 829	4.1400e-01	6.9126	-1.183279	-0.000451	-4.513455	-1.529200	0.036409
 830	4.1450e-01	6.8517	-1.547365	0.000903	9.026909	3.058400	-0.072817
 831	4.1500e-01	6.8132	-1.474547	-0.000181	-1.805382	-0.611680	0.014563
 832	4.1550e-01	6.7715	-1.474547	-0.000000	-0.000000	-0.000000	0.000000
 833	4.1600e-01	6.7346	-1.802225	0.000812	8.124218	2.752560	-0.065535
 834	4.1650e-01	6.7185	-1.838633	0.000090	0.902691	0.305840	-0.007282
 835	4.1700e-01	6.6640	-1.802225	-0.000090	-0.902691	-0.305840	0.007282
 836	4.1750e-01	6.6094	-2.348353	0.001354	13.540364	4.587599	-0.109226
 837	4.1800e-01	6.5854	-1.620182	-0.001805	-18.053818	-6.116799	0.145634
 838	4.1850e-01	6.5324	-2.311945	0.001715	17.151127	5.810959	-0.138353
 839	4.1900e-01	6.4987	-2.603213	0.000722	7.221527	2.446720	-0.058254
 840	4.1950e-01	6.4763	-2.384762	-0.000542	-5.416145	-1.835040	0.043690
 841	4.2000e-01	6.4057	-2.676030	0.000722	7.221527	2.446720	-0.058254
 842	4.2050e-01	6.3865	-2.530396	-0.000361	-3.610764	-1.223360	0.029127
 843	4.2100e-01	6.3303	-2.712439	0.000451	4.513455	1.529200	-0.036409
 844	4.2150e-01	6.3094	-2.930890	0.000542	5.416145	1.835040	-0.043690
 845	4.2200e-01	6.2549	-2.785256	-0.000361	-3.610764	-1.223360	0.029127
 846	4.2250e-01	6.2100	-3.258568	0.001173	11.734982	3.975919	-0.094662
 847	4.2300e-01	6.1779	-3.076525	-0.000451	-4.513455	-1.529200	0.036409
 848	4.2350e-01	6.1330	-3.331385	0.000632	6.318836	2.140880	-0.050972
 849	4.2400e-01	6.1105	-3.149342	-0.000451	-4.513455	-1.529200	0.036409
 850	4.2450e-01	6.0496	-3.185750	0.000090	0.902691	0.305840	-0.007282
 851	4.2500e-01	6.0287	-3.331385	0.000361	3.610764	1.223360	-0.029127
 852	4.2550e-01	5.9854	-3.513428	0.000451	4.513455	1.529200	-0.036409
 853	4.2600e-01	5.9437	-3.586245	0.000181	1.805382	0.611680	-0.014563
 854	4.2650e-01	5.8891	-3.986739	0.000993	9.929600	3.364240	-0.080099
 855	4.2700e-01	5.8458	-3.549836	-0.001083	-10.832291	-3.670079	0.087381
 856	4.2750e-01	5.8057	-3.659062	0.000271	2.708073	0.917520	-0.021845
 857	4.2800e-01	5.7817	-4.205191	0.001354	13.540364	4.587599	-0.109226
 858	4.2850e-01	5.7544	-3.950331	-0.000632	-6.318836	-2.140880	0.050972
 859	4.2900e-01	5.7111	-4.132373	0.000451	4.513455	1.529200	-0.036409
 860	4.2950e-01	5.6742	-4.387234	0.000632	6.318836	2.140880	-0.050972
 861	4.3000e-01	5.6148	-4.496459	0.000271	2.708073	0.917520	-0.021845
 862	4.3050e-01	5.5763	-4.678502	0.000451	4.513455	1.529200	-0.036409
 863	4.3100e-01	5.5186	-4.423642	-0.000632	-6.318836	-2.140880	0.050972
 864	4.3150e-01	5.5041	-5.115405	0.001715	17.151127	5.810959	-0.138353
 865	4.3200e-01	5.4432	-4.423642	-0.001715	-17.151127	-5.810959	0.138353
 866	4.3250e-01	5.4159	-4.751319	0.000812	8.124218	2.752560	-0.065535
 867	4.3300e-01	5.3790	-4.933362	0.000451	4.513455	1.529200	-0.036409
 868	4.3350e-01	5.3517	-4.933362	-0.000000	-0.000000	-0.000000	0.000000
 869	4.3400e-01	5.3004	-4.933362	-0.000000	-0.000000	-0.000000	0.000000
 870	4.3450e-01	5.2651	-5.333857	0.000993	9.929600	3.364240	-0.080099
 871	4.3500e-01	5.2218	-5.406674	0.000181	1.805382	0.611680	-0.014563
 872	4.3550e-01	5.1704	-5.370265	-0.000090	-0.902691	-0.305840	0.007282
 873	4.3600e-01	5.1351	-5.406674	0.000090	0.902691	0.305840	-0.007282
 874	4.3650e-01	5.1063	-5.588717	0.000451	4.513455	1.529200	-0.036409
 875	4.3700e-01	5.0565	-5.697942	0.000271	2.708073	0.917520	-0.021845
 876	4.3750e-01	5.0068	-5.989211	0.000722	7.221527	2.446720	-0.058254
 877	4.3800e-01	4.9731	-5.625125	-0.000903	-9.026909	-3.058400	0.072817
 878	4.3850e-01	4.9378	-5.807168	0.000451	4.513455	1.529200	-0.036409
 879	4.3900e-01	4.9073	-6.134845	0.000812	8.124218	2.752560	-0.065535
 880	4.3950e-01	4.8993	-6.207662	0.000181	1.805382	0.611680	-0.014563
 881	4.4000e-01	4.8352	-6.498931	0.000722	7.221527	2.446720	-0.058254
 882	4.4050e-01	4.7694	-6.316888	-0.000451	-4.513455	-1.529200	0.036409
 883	4.4100e-01	4.7132	-6.316888	-0.000000	-0.000000	-0.000000	0.000000
 884	4.4150e-01	4.6892	-6.389705	0.000181	1.805382	0.611680	-0.014563
 885	4.4200e-01	4.6763	-7.045060	0.001625	16.248436	5.505119	-0.131071
 886	4.4250e-01	4.6170	-6.644565	-0.000993	-9.929600	-3.364240	0.080099
 887	4.4300e-01	4.5656	-6.753791	0.000271	2.708073	0.917520	-0.021845
 888	4.4350e-01	4.5255	-6.935834	0.000451	4.513455	1.529200	-0.036409
 889	4.4400e-01	4.4919	-7.081468	0.000361	3.610764	1.223360	-0.029127
 890	4.4450e-01	4.4373	-7.045060	-0.000090	-0.902691	-0.305840	0.007282
 891	4.4500e-01	4.4132	-6.753791	-0.000722	-7.221527	-2.446720	0.058254
 892	4.4550e-01	4.3844	-7.372737	0.001535	15.345745	5.199279	-0.123789
 893	4.4600e-01	4.3314	-7.263511	-0.000271	-2.708073	-0.917520	0.021845
 894	4.4650e-01	4.2945	-7.409145	0.000361	3.610764	1.223360	-0.029127
 895	4.4700e-01	4.2448	-7.809640	0.000993	9.929600	3.364240	-0.080099
 896	4.4750e-01	4.2015	-7.372737	-0.001083	-10.832291	-3.670079	0.087381
 897	4.4800e-01	4.1630	-7.846048	0.001173	11.734982	3.975919	-0.094662
 898	4.4850e-01	4.1373	-7.627597	-0.000542	-5.416145	-1.835040	0.043690
 899	4.4900e-01	4.0924	-8.210134	0.001444	14.443054	4.893439	-0.116507
 900	4.4950e-01	4.0651	-8.355768	0.000361	3.610764	1.223360	-0.029127
 901	4.5000e-01	4.0122	-8.210134	-0.000361	-3.610764	-1.223360	0.029127
 902	4.5050e-01	3.9833	-8.392177	0.000451	4.513455	1.529200	-0.036409
 903	4.5100e-01	3.9368	-8.647037	0.000632	6.318836	2.140880	-0.050972
 904	4.5150e-01	3.8951	-8.683446	0.000090	0.902691	0.305840	-0.007282
 905	4.5200e-01	3.8662	-8.719854	0.000090	0.902691	0.305840	-0.007282
 906	4.5250e-01	3.8117	-8.829080	0.000271	2.708073	0.917520	-0.021845
 907	4.5300e-01	3.7635	-8.683446	-0.000361	-3.610764	-1.223360	0.029127
 908	4.5350e-01	3.7347	-8.865488	0.000451	4.513455	1.529200	-0.036409
 909	4.5400e-01	3.6897	-8.974714	0.000271	2.708073	0.917520	-0.021845
 910	4.5450e-01	3.6609	-9.229574	0.000632	6.318836	2.140880	-0.050972
 911	4.5500e-01	3.5967	-9.338800	0.000271	2.708073	0.917520	-0.021845
 912	4.5550e-01	3.5758	-9.047531	-0.000722	-7.221527	-2.446720	0.058254
 913	4.5600e-01	3.5357	-9.520843	0.001173	11.734982	3.975919	-0.094662
 914	4.5650e-01	3.5069	-9.193166	-0.000812	-8.124218	-2.752560	0.065535
 915	4.5700e-01	3.4507	-9.630069	0.001083	10.832291	3.670079	-0.087381
 916	4.5750e-01	3.4058	-9.739294	0.000271	2.708073	0.917520	-0.021845
 917	4.5800e-01	3.3480	-9.593660	-0.000361	-3.610764	-1.223360	0.029127
 918	4.5850e-01	3.3272	-9.702886	0.000271	2.708073	0.917520	-0.021845
 919	4.5900e-01	3.3031	-10.103380	0.000993	9.929600	3.364240	-0.080099
 920	4.5950e-01	3.2438	-10.139789	0.000090	0.902691	0.305840	-0.007282
 921	4.6000e-01	3.2357	-10.249014	0.000271	2.708073	0.917520	-0.021845
 922	4.6050e-01	3.1716	-10.576692	0.000812	8.124218	2.752560	-0.065535
 923	4.6100e-01	3.1347	-10.431057	-0.000361	-3.610764	-1.223360	0.029127
 924	4.6150e-01	3.0978	-10.758734	0.000812	8.124218	2.752560	-0.065535
 925	4.6200e-01	3.0496	-10.503874	-0.000632	-6.318836	-2.140880	0.050972
 926	4.6250e-01	3.0256	-11.050003	0.001354	13.540364	4.587599	-0.109226
 927	4.6300e-01	2.9614	-10.831552	-0.000542	-5.416145	-1.835040	0.043690
 928	4.6350e-01	2.9229	-11.232046	0.000993	9.929600	3.364240	-0.080099
 929	4.6400e-01	2.8555	-10.867960	-0.000903	-9.026909	-3.058400	0.072817
 930	4.6450e-01	2.8603	-11.414089	-0.001354	-13.540364	-4.587599	-0.109226
 931	4.6500e-01	2.8170	-11.414089	-0.000000	-0.000000	-0.000000	0.000000
 932	4.6550e-01	2.7721	-11.668949	0.000632	6.318836	2.140880	-0.050972
 933	4.6600e-01	2.7320	-10.867960	-0.001986	-19.859200	-6.728479	0.160198
 934	4.6650e-01	2.6903	-11.996626	0.002798	27.983418	9.481039	-0.225733
 935	4.6700e-01	2.6309	-11.668949	-0.000812	-8.124218	-2.752560	0.065535
 936	4.6750e-01	2.6261	-11.741766	0.000181	1.805382	0.611680	-0.014563
 937	4.6800e-01	2.5796	-11.996626	0.000632	6.318836	2.140880	-0.050972
 938	4.6850e-01	2.5459	-11.887400	-0.000271	-2.708073	-0.917520	0.021845
 939	4.6900e-01	2.4625	-12.433529	0.001354	13.540364	4.587599	-0.109226
 940	4.6950e-01	2.4497	-12.397120	-0.000090	-0.902691	-0.305840	0.007282
 941	4.7000e-01	2.4192	-12.287895	-0.000271	-2.708073	-0.917520	0.021845
 942	4.7050e-01	2.3775	-12.542755	0.000632	6.318836	2.140880	-0.050972
 943	4.7100e-01	2.3181	-12.724798	0.000451	4.513455	1.529200	-0.036409
 944	4.7150e-01	2.3005	-13.088883	0.000903	9.026909	3.058400	-0.072817
 945	4.7200e-01	2.2700	-12.651980	-0.001083	-10.832291	-3.670079	0.087381
 946	4.7250e-01	2.2122	-13.016066	0.000903	9.026909	3.058400	-0.072817
 947	4.7300e-01	2.1641	-12.834023	-0.000451	-4.513455	-1.529200	0.036409
 948	4.7350e-01	2.1481	-13.088883	0.000632	6.318836	2.140880	-0.050972
 949	4.7400e-01	2.1080	-13.452969	0.000903	9.026909	3.058400	-0.072817
 950	4.7450e-01	2.0663	-13.270926	-0.000451	-4.513455	-1.529200	0.036409
 951	4.7500e-01	2.0197	-13.016066	-0.000632	-6.318836	-2.140880	0.050972
 952	4.7550e-01	1.9812	-13.707829	0.001715	17.151127	5.810959	-0.138353
 953	4.7600e-01	1.9315	-13.380152	-0.000812	-8.124218	-2.752560	0.065535
 954	4.7650e-01	1.8786	-13.853464	0.001173	11.734982	3.975919	-0.094662
 955	4.7700e-01	1.8224	-13.744238	-0.000271	-2.708073	-0.917520	0.021845
 956	4.7750e-01	1.7871	-14.108324	0.000903	9.026909	3.058400	-0.072817
 957	4.7800e-01	1.7679	-14.071915	-0.000090	-0.902691	-0.305840	0.007282
 958	4.7850e-01	1.7422	-14.144732	0.000181	1.805382	0.611680	-0.014563
 959	4.7900e-01	1.6780	-14.436001	0.000722	7.221527	2.446720	-0.058254
 960	4.7950e-01	1.6443	-14.545226	0.000271	2.708073	0.917520	-0.021845
 961	4.8000e-01	1.6411	-14.909312	0.000903	9.026909	3.058400	-0.072817
 962	4.8050e-01	1.5689	-14.545226	-0.000903	-9.026909	-3.058400	0.072817
 963	4.8100e-01	1.5064	-14.836495	0.000722	7.221527	2.446720	-0.058254
 964	4.8150e-01	1.4951	-15.164172	0.000812	8.124218	2.752560	-0.065535
 965	4.8200e-01	1.4486	-15.419032	0.000632	6.318836	2.140880	-0.050972
 966	4.8250e-01	1.4085	-15.200581	-0.000542	-5.416145	-1.835040	0.043690
 967	4.8300e-01	1.3668	-15.419032	0.000542	5.416145	1.835040	-0.043690
 968	4.8350e-01	1.3395	-15.710301	0.000722	7.221527	2.446720	-0.058254
 969	4.8400e-01	1.2866	-15.710301	-0.000000	-0.000000	-0.000000	0.000000
 970	4.8450e-01	1.2561	-15.746710	0.000090	0.902691	0.305840	-0.007282
 971	4.8500e-01	1.2080	-15.673892	-0.000181	-1.805382	-0.611680	0.014563
 972	4.8550e-01	1.1647	-16.074387	0.000993	9.929600	3.364240	-0.080099
 973	4.8600e-01	1.1422	-15.892344	-0.000451	-4.513455	-1.529200	0.036409
 974	4.8650e-01	1.1149	-15.928752	0.000090	0.902691	0.305840	-0.007282
 975	4.8700e-01	1.0588	-16.365655	0.001083	10.832291	3.670079	-0.087381
 976	4.8750e-01	1.0267	-16.074387	-0.000722	-7.221527	-2.446720	0.058254
 977	4.8800e-01	0.9850	-16.402064	0.000812	8.124218	2.752560	-0.065535
 978	4.8850e-01	0.9401	-16.766150	0.000903	9.026909	3.058400	-0.072817
 979	4.8900e-01	0.9112	-16.729741	-0.000090	-0.902691	-0.305840	0.007282
 980	4.8950e-01	0.8567	-16.656924	-0.000181	-1.805382	-0.611680	0.014563
 981	4.9000e-01	0.8262	-17.166644	0.001264	12.637673	4.281759	-0.101944
 982	4.9050e-01	0.7797	-16.948193	-0.000542	-5.416145	-1.835040	0.043690
 983	4.9100e-01	0.7267	-17.130235	0.000451	4.513455	1.529200	-0.036409
 984	4.9150e-01	0.6882	-17.239461	0.000271	2.708073	0.917520	-0.021845
 985	4.9200e-01	0.6208	-17.530730	0.000722	7.221527	2.446720	-0.058254
 986	4.9250e-01	0.6112	-17.567138	0.000090	0.902691	0.305840	-0.007282
 987	4.9300e-01	0.5647	-18.004041	0.001083	10.832291	3.670079	-0.087381
 988	4.9350e-01	0.5535	-17.421504	-0.001444	-14.443054	-4.893439	0.116507
 989	4.9400e-01	0.5037	-17.967633	0.001354	13.540364	4.587599	-0.109226
 990	4.9450e-01	0.4684	-18.076858	0.000271	2.708073	0.917520	-0.021845
 991	4.9500e-01	0.4267	-17.967633	-0.000271	-2.708073	-0.917520	0.021845
 992	4.9550e-01	0.3914	-18.368127	0.000993	9.929600	3.364240	-0.080099
 993	4.9600e-01	0.3321	-18.550170	0.000451	4.513455	1.529200	-0.036409
 994	4.9650e-01	0.2872	-18.368127	-0.000451	-4.513455	-1.529200	0.036409
 995	4.9700e-01	0.2872	-19.023481	0.001625	16.248436	5.505119	-0.131071
 996	4.9750e-01	0.2166	-18.805030	-0.000542	-5.416145	-1.835040	0.043690
 997	4.9800e-01	0.1668	-19.059890	0.000632	6.318836	2.140880	-0.050972
 998	4.9850e-01	0.1155	-19.169116	0.000271	2.708073	0.917520	-0.021845
 999	4.9900e-01	0.0770	-18.950664	-0.000542	-5.416145	-1.835040	0.043690
1000	4.9950e-01	0.0273	-19.278342	0.000812	8.124218	2.752560	-0.065535
1001	5.0000e-01	0.0561	-19.351159	0.000812	8.124218	2.752560	-0.014563

PMax (uC/cm2):	4.47e+01
Pr (uC/cm2):	3.02e+00
-Pr (uC/cm2):	0.00e+00
PLoss (uC/cm2):	0.00e+00
C (Max-Eff) (nF):	2.23e-01
K (Eff):	7.57e+02
Vert. (+/-Pr) Shift (uC/cm2):	1.51e+00
Offset (uC/cm2):	2.24e+01

A (Loop Area - uC/cm2·Volts):	-5.33e-01



Hysteresis Version: 5.48.1 - Radiant Technologies, Inc., 1999 - 9/12/24

