»»»»»»»»»»»»»»»»»»»»»»»»»»»»»»»»»»»» Hysteresis ««««««««««««««««««««««««««««««««««««
»»»  Executed Version:	5.48.1
»»»  Vision Version:	5.48.4 (R)
»»»  Vision Compiled:	9/18/24
»»»  Driver Version:	5.47.0
»»»  Windows Version:	Windows 8 or 8.1
»»»  Processor Information:	x86 (AMD or Intel) - 32 Processors
»»»  Tester Name:	PMF21124-494 (100V)
»»»  Tester S/N:	PMF21124-494
»»»  Internal Amp Type:	100V RevK 270k
»»»  Internal Amp S/N:	iAB2-596/K     
»»»  Execution Count:	1
»»»»»»»»»»»»»»»»»»»»»»»»»»»»»»»»»»»»»»»»»»««««««««««««««««««««««««««««««««««««««««««

Stored:	10/10/2025 - 14:12:40
Configured:	10/10/25 10:37:25 AM
Executed:	10/10/25 02:12:03 PM

»»»»»»»»»»»»»»»»»»»»»»»»»»»»»»»»»»» Sample Info ««««««««««««««««««««««««««««««««««««
Sample Name:	Int. Ref. Ferroelectric
Lot Name:	N/A
Wafer Name:	N/A
Die Row/Column:	0/0
Capacitor Number:	0
Sample Area (cm2):	1.00e-04
Sample Thickness (microns):	3.00e-01

Amplifier:	Internal

»»»»»»»»»»»»»»»»»»»»»»»»»»»»»»»»»»» Tester Info «««««««««««««««««««««««««««««««««««
Tester Name:	PMF21124-494 (100V)
Tester Serial Number:	PMF21124-494
Return Signal Amp. Level:	0.02 [Index: 2]

»»»»»»»»»»»»»»»»»»»»»»»»»»»»»»»» Hysteresis Info ««««««««««««««««««««««««««««««««««
Task Name:	Hyst-170
Volts:	20.00
Field:	666.67 (kV/cm)
DCBias:	0.00
DCField:	0.00 (kV/cm)
Hysteresis Period (ms):	5.00e-01
Preset:	Enabled
Preset Delay (ms):	1.00e+03
Profile:	Standard Monopolar

»»»»»»»»»»»»»»»»»»»»»»»»»»»»»»»»»»»»»» Data «««««««««««««««««««««««««««««««««««««««
Points:	1001

Valid Data

Point	Time (ms)	Drive Voltage	Measured Polarization (uC/cm2)	Capacitance (uF)	Normalized Capacitance (uF/cm2)	Dielectric Constant	Instantaneous Current (mA)
   1	0.0000e+00	0.0305	-32.986171	0.000448	4.480648	1.518085	0.036409
   2	5.0000e-04	0.0626	-32.804128	0.000448	4.480648	1.518085	0.036409
   3	1.0000e-03	0.1364	-32.804128	0.000000	0.000000	0.000000	0.000000
   4	1.5000e-03	0.1476	-32.476451	0.000807	8.065167	2.732553	0.065535
   5	2.0000e-03	0.2069	-32.658494	-0.000448	-4.480648	-1.518085	-0.036409
   6	2.5000e-03	0.2503	-32.476451	0.000448	4.480648	1.518085	0.036409
   7	3.0000e-03	0.2759	-32.294408	0.000448	4.480648	1.518085	0.036409
   8	3.5000e-03	0.3369	-32.221591	0.000179	1.792259	0.607234	0.014563
   9	4.0000e-03	0.3465	-31.711871	0.001255	12.545815	4.250637	0.101944
  10	4.5000e-03	0.4027	-31.893913	-0.000448	-4.480648	-1.518085	-0.036409
  11	5.0000e-03	0.4588	-31.529828	0.000896	8.961297	3.036170	0.072817
  12	5.5000e-03	0.5021	-31.420602	0.000269	2.688389	0.910851	0.021845
  13	6.0000e-03	0.5246	-30.983699	0.001075	10.753556	3.643403	0.087381
  14	6.5000e-03	0.5551	-31.129333	-0.000358	-3.584519	-1.214468	-0.029127
  15	7.0000e-03	0.6160	-30.838065	0.000717	7.169037	2.428936	0.058254
  16	7.5000e-03	0.6545	-30.473979	0.000896	8.961297	3.036170	0.072817
  17	8.0000e-03	0.6850	-30.401162	0.000179	1.792259	0.607234	0.014563
  18	8.5000e-03	0.7299	-30.328345	0.000179	1.792259	0.607234	0.014563
  19	9.0000e-03	0.7492	-30.182710	0.000358	3.584519	1.214468	0.029127
  20	9.5000e-03	0.7829	-29.964259	0.000538	5.376778	1.821702	0.043690
  21	1.0000e-02	0.8326	-29.563764	0.000986	9.857426	3.339786	0.080099
  22	1.0500e-02	0.8647	-29.454539	0.000269	2.688389	0.910851	0.021845
  23	1.1000e-02	0.9481	-29.090453	0.000896	8.961297	3.036170	0.072817
  24	1.1500e-02	0.9545	-29.272496	-0.000448	-4.480648	-1.518085	-0.036409
  25	1.2000e-02	0.9994	-28.908410	0.000896	8.961297	3.036170	0.072817
  26	1.2500e-02	1.0235	-28.580733	0.000807	8.065167	2.732553	0.065535
  27	1.3000e-02	1.0796	-28.435099	0.000358	3.584519	1.214468	0.029127
  28	1.3500e-02	1.1550	-28.398690	0.000090	0.896130	0.303617	0.007282
  29	1.4000e-02	1.1791	-28.071013	0.000807	8.065167	2.732553	0.065535
  30	1.4500e-02	1.2224	-28.034604	0.000090	0.896130	0.303617	0.007282
  31	1.5000e-02	1.2722	-27.743336	0.000717	7.169037	2.428936	0.058254
  32	1.5500e-02	1.2946	-27.415658	0.000807	8.065167	2.732553	0.065535
  33	1.6000e-02	1.3139	-27.670518	-0.000627	-6.272908	-2.125319	-0.050972
  34	1.6500e-02	1.3828	-27.452067	0.000538	5.376778	1.821702	0.043690
  35	1.7000e-02	1.4262	-27.415658	0.000090	0.896130	0.303617	0.007282
  36	1.7500e-02	1.4711	-27.015164	0.000986	9.857426	3.339786	0.080099
  37	1.8000e-02	1.4807	-26.942347	0.000179	1.792259	0.607234	0.014563
  38	1.8500e-02	1.5545	-26.396218	0.001344	13.441945	4.554254	0.109226
  39	1.9000e-02	1.5641	-26.541853	-0.000358	-3.584519	-1.214468	-0.029127
  40	1.9500e-02	1.6090	-26.141358	0.000986	9.857426	3.339786	0.080099
  41	2.0000e-02	1.6283	-26.104950	0.000090	0.896130	0.303617	0.007282
  42	2.0500e-02	1.6764	-25.922907	0.000448	4.480648	1.518085	0.036409
  43	2.1000e-02	1.6989	-25.522412	0.000986	9.857426	3.339786	0.080099
  44	2.1500e-02	1.7502	-25.486004	0.000090	0.896130	0.303617	0.007282
  45	2.2000e-02	1.8112	-25.049101	0.001075	10.753556	3.643403	0.087381
  46	2.2500e-02	1.8465	-25.049101	0.000000	0.000000	0.000000	0.000000
  47	2.3000e-02	1.8818	-25.303961	-0.000627	-6.272908	-2.125319	-0.050972
  48	2.3500e-02	1.9010	-24.794241	0.001255	12.545815	4.250637	0.101944
  49	2.4000e-02	1.9668	-24.903467	-0.000269	-2.688389	-0.910851	-0.021845
  50	2.4500e-02	2.0197	-24.685015	0.000538	5.376778	1.821702	0.043690
  51	2.5000e-02	2.0358	-24.393747	0.000717	7.169037	2.428936	0.058254
  52	2.5500e-02	2.0711	-24.029661	0.000896	8.961297	3.036170	0.072817
  53	2.6000e-02	2.1288	-23.920435	0.000269	2.688389	0.910851	0.021845
  54	2.6500e-02	2.1561	-23.701984	0.000538	5.376778	1.821702	0.043690
  55	2.7000e-02	2.2058	-23.483532	0.000538	5.376778	1.821702	0.043690
  56	2.7500e-02	2.2507	-23.592758	-0.000269	-2.688389	-0.910851	-0.021845
  57	2.8000e-02	2.2892	-23.119446	0.001165	11.649686	3.947020	0.094662
  58	2.8500e-02	2.3293	-23.083038	0.000090	0.896130	0.303617	0.007282
  59	2.9000e-02	2.3598	-22.609726	0.001165	11.649686	3.947020	0.094662
  60	2.9500e-02	2.4015	-22.900995	-0.000717	-7.169037	-2.428936	-0.058254
  61	3.0000e-02	2.4080	-22.536909	0.000896	8.961297	3.036170	0.072817
  62	3.0500e-02	2.4850	-22.646135	-0.000269	-2.688389	-0.910851	-0.021845
  63	3.1000e-02	2.5074	-22.100006	0.001344	13.441945	4.554254	0.109226
  64	3.1500e-02	2.5555	-22.209232	-0.000269	-2.688389	-0.910851	-0.021845
  65	3.2000e-02	2.5940	-21.845146	0.000896	8.961297	3.036170	0.072817
  66	3.2500e-02	2.6245	-21.590286	0.000627	6.272908	2.125319	0.050972
  67	3.3000e-02	2.6951	-21.735920	-0.000358	-3.584519	-1.214468	-0.029127
  68	3.3500e-02	2.7192	-21.663103	0.000179	1.792259	0.607234	0.014563
  69	3.4000e-02	2.7785	-21.408243	0.000627	6.272908	2.125319	0.050972
  70	3.4500e-02	2.7882	-21.080566	0.000807	8.065167	2.732553	0.065535
  71	3.5000e-02	2.8555	-21.153383	-0.000179	-1.792259	-0.607234	-0.014563
  72	3.5500e-02	2.8796	-20.570846	0.001434	14.338075	4.857871	0.116507
  73	3.6000e-02	2.9197	-20.461620	0.000269	2.688389	0.910851	0.021845
  74	3.6500e-02	2.9791	-20.498029	-0.000090	-0.896130	-0.303617	-0.007282
  75	3.7000e-02	3.0127	-20.279577	0.000538	5.376778	1.821702	0.043690
  76	3.7500e-02	3.0368	-20.279577	0.000000	0.000000	0.000000	0.000000
  77	3.8000e-02	3.0705	-19.733449	0.001344	13.441945	4.554254	0.109226
  78	3.8500e-02	3.1299	-19.733449	0.000000	0.000000	0.000000	0.000000
  79	3.9000e-02	3.1812	-19.660632	0.000179	1.792259	0.607234	0.014563
  80	3.9500e-02	3.1700	-19.332954	-0.000807	-8.065167	-2.732553	0.065535
  81	4.0000e-02	3.2309	-19.260137	0.000179	1.792259	0.607234	0.014563
  82	4.0500e-02	3.2694	-19.223729	0.000090	0.896130	0.303617	0.007282
  83	4.1000e-02	3.3256	-18.968869	0.000627	6.272908	2.125319	0.050972
  84	4.1500e-02	3.3705	-18.641191	0.000807	8.065167	2.732553	0.065535
  85	4.2000e-02	3.3946	-18.604783	0.000090	0.896130	0.303617	0.007282
  86	4.2500e-02	3.4491	-18.568374	0.000090	0.896130	0.303617	0.007282
  87	4.3000e-02	3.4635	-18.386331	0.000448	4.480648	1.518085	0.036409
  88	4.3500e-02	3.5165	-18.131471	0.000627	6.272908	2.125319	0.050972
  89	4.4000e-02	3.5405	-17.913020	0.000538	5.376778	1.821702	0.043690
  90	4.4500e-02	3.6079	-17.730977	0.000448	4.480648	1.518085	0.036409
  91	4.5000e-02	3.6673	-17.330483	0.000986	9.857426	3.339786	0.080099
  92	4.5500e-02	3.6849	-17.840203	-0.001255	-12.545815	-4.250637	-0.101944
  93	4.6000e-02	3.7443	-17.148440	0.001703	17.026464	5.768722	0.138353
  94	4.6500e-02	3.7523	-17.257665	-0.000269	-2.688389	-0.910851	-0.021845
  95	4.7000e-02	3.8084	-17.002805	0.000627	6.272908	2.125319	0.050972
  96	4.7500e-02	3.8261	-16.747945	0.000627	6.272908	2.125319	0.050972
  97	4.8000e-02	3.8903	-16.711537	0.000090	0.896130	0.303617	0.007282
  98	4.8500e-02	3.9111	-16.493085	0.000538	5.376778	1.821702	0.043690
  99	4.9000e-02	3.9657	-16.383860	0.000269	2.688389	0.910851	0.021845
 100	4.9500e-02	3.9994	-15.983365	0.000986	9.857426	3.339786	0.080099
 101	5.0000e-02	4.0587	-15.946957	0.000090	0.896130	0.303617	0.007282
 102	5.0500e-02	4.0908	-15.655688	0.000717	7.169037	2.428936	0.058254
 103	5.1000e-02	4.1068	-15.874140	-0.000538	-5.376778	-1.821702	-0.043690
 104	5.1500e-02	4.1678	-15.582871	0.000717	7.169037	2.428936	0.058254
 105	5.2000e-02	4.2127	-15.510054	0.000179	1.792259	0.607234	0.014563
 106	5.2500e-02	4.2689	-15.182377	0.000807	8.065167	2.732553	0.065535
 107	5.3000e-02	4.2897	-15.182377	0.000000	0.000000	0.000000	0.000000
 108	5.3500e-02	4.3090	-14.781882	0.000986	9.857426	3.339786	0.080099
 109	5.4000e-02	4.3635	-14.672657	0.000269	2.688389	0.910851	0.021845
 110	5.4500e-02	4.4357	-14.672657	0.000000	0.000000	0.000000	0.000000
 111	5.5000e-02	4.4325	-14.599839	-0.000179	-1.792259	-0.607234	0.014563
 112	5.5500e-02	4.4822	-14.199345	0.000986	9.857426	3.339786	0.080099
 113	5.6000e-02	4.5207	-14.417796	-0.000538	-5.376778	-1.821702	-0.043690
 114	5.6500e-02	4.5640	-13.944485	0.001165	11.649686	3.947020	0.094662
 115	5.7000e-02	4.5897	-13.653216	0.000717	7.169037	2.428936	0.058254
 116	5.7500e-02	4.6619	-13.835259	-0.000448	-4.480648	-1.518085	-0.036409
 117	5.8000e-02	4.6619	-13.216313	-0.001523	-15.234204	-5.161488	0.123789
 118	5.8500e-02	4.6988	-13.252722	-0.000090	-0.896130	-0.303617	-0.007282
 119	5.9000e-02	4.7598	-13.070679	0.000448	4.480648	1.518085	0.036409
 120	5.9500e-02	4.7999	-13.216313	-0.000358	-3.584519	-1.214468	-0.029127
 121	6.0000e-02	4.8255	-12.706593	0.001255	12.545815	4.250637	0.101944
 122	6.0500e-02	4.8849	-12.852228	-0.000358	-3.584519	-1.214468	-0.029127
 123	6.1000e-02	4.9282	-12.488142	0.000896	8.961297	3.036170	0.072817
 124	6.1500e-02	4.9844	-12.233282	0.000627	6.272908	2.125319	0.050972
 125	6.2000e-02	5.0036	-12.451733	-0.000538	-5.376778	-1.821702	-0.043690
 126	6.2500e-02	5.0646	-11.942013	0.001255	12.545815	4.250637	0.101944
 127	6.3000e-02	5.0790	-11.978422	-0.000090	-0.896130	-0.303617	-0.007282
 128	6.3500e-02	5.1400	-12.087648	-0.000269	-2.688389	-0.910851	-0.021845
 129	6.4000e-02	5.1672	-11.141025	0.002330	23.299371	7.894041	0.189325
 130	6.4500e-02	5.2025	-11.395885	-0.000627	-6.272908	-2.125319	-0.050972
 131	6.5000e-02	5.2474	-11.468702	-0.000179	-1.792259	-0.607234	-0.014563
 132	6.5500e-02	5.2908	-11.068207	0.000986	9.857426	3.339786	0.080099
 133	6.6000e-02	5.2908	-10.922573	-0.000358	-3.584519	-1.214468	0.029127
 134	6.6500e-02	5.3694	-10.740530	0.000448	4.480648	1.518085	0.036409
 135	6.7000e-02	5.4111	-10.740530	0.000000	0.000000	0.000000	0.000000
 136	6.7500e-02	5.4736	-10.740530	0.000000	0.000000	0.000000	0.000000
 137	6.8000e-02	5.5121	-10.522079	0.000538	5.376778	1.821702	0.043690
 138	6.8500e-02	5.5170	-10.303627	0.000538	5.376778	1.821702	0.043690
 139	6.9000e-02	5.5362	-10.121584	0.000448	4.480648	1.518085	0.036409
 140	6.9500e-02	5.5972	-10.267219	-0.000358	-3.584519	-1.214468	-0.029127
 141	7.0000e-02	5.6244	-9.793907	0.001165	11.649686	3.947020	0.094662
 142	7.0500e-02	5.6918	-9.830316	-0.000090	-0.896130	-0.303617	-0.007282
 143	7.1000e-02	5.7223	-9.793907	0.000090	0.896130	0.303617	0.007282
 144	7.1500e-02	5.7672	-9.429821	0.000896	8.961297	3.036170	0.072817
 145	7.2000e-02	5.8121	-9.247779	0.000448	4.480648	1.518085	0.036409
 146	7.2500e-02	5.8346	-9.029327	0.000538	5.376778	1.821702	0.043690
 147	7.3000e-02	5.9164	-9.065736	-0.000090	-0.896130	-0.303617	-0.007282
 148	7.3500e-02	5.9100	-8.920101	-0.000358	-3.584519	-1.214468	0.029127
 149	7.4000e-02	5.9629	-8.628833	0.000717	7.169037	2.428936	0.058254
 150	7.4500e-02	6.0143	-8.556016	0.000179	1.792259	0.607234	0.014563
 151	7.5000e-02	6.0143	-8.337564	-0.000538	-5.376778	-1.821702	0.043690
 152	7.5500e-02	6.0881	-8.301156	0.000090	0.896130	0.303617	0.007282
 153	7.6000e-02	6.1298	-8.301156	0.000000	0.000000	0.000000	0.000000
 154	7.6500e-02	6.1635	-8.046296	0.000627	6.272908	2.125319	0.050972
 155	7.7000e-02	6.2068	-7.536575	0.001255	12.545815	4.250637	0.101944
 156	7.7500e-02	6.2870	-7.755027	-0.000538	-5.376778	-1.821702	-0.043690
 157	7.8000e-02	6.2870	-7.682210	-0.000179	-1.792259	-0.607234	0.014563
 158	7.8500e-02	6.3335	-7.099673	0.001434	14.338075	4.857871	0.116507
 159	7.9000e-02	6.3608	-7.099673	0.000000	0.000000	0.000000	0.000000
 160	7.9500e-02	6.4250	-7.136081	-0.000090	-0.896130	-0.303617	-0.007282
 161	8.0000e-02	6.4522	-6.954038	0.000448	4.480648	1.518085	0.036409
 162	8.0500e-02	6.4747	-6.808404	0.000358	3.584519	1.214468	0.029127
 163	8.1000e-02	6.4843	-6.371501	0.001075	10.753556	3.643403	0.087381
 164	8.1500e-02	6.5581	-6.335092	0.000090	0.896130	0.303617	0.007282
 165	8.2000e-02	6.6143	-6.116641	0.000538	5.376778	1.821702	0.043690
 166	8.2500e-02	6.6528	-6.043824	0.000179	1.792259	0.607234	0.014563
 167	8.3000e-02	6.6897	-6.225867	-0.000448	-4.480648	-1.518085	-0.036409
 168	8.3500e-02	6.7346	-5.825372	0.000986	9.857426	3.339786	0.080099
 169	8.4000e-02	6.7602	-5.679738	0.000358	3.584519	1.214468	0.029127
 170	8.4500e-02	6.8244	-5.388469	0.000717	7.169037	2.428936	0.058254
 171	8.5000e-02	6.8517	-5.570512	-0.000448	-4.480648	-1.518085	-0.036409
 172	8.5500e-02	6.8725	-5.206427	0.000896	8.961297	3.036170	0.072817
 173	8.6000e-02	6.9335	-5.097201	0.000269	2.688389	0.910851	0.021845
 174	8.6500e-02	6.9431	-4.878749	0.000538	5.376778	1.821702	0.043690
 175	8.7000e-02	7.0073	-5.024384	-0.000358	-3.584519	-1.214468	-0.029127
 176	8.7500e-02	7.0634	-4.587481	0.001075	10.753556	3.643403	0.087381
 177	8.8000e-02	7.0811	-4.915158	-0.000807	-8.065167	-2.732553	-0.065535
 178	8.8500e-02	7.1035	-4.478255	0.001075	10.753556	3.643403	0.087381
 179	8.9000e-02	7.1870	-4.259804	0.000538	5.376778	1.821702	0.043690
 180	8.9500e-02	7.1886	-4.369029	-0.000269	-2.688389	-0.910851	-0.021845
 181	9.0000e-02	7.2463	-4.077761	0.000717	7.169037	2.428936	0.058254
 182	9.0500e-02	7.2944	-3.859309	0.000538	5.376778	1.821702	0.043690
 183	9.1000e-02	7.3185	-3.968535	-0.000269	-2.688389	-0.910851	-0.021845
 184	9.1500e-02	7.3763	-3.385998	0.001434	14.338075	4.857871	0.116507
 185	9.2000e-02	7.4051	-3.677266	-0.000717	-7.169037	-2.428936	-0.058254
 186	9.2500e-02	7.4420	-3.094729	0.001434	14.338075	4.857871	0.116507
 187	9.3000e-02	7.4870	-3.640858	-0.001344	-13.441945	-4.554254	-0.109226
 188	9.3500e-02	7.5415	-2.730643	0.002240	22.403242	7.590424	0.182043
 189	9.4000e-02	7.5527	-2.803460	-0.000179	-1.792259	-0.607234	-0.014563
 190	9.4500e-02	7.5880	-2.730643	0.000179	1.792259	0.607234	0.014563
 191	9.5000e-02	7.6265	-2.366558	0.000896	8.961297	3.036170	0.072817
 192	9.5500e-02	7.6795	-2.621418	-0.000627	-6.272908	-2.125319	-0.050972
 193	9.6000e-02	7.7212	-2.475783	0.000358	3.584519	1.214468	0.029127
 194	9.6500e-02	7.7581	-1.966063	0.001255	12.545815	4.250637	0.101944
 195	9.7000e-02	7.8190	-2.075289	-0.000269	-2.688389	-0.910851	-0.021845
 196	9.7500e-02	7.8351	-1.929655	0.000358	3.584519	1.214468	0.029127
 197	9.8000e-02	7.8848	-2.038880	-0.000269	-2.688389	-0.910851	-0.021845
 198	9.8500e-02	7.9073	-1.565569	0.001165	11.649686	3.947020	0.094662
 199	9.9000e-02	7.9714	-1.383526	0.000448	4.480648	1.518085	0.036409
 200	9.9500e-02	7.9939	-1.055849	0.000807	8.065167	2.732553	0.065535
 201	1.0000e-01	8.0452	-1.165074	-0.000269	-2.688389	-0.910851	-0.021845
 202	1.0050e-01	8.0677	-1.055849	0.000269	2.688389	0.910851	0.021845
 203	1.0100e-01	8.1046	-1.055849	0.000000	0.000000	0.000000	0.000000
 204	1.0150e-01	8.1655	-0.873806	0.000448	4.480648	1.518085	0.036409
 205	1.0200e-01	8.2089	-0.436903	0.001075	10.753556	3.643403	0.087381
 206	1.0250e-01	8.2361	-0.655354	-0.000538	-5.376778	-1.821702	-0.043690
 207	1.0300e-01	8.2843	-0.072817	0.001434	14.338075	4.857871	0.116507
 208	1.0350e-01	8.3099	-0.436903	-0.000896	-8.961297	-3.036170	-0.072817
 209	1.0400e-01	8.3564	0.036409	0.001165	11.649686	3.947020	0.094662
 210	1.0450e-01	8.3853	-0.036409	-0.000179	-1.792259	-0.607234	-0.014563
 211	1.0500e-01	8.4559	-0.109226	-0.000179	-1.792259	-0.607234	-0.014563
 212	1.0550e-01	8.4992	0.182043	0.000717	7.169037	2.428936	0.058254
 213	1.0600e-01	8.5313	0.400494	0.000538	5.376778	1.821702	0.043690
 214	1.0650e-01	8.5490	0.473312	0.000179	1.792259	0.607234	0.014563
 215	1.0700e-01	8.6019	0.618946	0.000358	3.584519	1.214468	0.029127
 216	1.0750e-01	8.6099	0.983032	0.000896	8.961297	3.036170	0.072817
 217	1.0800e-01	8.6789	0.728172	-0.000627	-6.272908	-2.125319	-0.050972
 218	1.0850e-01	8.6949	1.565569	0.002061	20.610982	6.983190	0.167479
 219	1.0900e-01	8.7655	1.310709	-0.000627	-6.272908	-2.125319	-0.050972
 220	1.0950e-01	8.8169	1.456343	0.000358	3.584519	1.214468	0.029127
 221	1.1000e-01	8.8393	1.419935	-0.000090	-0.896130	-0.303617	-0.007282
 222	1.1050e-01	8.8618	1.456343	0.000090	0.896130	0.303617	0.007282
 223	1.1100e-01	8.9324	1.784020	0.000807	8.065167	2.732553	0.065535
 224	1.1150e-01	8.9484	1.601977	-0.000448	-4.480648	-1.518085	-0.036409
 225	1.1200e-01	8.9821	1.856837	0.000627	6.272908	2.125319	0.050972
 226	1.1250e-01	9.0399	2.257332	0.000986	9.857426	3.339786	0.080099
 227	1.1300e-01	9.0992	2.767052	0.001255	12.545815	4.250637	0.101944
 228	1.1350e-01	9.1393	2.621418	-0.000358	-3.584519	-1.214468	-0.029127
 229	1.1400e-01	9.1762	2.439375	-0.000448	-4.480648	-1.518085	-0.036409
 230	1.1450e-01	9.2179	2.621418	0.000448	4.480648	1.518085	0.036409
 231	1.1500e-01	9.2404	2.694235	0.000179	1.792259	0.607234	0.014563
 232	1.1550e-01	9.2981	2.985503	0.000717	7.169037	2.428936	0.058254
 233	1.1600e-01	9.3126	3.276772	0.000717	7.169037	2.428936	0.058254
 234	1.1650e-01	9.3447	3.094729	-0.000448	-4.480648	-1.518085	-0.036409
 235	1.1700e-01	9.4024	3.349589	0.000627	6.272908	2.125319	0.050972
 236	1.1750e-01	9.4249	3.713675	0.000896	8.961297	3.036170	0.072817
 237	1.1800e-01	9.5019	3.495223	-0.000538	-5.376778	-1.821702	-0.043690
 238	1.1850e-01	9.5259	3.786492	0.000717	7.169037	2.428936	0.058254
 239	1.1900e-01	9.5324	3.895718	0.000269	2.688389	0.910851	0.021845
 240	1.1950e-01	9.6061	4.150578	0.000627	6.272908	2.125319	0.050972
 241	1.2000e-01	9.6543	4.223395	0.000179	1.792259	0.607234	0.014563
 242	1.2050e-01	9.6944	4.405438	0.000448	4.480648	1.518085	0.036409
 243	1.2100e-01	9.7088	4.259804	-0.000358	-3.584519	-1.214468	-0.029127
 244	1.2150e-01	9.7650	4.733115	0.001165	11.649686	3.947020	0.094662
 245	1.2200e-01	9.8163	4.842341	0.000269	2.688389	0.910851	0.021845
 246	1.2250e-01	9.8307	4.951566	0.000269	2.688389	0.910851	0.021845
 247	1.2300e-01	9.8644	4.769524	-0.000448	-4.480648	-1.518085	-0.036409
 248	1.2350e-01	9.9013	5.242835	0.001165	11.649686	3.947020	0.094662
 249	1.2400e-01	9.9543	5.024384	-0.000538	-5.376778	-1.821702	-0.043690
 250	1.2450e-01	9.9976	5.315652	0.000717	7.169037	2.428936	0.058254
 251	1.2500e-01	10.0265	5.315652	0.000000	0.000000	0.000000	0.000000
 252	1.2550e-01	10.0778	5.570512	0.000627	6.272908	2.125319	0.050972
 253	1.2600e-01	10.1115	5.570512	0.000000	0.000000	0.000000	0.000000
 254	1.2650e-01	10.1644	5.861781	0.000717	7.169037	2.428936	0.058254
 255	1.2700e-01	10.2045	6.007415	0.000358	3.584519	1.214468	0.029127
 256	1.2750e-01	10.2510	5.861781	-0.000358	-3.584519	-1.214468	-0.029127
 257	1.2800e-01	10.2815	6.225867	0.000896	8.961297	3.036170	0.072817
 258	1.2850e-01	10.3120	6.553544	0.000807	8.065167	2.732553	0.065535
 259	1.2900e-01	10.3489	6.444318	-0.000269	-2.688389	-0.910851	-0.021845
 260	1.2950e-01	10.4002	6.444318	0.000000	0.000000	0.000000	0.000000
 261	1.3000e-01	10.4371	6.589952	0.000358	3.584519	1.214468	0.029127
 262	1.3050e-01	10.5061	6.954038	0.000896	8.961297	3.036170	0.072817
 263	1.3100e-01	10.5254	6.771995	-0.000448	-4.480648	-1.518085	-0.036409
 264	1.3150e-01	10.5719	7.136081	0.000896	8.961297	3.036170	0.072817
 265	1.3200e-01	10.5895	7.245307	0.000269	2.688389	0.910851	0.021845
 266	1.3250e-01	10.6441	7.318124	0.000179	1.792259	0.607234	0.014563
 267	1.3300e-01	10.6505	7.572984	0.000627	6.272908	2.125319	0.050972
 268	1.3350e-01	10.7484	7.864253	0.000717	7.169037	2.428936	0.058254
 269	1.3400e-01	10.7612	7.755027	-0.000269	-2.688389	-0.910851	-0.021845
 270	1.3450e-01	10.7997	7.973478	0.000538	5.376778	1.821702	0.043690
 271	1.3500e-01	10.8542	8.410381	0.001075	10.753556	3.643403	0.087381
 272	1.3550e-01	10.8895	8.046296	-0.000896	-8.961297	-3.036170	-0.072817
 273	1.3600e-01	10.9200	8.373973	0.000807	8.065167	2.732553	0.065535
 274	1.3650e-01	10.9569	8.373973	0.000000	0.000000	0.000000	0.000000
 275	1.3700e-01	11.0131	8.337564	-0.000090	-0.896130	-0.303617	-0.007282
 276	1.3750e-01	11.0403	8.701650	0.000896	8.961297	3.036170	0.072817
 277	1.3800e-01	11.0869	8.883693	0.000448	4.480648	1.518085	0.036409
 278	1.3850e-01	11.1478	8.883693	0.000000	0.000000	0.000000	0.000000
 279	1.3900e-01	11.1446	9.138553	-0.000627	-6.272908	-2.125319	0.050972
 280	1.3950e-01	11.2120	9.357004	0.000538	5.376778	1.821702	0.043690
 281	1.4000e-01	11.2296	9.174961	-0.000448	-4.480648	-1.518085	-0.036409
 282	1.4050e-01	11.2729	9.502639	0.000807	8.065167	2.732553	0.065535
 283	1.4100e-01	11.3195	9.502639	0.000000	0.000000	0.000000	0.000000
 284	1.4150e-01	11.3516	9.539047	0.000090	0.896130	0.303617	0.007282
 285	1.4200e-01	11.3820	9.830316	0.000717	7.169037	2.428936	0.058254
 286	1.4250e-01	11.4350	9.611864	-0.000538	-5.376778	-1.821702	-0.043690
 287	1.4300e-01	11.4879	10.194402	0.001434	14.338075	4.857871	0.116507
 288	1.4350e-01	11.5040	10.085176	-0.000269	-2.688389	-0.910851	-0.021845
 289	1.4400e-01	11.5585	10.485670	0.000986	9.857426	3.339786	0.080099
 290	1.4450e-01	11.6098	10.485670	0.000000	0.000000	0.000000	0.000000
 291	1.4500e-01	11.6612	10.485670	0.000000	0.000000	0.000000	0.000000
 292	1.4550e-01	11.6804	10.849756	0.000896	8.961297	3.036170	0.072817
 293	1.4600e-01	11.7318	10.558487	-0.000717	-7.169037	-2.428936	-0.058254
 294	1.4650e-01	11.7350	10.922573	0.000896	8.961297	3.036170	0.072817
 295	1.4700e-01	11.8088	11.068207	0.000358	3.584519	1.214468	0.029127
 296	1.4750e-01	11.8408	10.958982	-0.000269	-2.688389	-0.910851	-0.021845
 297	1.4800e-01	11.8809	11.286659	0.000807	8.065167	2.732553	0.065535
 298	1.4850e-01	11.9515	11.031799	-0.000627	-6.272908	-2.125319	-0.050972
 299	1.4900e-01	11.9660	11.541519	0.001255	12.545815	4.250637	0.101944
 300	1.4950e-01	12.0061	11.614336	0.000179	1.792259	0.607234	0.014563
 301	1.5000e-01	12.0526	11.759970	0.000358	3.584519	1.214468	0.029127
 302	1.5050e-01	12.0895	11.723562	-0.000090	-0.896130	-0.303617	-0.007282
 303	1.5100e-01	12.1136	11.687153	-0.000090	-0.896130	-0.303617	-0.007282
 304	1.5150e-01	12.1505	12.124056	0.001075	10.753556	3.643403	0.087381
 305	1.5200e-01	12.2002	12.233282	0.000269	2.688389	0.910851	0.021845
 306	1.5250e-01	12.2483	12.233282	0.000000	0.000000	0.000000	0.000000
 307	1.5300e-01	12.2900	12.306099	0.000179	1.792259	0.607234	0.014563
 308	1.5350e-01	12.3077	12.488142	0.000448	4.480648	1.518085	0.036409
 309	1.5400e-01	12.3526	12.597368	0.000269	2.688389	0.910851	0.021845
 310	1.5450e-01	12.4184	12.706593	0.000269	2.688389	0.910851	0.021845
 311	1.5500e-01	12.4103	12.961453	-0.000627	-6.272908	-2.125319	0.050972
 312	1.5550e-01	12.4841	12.997862	0.000090	0.896130	0.303617	0.007282
 313	1.5600e-01	12.5307	13.325539	0.000807	8.065167	2.732553	0.065535
 314	1.5650e-01	12.5676	13.325539	0.000000	0.000000	0.000000	0.000000
 315	1.5700e-01	12.6173	13.471173	0.000358	3.584519	1.214468	0.029127
 316	1.5750e-01	12.6654	13.289131	-0.000448	-4.480648	-1.518085	-0.036409
 317	1.5800e-01	12.6959	13.434765	0.000358	3.584519	1.214468	0.029127
 318	1.5850e-01	12.7232	13.762442	0.000807	8.065167	2.732553	0.065535
 319	1.5900e-01	12.7569	13.944485	0.000448	4.480648	1.518085	0.036409
 320	1.5950e-01	12.8162	13.980894	0.000090	0.896130	0.303617	0.007282
 321	1.6000e-01	12.8387	13.835259	-0.000358	-3.584519	-1.214468	-0.029127
 322	1.6050e-01	12.8483	13.980894	0.000358	3.584519	1.214468	0.029127
 323	1.6100e-01	12.9253	14.672657	0.001703	17.026464	5.768722	0.138353
 324	1.6150e-01	12.9253	14.308571	0.000896	8.961297	3.036170	-0.072817
 325	1.6200e-01	12.9863	14.490614	0.000448	4.480648	1.518085	0.036409
 326	1.6250e-01	13.0520	14.599839	0.000269	2.688389	0.910851	0.021845
 327	1.6300e-01	13.1050	14.927517	0.000807	8.065167	2.732553	0.065535
 328	1.6350e-01	13.1114	14.818291	-0.000269	-2.688389	-0.910851	-0.021845
 329	1.6400e-01	13.1467	14.891108	0.000179	1.792259	0.607234	0.014563
 330	1.6450e-01	13.1932	15.437237	0.001344	13.441945	4.554254	0.109226
 331	1.6500e-01	13.2253	15.000334	-0.001075	-10.753556	-3.643403	-0.087381
 332	1.6550e-01	13.2718	14.963925	-0.000090	-0.896130	-0.303617	-0.007282
 333	1.6600e-01	13.3360	15.619280	0.001613	16.130334	5.465105	0.131071
 334	1.6650e-01	13.3745	15.510054	-0.000269	-2.688389	-0.910851	-0.021845
 335	1.6700e-01	13.3905	15.510054	0.000000	0.000000	0.000000	0.000000
 336	1.6750e-01	13.4210	15.874140	0.000896	8.961297	3.036170	0.072817
 337	1.6800e-01	13.4884	15.728505	-0.000358	-3.584519	-1.214468	-0.029127
 338	1.6850e-01	13.5157	16.129000	0.000986	9.857426	3.339786	0.080099
 339	1.6900e-01	13.5397	16.201817	0.000179	1.792259	0.607234	0.014563
 340	1.6950e-01	13.5959	16.420268	0.000538	5.376778	1.821702	0.043690
 341	1.7000e-01	13.6376	16.456677	0.000090	0.896130	0.303617	0.007282
 342	1.7050e-01	13.6633	16.347451	-0.000269	-2.688389	-0.910851	-0.021845
 343	1.7100e-01	13.7194	16.638720	0.000717	7.169037	2.428936	0.058254
 344	1.7150e-01	13.7643	16.675128	0.000090	0.896130	0.303617	0.007282
 345	1.7200e-01	13.8044	17.002805	0.000807	8.065167	2.732553	0.065535
 346	1.7250e-01	13.8686	16.820763	-0.000448	-4.480648	-1.518085	-0.036409
 347	1.7300e-01	13.8750	16.893580	0.000179	1.792259	0.607234	0.014563
 348	1.7350e-01	13.9247	17.366891	0.001165	11.649686	3.947020	0.094662
 349	1.7400e-01	13.9568	17.476117	0.000269	2.688389	0.910851	0.021845
 350	1.7450e-01	14.0001	17.075623	-0.000986	-9.857426	-3.339786	-0.080099
 351	1.7500e-01	14.0402	17.512526	0.001075	10.753556	3.643403	0.087381
 352	1.7550e-01	14.0787	17.548934	0.000090	0.896130	0.303617	0.007282
 353	1.7600e-01	14.1269	17.476117	-0.000179	-1.792259	-0.607234	-0.014563
 354	1.7650e-01	14.1718	17.840203	0.000896	8.961297	3.036170	0.072817
 355	1.7700e-01	14.2055	18.167880	0.000807	8.065167	2.732553	0.065535
 356	1.7750e-01	14.2247	17.985837	-0.000448	-4.480648	-1.518085	-0.036409
 357	1.7800e-01	14.3017	18.313514	0.000807	8.065167	2.732553	0.065535
 358	1.7850e-01	14.3338	18.277106	-0.000090	-0.896130	-0.303617	-0.007282
 359	1.7900e-01	14.3290	18.386331	-0.000269	-2.688389	-0.910851	0.021845
 360	1.7950e-01	14.3916	18.531966	0.000358	3.584519	1.214468	0.029127
 361	1.8000e-01	14.4253	18.604783	0.000179	1.792259	0.607234	0.014563
 362	1.8050e-01	14.4894	18.896051	0.000717	7.169037	2.428936	0.058254
 363	1.8100e-01	14.5135	19.005277	0.000269	2.688389	0.910851	0.021845
 364	1.8150e-01	14.5392	18.786826	-0.000538	-5.376778	-1.821702	-0.043690
 365	1.8200e-01	14.5905	18.896051	0.000269	2.688389	0.910851	0.021845
 366	1.8250e-01	14.6274	19.442180	0.001344	13.441945	4.554254	0.109226
 367	1.8300e-01	14.6787	19.260137	-0.000448	-4.480648	-1.518085	-0.036409
 368	1.8350e-01	14.7285	19.624223	0.000896	8.961297	3.036170	0.072817
 369	1.8400e-01	14.7557	19.587814	-0.000090	-0.896130	-0.303617	-0.007282
 370	1.8450e-01	14.8087	19.769857	0.000448	4.480648	1.518085	0.036409
 371	1.8500e-01	14.8279	19.587814	-0.000448	-4.480648	-1.518085	-0.036409
 372	1.8550e-01	14.8761	20.024717	0.001075	10.753556	3.643403	0.087381
 373	1.8600e-01	14.9258	19.769857	-0.000627	-6.272908	-2.125319	-0.050972
 374	1.8650e-01	14.9835	20.133943	0.000896	8.961297	3.036170	0.072817
 375	1.8700e-01	14.9867	20.206760	0.000179	1.792259	0.607234	0.014563
 376	1.8750e-01	15.0525	20.498029	0.000717	7.169037	2.428936	0.058254
 377	1.8800e-01	15.0621	20.352395	-0.000358	-3.584519	-1.214468	-0.029127
 378	1.8850e-01	15.1359	20.461620	0.000269	2.688389	0.910851	0.021845
 379	1.8900e-01	15.1825	20.570846	0.000269	2.688389	0.910851	0.021845
 380	1.8950e-01	15.2033	20.643663	0.000179	1.792259	0.607234	0.014563
 381	1.9000e-01	15.2145	20.716480	0.000179	1.792259	0.607234	0.014563
 382	1.9050e-01	15.2851	20.752889	0.000090	0.896130	0.303617	0.007282
 383	1.9100e-01	15.3317	20.752889	0.000000	0.000000	0.000000	0.000000
 384	1.9150e-01	15.3493	21.335426	0.001434	14.338075	4.857871	0.116507
 385	1.9200e-01	15.3990	21.517469	0.000448	4.480648	1.518085	0.036409
 386	1.9250e-01	15.4504	21.335426	-0.000448	-4.480648	-1.518085	-0.036409
 387	1.9300e-01	15.4680	21.408243	0.000179	1.792259	0.607234	0.014563
 388	1.9350e-01	15.5290	21.517469	0.000269	2.688389	0.910851	0.021845
 389	1.9400e-01	15.5434	22.063598	0.001344	13.441945	4.554254	0.109226
 390	1.9450e-01	15.6140	21.663103	-0.000986	-9.857426	-3.339786	-0.080099
 391	1.9500e-01	15.6268	22.063598	0.000986	9.857426	3.339786	0.080099
 392	1.9550e-01	15.6557	21.917963	-0.000358	-3.584519	-1.214468	-0.029127
 393	1.9600e-01	15.7231	21.990780	0.000179	1.792259	0.607234	0.014563
 394	1.9650e-01	15.7536	22.172823	0.000448	4.480648	1.518085	0.036409
 395	1.9700e-01	15.8033	22.209232	0.000090	0.896130	0.303617	0.007282
 396	1.9750e-01	15.8370	22.391275	0.000448	4.480648	1.518085	0.036409
 397	1.9800e-01	15.8659	22.282049	-0.000269	-2.688389	-0.910851	-0.021845
 398	1.9850e-01	15.9220	22.646135	0.000896	8.961297	3.036170	0.072817
 399	1.9900e-01	15.9332	22.609726	-0.000090	-0.896130	-0.303617	-0.007282
 400	1.9950e-01	15.9717	23.046629	0.001075	10.753556	3.643403	0.087381
 401	2.0000e-01	16.0311	22.828178	-0.000538	-5.376778	-1.821702	-0.043690
 402	2.0050e-01	16.0616	23.119446	0.000717	7.169037	2.428936	0.058254
 403	2.0100e-01	16.1001	23.010221	-0.000269	-2.688389	-0.910851	-0.021845
 404	2.0150e-01	16.1771	23.337898	0.000807	8.065167	2.732553	0.065535
 405	2.0200e-01	16.1771	23.265081	0.000179	1.792259	0.607234	-0.014563
 406	2.0250e-01	16.2396	23.665575	0.000986	9.857426	3.339786	0.080099
 407	2.0300e-01	16.2942	23.629166	-0.000090	-0.896130	-0.303617	-0.007282
 408	2.0350e-01	16.3327	23.592758	-0.000090	-0.896130	-0.303617	-0.007282
 409	2.0400e-01	16.3696	23.483532	-0.000269	-2.688389	-0.910851	-0.021845
 410	2.0450e-01	16.4033	23.811209	0.000807	8.065167	2.732553	0.065535
 411	2.0500e-01	16.4322	24.175295	0.000896	8.961297	3.036170	0.072817
 412	2.0550e-01	16.5043	24.502972	0.000807	8.065167	2.732553	0.065535
 413	2.0600e-01	16.5060	23.993252	-0.001255	-12.545815	-4.250637	-0.101944
 414	2.0650e-01	16.5669	24.393747	0.000986	9.857426	3.339786	0.080099
 415	2.0700e-01	16.5958	24.648607	0.000627	6.272908	2.125319	0.050972
 416	2.0750e-01	16.6295	24.612198	-0.000090	-0.896130	-0.303617	-0.007282
 417	2.0800e-01	16.6616	24.466564	-0.000358	-3.584519	-1.214468	-0.029127
 418	2.0850e-01	16.7049	24.830649	0.000896	8.961297	3.036170	0.072817
 419	2.0900e-01	16.7498	25.085510	0.000627	6.272908	2.125319	0.050972
 420	2.0950e-01	16.7979	25.158327	0.000179	1.792259	0.607234	0.014563
 421	2.1000e-01	16.8364	25.267552	0.000269	2.688389	0.910851	0.021845
 422	2.1050e-01	16.8797	25.049101	-0.000538	-5.376778	-1.821702	-0.043690
 423	2.1100e-01	16.9279	25.522412	0.001165	11.649686	3.947020	0.094662
 424	2.1150e-01	16.9503	24.903467	-0.001523	-15.234204	-5.161488	-0.123789
 425	2.1200e-01	16.9856	25.740864	0.002061	20.610982	6.983190	0.167479
 426	2.1250e-01	17.0161	25.595230	-0.000358	-3.584519	-1.214468	-0.029127
 427	2.1300e-01	17.0835	25.777272	0.000448	4.480648	1.518085	0.036409
 428	2.1350e-01	17.1332	25.850090	0.000179	1.792259	0.607234	0.014563
 429	2.1400e-01	17.1525	25.813681	-0.000090	-0.896130	-0.303617	-0.007282
 430	2.1450e-01	17.1894	25.995724	0.000448	4.480648	1.518085	0.036409
 431	2.1500e-01	17.2487	26.032133	0.000090	0.896130	0.303617	0.007282
 432	2.1550e-01	17.2471	26.250584	-0.000538	-5.376778	-1.821702	0.043690
 433	2.1600e-01	17.3129	25.850090	-0.000986	-9.857426	-3.339786	-0.080099
 434	2.1650e-01	17.3610	26.432627	0.001434	14.338075	4.857871	0.116507
 435	2.1700e-01	17.3851	26.432627	0.000000	0.000000	0.000000	0.000000
 436	2.1750e-01	17.4380	26.505444	0.000179	1.792259	0.607234	0.014563
 437	2.1800e-01	17.4797	26.869530	0.000896	8.961297	3.036170	0.072817
 438	2.1850e-01	17.5295	26.978756	0.000269	2.688389	0.910851	0.021845
 439	2.1900e-01	17.5535	26.942347	-0.000090	-0.896130	-0.303617	-0.007282
 440	2.1950e-01	17.6129	26.942347	0.000000	0.000000	0.000000	0.000000
 441	2.2000e-01	17.6337	27.124390	0.000448	4.480648	1.518085	0.036409
 442	2.2050e-01	17.6995	27.051573	-0.000179	-1.792259	-0.607234	-0.014563
 443	2.2100e-01	17.7300	27.706927	0.001613	16.130334	5.465105	0.131071
 444	2.2150e-01	17.7460	27.597701	-0.000269	-2.688389	-0.910851	-0.021845
 445	2.2200e-01	17.7845	27.488476	-0.000269	-2.688389	-0.910851	-0.021845
 446	2.2250e-01	17.8423	27.634110	0.000358	3.584519	1.214468	0.029127
 447	2.2300e-01	17.8904	27.706927	0.000179	1.792259	0.607234	0.014563
 448	2.2350e-01	17.9337	27.852561	0.000358	3.584519	1.214468	0.029127
 449	2.2400e-01	17.9594	27.888970	0.000090	0.896130	0.303617	0.007282
 450	2.2450e-01	18.0027	28.034604	0.000358	3.584519	1.214468	0.029127
 451	2.2500e-01	18.0556	28.180239	0.000358	3.584519	1.214468	0.029127
 452	2.2550e-01	18.0669	28.325873	0.000358	3.584519	1.214468	0.029127
 453	2.2600e-01	18.1198	28.507916	0.000448	4.480648	1.518085	0.036409
 454	2.2650e-01	18.1599	28.617141	0.000269	2.688389	0.910851	0.021845
 455	2.2700e-01	18.1840	28.653550	0.000090	0.896130	0.303617	0.007282
 456	2.2750e-01	18.2161	28.471507	-0.000448	-4.480648	-1.518085	-0.036409
 457	2.2800e-01	18.2883	28.580733	0.000269	2.688389	0.910851	0.021845
 458	2.2850e-01	18.3508	28.835593	0.000627	6.272908	2.125319	0.050972
 459	2.2900e-01	18.3588	28.544324	-0.000717	-7.169037	-2.428936	-0.058254
 460	2.2950e-01	18.3893	29.163270	0.001523	15.234204	5.161488	0.123789
 461	2.3000e-01	18.4519	28.689959	-0.001165	-11.649686	-3.947020	-0.094662
 462	2.3050e-01	18.4984	29.054044	0.000896	8.961297	3.036170	0.072817
 463	2.3100e-01	18.5096	29.563764	0.001255	12.545815	4.250637	0.101944
 464	2.3150e-01	18.5433	29.381722	-0.000448	-4.480648	-1.518085	-0.036409
 465	2.3200e-01	18.5995	29.381722	0.000000	0.000000	0.000000	0.000000
 466	2.3250e-01	18.6508	29.527356	0.000358	3.584519	1.214468	0.029127
 467	2.3300e-01	18.6973	29.818625	0.000717	7.169037	2.428936	0.058254
 468	2.3350e-01	18.7086	29.818625	0.000000	0.000000	0.000000	0.000000
 469	2.3400e-01	18.7599	29.563764	-0.000627	-6.272908	-2.125319	-0.050972
 470	2.3450e-01	18.8000	30.000667	0.001075	10.753556	3.643403	0.087381
 471	2.3500e-01	18.8225	30.000667	0.000000	0.000000	0.000000	0.000000
 472	2.3550e-01	18.8690	30.146302	0.000358	3.584519	1.214468	0.029127
 473	2.3600e-01	18.9364	30.182710	0.000090	0.896130	0.303617	0.007282
 474	2.3650e-01	18.9636	30.728839	0.001344	13.441945	4.554254	0.109226
 475	2.3700e-01	18.9845	30.364753	-0.000896	-8.961297	-3.036170	-0.072817
 476	2.3750e-01	19.0166	30.619613	0.000627	6.272908	2.125319	0.050972
 477	2.3800e-01	19.0695	30.583205	-0.000090	-0.896130	-0.303617	-0.007282
 478	2.3850e-01	19.0952	30.801656	0.000538	5.376778	1.821702	0.043690
 479	2.3900e-01	19.1674	30.656022	-0.000358	-3.584519	-1.214468	-0.029127
 480	2.3950e-01	19.2107	30.947290	0.000717	7.169037	2.428936	0.058254
 481	2.4000e-01	19.2380	30.983699	0.000090	0.896130	0.303617	0.007282
 482	2.4050e-01	19.2604	30.765248	-0.000538	-5.376778	-1.821702	-0.043690
 483	2.4100e-01	19.3326	31.420602	0.001613	16.130334	5.465105	0.131071
 484	2.4150e-01	19.3583	31.347785	-0.000179	-1.792259	-0.607234	-0.014563
 485	2.4200e-01	19.4305	31.311376	-0.000090	-0.896130	-0.303617	-0.007282
 486	2.4250e-01	19.4080	31.529828	-0.000538	-5.376778	-1.821702	0.043690
 487	2.4300e-01	19.4577	31.602645	0.000179	1.792259	0.607234	0.014563
 488	2.4350e-01	19.5155	31.566236	-0.000090	-0.896130	-0.303617	-0.007282
 489	2.4400e-01	19.5363	31.857505	0.000717	7.169037	2.428936	0.058254
 490	2.4450e-01	19.5973	31.784688	-0.000179	-1.792259	-0.607234	-0.014563
 491	2.4500e-01	19.6310	32.148773	0.000896	8.961297	3.036170	0.072817
 492	2.4550e-01	19.6791	31.966731	-0.000448	-4.480648	-1.518085	-0.036409
 493	2.4600e-01	19.7240	32.185182	0.000538	5.376778	1.821702	0.043690
 494	2.4650e-01	19.7545	32.403633	0.000538	5.376778	1.821702	0.043690
 495	2.4700e-01	19.8059	32.330816	-0.000179	-1.792259	-0.607234	-0.014563
 496	2.4750e-01	19.8379	32.440042	0.000269	2.688389	0.910851	0.021845
 497	2.4800e-01	19.8780	32.694902	0.000627	6.272908	2.125319	0.050972
 498	2.4850e-01	19.9374	32.694902	0.000000	0.000000	0.000000	0.000000
 499	2.4900e-01	19.9631	32.913354	0.000538	5.376778	1.821702	0.043690
 500	2.4950e-01	20.0128	32.876945	-0.000090	-0.896130	-0.303617	-0.007282
 501	2.5000e-01	20.0433	32.986171	0.000269	2.688389	0.910851	0.021845
 502	2.5050e-01	19.9679	32.840536	0.000358	3.584519	1.214468	-0.029127
 503	2.5100e-01	19.9470	32.986171	-0.000358	-3.584519	-1.214468	0.029127
 504	2.5150e-01	19.9149	32.804128	0.000448	4.480648	1.518085	-0.036409
 505	2.5200e-01	19.8652	32.840536	-0.000090	-0.896130	-0.303617	0.007282
 506	2.5250e-01	19.8460	32.476451	0.000896	8.961297	3.036170	-0.072817
 507	2.5300e-01	19.7738	32.913354	-0.001075	-10.753556	-3.643403	0.087381
 508	2.5350e-01	19.7224	32.367225	0.001344	13.441945	4.554254	-0.109226
 509	2.5400e-01	19.7016	32.330816	0.000090	0.896130	0.303617	-0.007282
 510	2.5450e-01	19.6406	32.294408	0.000090	0.896130	0.303617	-0.007282
 511	2.5500e-01	19.6422	32.185182	-0.000269	-2.688389	-0.910851	-0.021845
 512	2.5550e-01	19.5668	32.294408	-0.000269	-2.688389	-0.910851	0.021845
 513	2.5600e-01	19.5412	32.367225	-0.000179	-1.792259	-0.607234	0.014563
 514	2.5650e-01	19.5123	32.112365	0.000627	6.272908	2.125319	-0.050972
 515	2.5700e-01	19.4577	31.893913	0.000538	5.376778	1.821702	-0.043690
 516	2.5750e-01	19.4257	31.893913	-0.000000	-0.000000	-0.000000	0.000000
 517	2.5800e-01	19.4032	31.711871	0.000448	4.480648	1.518085	-0.036409
 518	2.5850e-01	19.3406	31.566236	0.000358	3.584519	1.214468	-0.029127
 519	2.5900e-01	19.3182	31.711871	-0.000358	-3.584519	-1.214468	0.029127
 520	2.5950e-01	19.2652	31.821096	-0.000269	-2.688389	-0.910851	0.021845
 521	2.6000e-01	19.2011	30.983699	0.002061	20.610982	6.983190	-0.167479
 522	2.6050e-01	19.1786	32.075956	-0.002688	-26.883890	-9.108509	0.218451
 523	2.6100e-01	19.1305	31.202150	0.002151	21.507112	7.286807	-0.174761
 524	2.6150e-01	19.1192	31.202150	-0.000000	-0.000000	-0.000000	0.000000
 525	2.6200e-01	19.0519	31.274968	-0.000179	-1.792259	-0.607234	0.014563
 526	2.6250e-01	19.0214	30.838065	0.001075	10.753556	3.643403	-0.087381
 527	2.6300e-01	18.9636	30.801656	0.000090	0.896130	0.303617	-0.007282
 528	2.6350e-01	18.9636	30.910882	-0.000269	-2.688389	-0.910851	0.021845
 529	2.6400e-01	18.9091	30.583205	0.000807	8.065167	2.732553	-0.065535
 530	2.6450e-01	18.8738	31.129333	-0.001344	-13.441945	-4.554254	0.109226
 531	2.6500e-01	18.8144	30.510387	0.001523	15.234204	5.161488	-0.123789
 532	2.6550e-01	18.7679	30.656022	-0.000358	-3.584519	-1.214468	0.029127
 533	2.6600e-01	18.7358	30.109893	0.001344	13.441945	4.554254	-0.109226
 534	2.6650e-01	18.7005	30.364753	-0.000627	-6.272908	-2.125319	0.050972
 535	2.6700e-01	18.6300	30.364753	-0.000000	-0.000000	-0.000000	0.000000
 536	2.6750e-01	18.6187	30.291936	0.000179	1.792259	0.607234	-0.014563
 537	2.6800e-01	18.5898	30.255527	0.000090	0.896130	0.303617	-0.007282
 538	2.6850e-01	18.5513	29.964259	0.000717	7.169037	2.428936	-0.058254
 539	2.6900e-01	18.5048	29.636582	0.000807	8.065167	2.732553	-0.065535
 540	2.6950e-01	18.4583	29.964259	-0.000807	-8.065167	-2.732553	0.065535
 541	2.7000e-01	18.4102	29.745807	0.000538	5.376778	1.821702	-0.043690
 542	2.7050e-01	18.3781	29.600173	0.000358	3.584519	1.214468	-0.029127
 543	2.7100e-01	18.3235	29.891442	-0.000717	-7.169037	-2.428936	0.058254
 544	2.7150e-01	18.2947	29.308904	0.001434	14.338075	4.857871	-0.116507
 545	2.7200e-01	18.2546	29.272496	0.000090	0.896130	0.303617	-0.007282
 546	2.7250e-01	18.2353	29.272496	-0.000000	-0.000000	-0.000000	0.000000
 547	2.7300e-01	18.1840	29.308904	-0.000090	-0.896130	-0.303617	0.007282
 548	2.7350e-01	18.1439	29.090453	0.000538	5.376778	1.821702	-0.043690
 549	2.7400e-01	18.1054	28.981227	0.000269	2.688389	0.910851	-0.021845
 550	2.7450e-01	18.0428	28.944819	0.000090	0.896130	0.303617	-0.007282
 551	2.7500e-01	18.0348	28.617141	0.000807	8.065167	2.732553	-0.065535
 552	2.7550e-01	17.9818	29.126862	-0.001255	-12.545815	-4.250637	0.101944
 553	2.7600e-01	17.9097	28.617141	0.001255	12.545815	4.250637	-0.101944
 554	2.7650e-01	17.8904	28.726367	-0.000269	-2.688389	-0.910851	0.021845
 555	2.7700e-01	17.8503	28.617141	0.000269	2.688389	0.910851	-0.021845
 556	2.7750e-01	17.8343	28.253056	0.000896	8.961297	3.036170	-0.072817
 557	2.7800e-01	17.7637	28.216647	0.000090	0.896130	0.303617	-0.007282
 558	2.7850e-01	17.7380	28.289464	-0.000179	-1.792259	-0.607234	0.014563
 559	2.7900e-01	17.7123	28.107421	0.000448	4.480648	1.518085	-0.036409
 560	2.7950e-01	17.6626	28.071013	0.000090	0.896130	0.303617	-0.007282
 561	2.8000e-01	17.6241	28.143830	-0.000179	-1.792259	-0.607234	0.014563
 562	2.8050e-01	17.5680	27.597701	0.001344	13.441945	4.554254	-0.109226
 563	2.8100e-01	17.5375	27.998196	-0.000986	-9.857426	-3.339786	0.080099
 564	2.8150e-01	17.5086	27.561293	0.001075	10.753556	3.643403	-0.087381
 565	2.8200e-01	17.4428	27.452067	0.000269	2.688389	0.910851	-0.021845
 566	2.8250e-01	17.4220	27.233616	0.000538	5.376778	1.821702	-0.043690
 567	2.8300e-01	17.3722	27.488476	-0.000627	-6.272908	-2.125319	0.050972
 568	2.8350e-01	17.3257	27.488476	-0.000000	-0.000000	-0.000000	0.000000
 569	2.8400e-01	17.3049	27.233616	0.000627	6.272908	2.125319	-0.050972
 570	2.8450e-01	17.2567	26.978756	0.000627	6.272908	2.125319	-0.050972
 571	2.8500e-01	17.2134	27.087981	-0.000269	-2.688389	-0.910851	0.021845
 572	2.8550e-01	17.1765	26.760304	0.000807	8.065167	2.732553	-0.065535
 573	2.8600e-01	17.1156	26.978756	-0.000538	-5.376778	-1.821702	0.043690
 574	2.8650e-01	17.0979	26.905938	0.000179	1.792259	0.607234	-0.014563
 575	2.8700e-01	17.0434	26.760304	0.000358	3.584519	1.214468	-0.029127
 576	2.8750e-01	16.9985	26.614670	0.000358	3.584519	1.214468	-0.029127
 577	2.8800e-01	16.9776	26.323401	0.000717	7.169037	2.428936	-0.058254
 578	2.8850e-01	16.9471	26.396218	-0.000179	-1.792259	-0.607234	0.014563
 579	2.8900e-01	16.8717	26.541853	-0.000358	-3.584519	-1.214468	0.029127
 580	2.8950e-01	16.8781	26.396218	-0.000358	-3.584519	-1.214468	-0.029127
 581	2.9000e-01	16.8188	25.922907	0.001165	11.649686	3.947020	-0.094662
 582	2.9050e-01	16.7690	25.740864	0.000448	4.480648	1.518085	-0.036409
 583	2.9100e-01	16.7321	26.032133	-0.000717	-7.169037	-2.428936	0.058254
 584	2.9150e-01	16.7097	25.449595	0.001434	14.338075	4.857871	-0.116507
 585	2.9200e-01	16.6439	25.886498	-0.001075	-10.753556	-3.643403	0.087381
 586	2.9250e-01	16.6215	25.522412	0.000896	8.961297	3.036170	-0.072817
 587	2.9300e-01	16.6054	25.449595	0.000179	1.792259	0.607234	-0.014563
 588	2.9350e-01	16.5364	25.558821	-0.000269	-2.688389	-0.910851	0.021845
 589	2.9400e-01	16.5011	25.558821	-0.000000	-0.000000	-0.000000	0.000000
 590	2.9450e-01	16.4514	25.121918	0.001075	10.753556	3.643403	-0.087381
 591	2.9500e-01	16.4081	25.413187	-0.000717	-7.169037	-2.428936	0.058254
 592	2.9550e-01	16.3760	25.085510	0.000807	8.065167	2.732553	-0.065535
 593	2.9600e-01	16.3439	25.121918	-0.000090	-0.896130	-0.303617	0.007282
 594	2.9650e-01	16.2974	24.830649	0.000717	7.169037	2.428936	-0.058254
 595	2.9700e-01	16.2477	24.430155	0.000986	9.857426	3.339786	-0.080099
 596	2.9750e-01	16.2076	24.939875	-0.001255	-12.545815	-4.250637	0.101944
 597	2.9800e-01	16.1803	24.320929	0.001523	15.234204	5.161488	-0.123789
 598	2.9850e-01	16.1450	24.539381	-0.000538	-5.376778	-1.821702	0.043690
 599	2.9900e-01	16.0808	24.575789	-0.000090	-0.896130	-0.303617	0.007282
 600	2.9950e-01	16.0487	24.284521	0.000717	7.169037	2.428936	-0.058254
 601	3.0000e-01	16.0135	24.029661	0.000627	6.272908	2.125319	-0.050972
 602	3.0050e-01	15.9894	24.029661	-0.000000	-0.000000	-0.000000	0.000000
 603	3.0100e-01	15.9445	24.502972	-0.001165	-11.649686	-3.947020	0.094662
 604	3.0150e-01	15.9140	23.556349	0.002330	23.299371	7.894041	-0.189325
 605	3.0200e-01	15.8450	23.847618	-0.000717	-7.169037	-2.428936	0.058254
 606	3.0250e-01	15.7840	23.483532	0.000896	8.961297	3.036170	-0.072817
 607	3.0300e-01	15.7728	23.629166	-0.000358	-3.584519	-1.214468	0.029127
 608	3.0350e-01	15.7343	23.701984	-0.000179	-1.792259	-0.607234	0.014563
 609	3.0400e-01	15.6830	23.374306	0.000807	8.065167	2.732553	-0.065535
 610	3.0450e-01	15.6798	23.374306	-0.000000	-0.000000	-0.000000	0.000000
 611	3.0500e-01	15.6332	23.228672	0.000358	3.584519	1.214468	-0.029127
 612	3.0550e-01	15.5899	23.228672	-0.000000	-0.000000	-0.000000	0.000000
 613	3.0600e-01	15.5161	22.900995	0.000807	8.065167	2.732553	-0.065535
 614	3.0650e-01	15.4969	22.937403	-0.000090	-0.896130	-0.303617	0.007282
 615	3.0700e-01	15.4632	22.791769	0.000358	3.584519	1.214468	-0.029127
 616	3.0750e-01	15.4119	22.573318	0.000538	5.376778	1.821702	-0.043690
 617	3.0800e-01	15.3718	22.573318	-0.000000	-0.000000	-0.000000	0.000000
 618	3.0850e-01	15.3782	22.500501	-0.000179	-1.792259	-0.607234	-0.014563
 619	3.0900e-01	15.2819	22.536909	-0.000090	-0.896130	-0.303617	0.007282
 620	3.0950e-01	15.2595	22.354866	0.000448	4.480648	1.518085	-0.036409
 621	3.1000e-01	15.2194	22.172823	0.000448	4.480648	1.518085	-0.036409
 622	3.1050e-01	15.1841	22.209232	-0.000090	-0.896130	-0.303617	0.007282
 623	3.1100e-01	15.1167	21.990780	0.000538	5.376778	1.821702	-0.043690
 624	3.1150e-01	15.0990	22.172823	-0.000448	-4.480648	-1.518085	0.036409
 625	3.1200e-01	15.0525	22.100006	0.000179	1.792259	0.607234	-0.014563
 626	3.1250e-01	15.0012	21.626695	0.001165	11.649686	3.947020	-0.094662
 627	3.1300e-01	14.9691	21.881555	-0.000627	-6.272908	-2.125319	0.050972
 628	3.1350e-01	14.9595	21.626695	0.000627	6.272908	2.125319	-0.050972
 629	3.1400e-01	14.8761	21.335426	0.000717	7.169037	2.428936	-0.058254
 630	3.1450e-01	14.8664	21.663103	-0.000807	-8.065167	-2.732553	0.065535
 631	3.1500e-01	14.8055	21.408243	0.000627	6.272908	2.125319	-0.050972
 632	3.1550e-01	14.7686	20.971340	0.001075	10.753556	3.643403	-0.087381
 633	3.1600e-01	14.7670	20.825706	0.000358	3.584519	1.214468	-0.029127
 634	3.1650e-01	14.6948	20.862115	-0.000090	-0.896130	-0.303617	0.007282
 635	3.1700e-01	14.6595	20.934932	-0.000179	-1.792259	-0.607234	0.014563
 636	3.1750e-01	14.6210	20.934932	-0.000000	-0.000000	-0.000000	0.000000
 637	3.1800e-01	14.5632	20.680072	0.000627	6.272908	2.125319	-0.050972
 638	3.1850e-01	14.5664	20.570846	-0.000269	-2.688389	-0.910851	-0.021845
 639	3.1900e-01	14.4734	20.498029	0.000179	1.792259	0.607234	-0.014563
 640	3.1950e-01	14.4541	20.279577	0.000538	5.376778	1.821702	-0.043690
 641	3.2000e-01	14.4172	20.388803	-0.000269	-2.688389	-0.910851	0.021845
 642	3.2050e-01	14.3819	20.243169	0.000358	3.584519	1.214468	-0.029127
 643	3.2100e-01	14.3290	20.170352	0.000179	1.792259	0.607234	-0.014563
 644	3.2150e-01	14.3017	19.697040	0.001165	11.649686	3.947020	-0.094662
 645	3.2200e-01	14.2520	19.879083	-0.000448	-4.480648	-1.518085	0.036409
 646	3.2250e-01	14.2151	19.988309	-0.000269	-2.688389	-0.910851	0.021845
 647	3.2300e-01	14.1686	19.514997	0.001165	11.649686	3.947020	-0.094662
 648	3.2350e-01	14.1445	19.733449	-0.000538	-5.376778	-1.821702	0.043690
 649	3.2400e-01	14.0964	19.260137	0.001165	11.649686	3.947020	-0.094662
 650	3.2450e-01	14.0354	19.369363	-0.000269	-2.688389	-0.910851	0.021845
 651	3.2500e-01	14.0178	19.260137	0.000269	2.688389	0.910851	-0.021845
 652	3.2550e-01	13.9632	19.332954	-0.000179	-1.792259	-0.607234	0.014563
 653	3.2600e-01	13.9408	18.859643	0.001165	11.649686	3.947020	-0.094662
 654	3.2650e-01	13.9023	18.859643	-0.000000	-0.000000	-0.000000	0.000000
 655	3.2700e-01	13.8542	18.495557	0.000896	8.961297	3.036170	-0.072817
 656	3.2750e-01	13.8269	18.714009	-0.000538	-5.376778	-1.821702	0.043690
 657	3.2800e-01	13.7820	18.932460	-0.000538	-5.376778	-1.821702	0.043690
 658	3.2850e-01	13.7386	18.495557	0.001075	10.753556	3.643403	-0.087381
 659	3.2900e-01	13.6937	18.422740	0.000179	1.792259	0.607234	-0.014563
 660	3.2950e-01	13.6520	18.531966	-0.000269	-2.688389	-0.910851	0.021845
 661	3.3000e-01	13.6071	18.204288	0.000807	8.065167	2.732553	-0.065535
 662	3.3050e-01	13.5750	18.240697	-0.000090	-0.896130	-0.303617	0.007282
 663	3.3100e-01	13.5654	17.913020	0.000807	8.065167	2.732553	-0.065535
 664	3.3150e-01	13.4900	18.095063	-0.000448	-4.480648	-1.518085	0.036409
 665	3.3200e-01	13.4338	17.840203	0.000627	6.272908	2.125319	-0.050972
 666	3.3250e-01	13.4194	17.694568	0.000358	3.584519	1.214468	-0.029127
 667	3.3300e-01	13.3953	17.694568	-0.000000	-0.000000	-0.000000	0.000000
 668	3.3350e-01	13.3360	17.221257	0.001165	11.649686	3.947020	-0.094662
 669	3.3400e-01	13.2927	17.257665	-0.000090	-0.896130	-0.303617	0.007282
 670	3.3450e-01	13.2365	17.257665	-0.000000	-0.000000	-0.000000	0.000000
 671	3.3500e-01	13.2413	16.929988	-0.000807	-8.065167	-2.732553	-0.065535
 672	3.3550e-01	13.1852	16.857171	0.000179	1.792259	0.607234	-0.014563
 673	3.3600e-01	13.1306	17.221257	-0.000896	-8.961297	-3.036170	0.072817
 674	3.3650e-01	13.0873	16.383860	0.002061	20.610982	6.983190	-0.167479
 675	3.3700e-01	13.0552	16.784354	-0.000986	-9.857426	-3.339786	0.080099
 676	3.3750e-01	12.9927	17.039214	-0.000627	-6.272908	-2.125319	0.050972
 677	3.3800e-01	12.9670	16.311042	0.001792	17.922593	6.072339	-0.145634
 678	3.3850e-01	12.9333	16.493085	-0.000448	-4.480648	-1.518085	0.036409
 679	3.3900e-01	12.9301	16.311042	0.000448	4.480648	1.518085	-0.036409
 680	3.3950e-01	12.8531	16.092591	0.000538	5.376778	1.821702	-0.043690
 681	3.4000e-01	12.8194	16.019774	0.000179	1.792259	0.607234	-0.014563
 682	3.4050e-01	12.7665	15.874140	0.000358	3.584519	1.214468	-0.029127
 683	3.4100e-01	12.7376	16.165408	-0.000717	-7.169037	-2.428936	0.058254
 684	3.4150e-01	12.6927	16.019774	0.000358	3.584519	1.214468	-0.029127
 685	3.4200e-01	12.6398	15.400828	0.001523	15.234204	5.161488	-0.123789
 686	3.4250e-01	12.6253	15.473645	-0.000179	-1.792259	-0.607234	0.014563
 687	3.4300e-01	12.5756	15.728505	-0.000627	-6.272908	-2.125319	0.050972
 688	3.4350e-01	12.5531	15.328011	0.000986	9.857426	3.339786	-0.080099
 689	3.4400e-01	12.5066	15.255194	0.000179	1.792259	0.607234	-0.014563
 690	3.4450e-01	12.4697	15.182377	0.000179	1.792259	0.607234	-0.014563
 691	3.4500e-01	12.4200	14.854699	0.000807	8.065167	2.732553	-0.065535
 692	3.4550e-01	12.3462	14.818291	0.000090	0.896130	0.303617	-0.007282
 693	3.4600e-01	12.3510	15.400828	0.001434	14.338075	4.857871	0.116507
 694	3.4650e-01	12.3077	14.636248	0.001882	18.818723	6.375956	-0.152916
 695	3.4700e-01	12.2563	14.381388	0.000627	6.272908	2.125319	-0.050972
 696	3.4750e-01	12.2146	14.599839	-0.000538	-5.376778	-1.821702	0.043690
 697	3.4800e-01	12.1809	14.272162	0.000807	8.065167	2.732553	-0.065535
 698	3.4850e-01	12.1264	14.490614	-0.000538	-5.376778	-1.821702	0.043690
 699	3.4900e-01	12.1055	14.126528	0.000896	8.961297	3.036170	-0.072817
 700	3.4950e-01	12.0670	14.017302	0.000269	2.688389	0.910851	-0.021845
 701	3.5000e-01	11.9965	14.017302	-0.000000	-0.000000	-0.000000	0.000000
 702	3.5050e-01	11.9740	13.434765	0.001434	14.338075	4.857871	-0.116507
 703	3.5100e-01	11.9355	13.944485	-0.001255	-12.545815	-4.250637	0.101944
 704	3.5150e-01	11.9002	13.580399	0.000896	8.961297	3.036170	-0.072817
 705	3.5200e-01	11.8505	13.361948	0.000538	5.376778	1.821702	-0.043690
 706	3.5250e-01	11.8152	13.471173	-0.000269	-2.688389	-0.910851	0.021845
 707	3.5300e-01	11.7638	13.543991	-0.000179	-1.792259	-0.607234	0.014563
 708	3.5350e-01	11.7350	12.961453	0.001434	14.338075	4.857871	-0.116507
 709	3.5400e-01	11.7013	13.179905	-0.000538	-5.376778	-1.821702	0.043690
 710	3.5450e-01	11.6483	12.670185	0.001255	12.545815	4.250637	-0.101944
 711	3.5500e-01	11.6066	12.743002	-0.000179	-1.792259	-0.607234	0.014563
 712	3.5550e-01	11.6018	12.779411	-0.000090	-0.896130	-0.303617	0.007282
 713	3.5600e-01	11.5328	12.451733	0.000807	8.065167	2.732553	-0.065535
 714	3.5650e-01	11.4847	12.488142	-0.000090	-0.896130	-0.303617	0.007282
 715	3.5700e-01	11.4687	11.869196	0.001523	15.234204	5.161488	-0.123789
 716	3.5750e-01	11.4013	12.233282	-0.000896	-8.961297	-3.036170	0.072817
 717	3.5800e-01	11.3804	11.942013	0.000717	7.169037	2.428936	-0.058254
 718	3.5850e-01	11.3419	12.087648	-0.000358	-3.584519	-1.214468	0.029127
 719	3.5900e-01	11.3147	12.051239	0.000090	0.896130	0.303617	-0.007282
 720	3.5950e-01	11.2810	11.723562	0.000807	8.065167	2.732553	-0.065535
 721	3.6000e-01	11.2120	11.723562	-0.000000	-0.000000	-0.000000	0.000000
 722	3.6050e-01	11.1623	11.505110	0.000538	5.376778	1.821702	-0.043690
 723	3.6100e-01	11.1286	11.614336	-0.000269	-2.688389	-0.910851	0.021845
 724	3.6150e-01	11.1045	11.505110	0.000269	2.688389	0.910851	-0.021845
 725	3.6200e-01	11.0676	11.250250	0.000627	6.272908	2.125319	-0.050972
 726	3.6250e-01	11.0131	10.922573	0.000807	8.065167	2.732553	-0.065535
 727	3.6300e-01	10.9842	11.286659	-0.000896	-8.961297	-3.036170	0.072817
 728	3.6350e-01	10.9425	10.813347	0.001165	11.649686	3.947020	-0.094662
 729	3.6400e-01	10.8831	10.922573	-0.000269	-2.688389	-0.910851	0.021845
 730	3.6450e-01	10.8382	10.922573	-0.000000	-0.000000	-0.000000	0.000000
 731	3.6500e-01	10.7965	10.485670	0.001075	10.753556	3.643403	-0.087381
 732	3.6550e-01	10.7885	10.631304	-0.000358	-3.584519	-1.214468	0.029127
 733	3.6600e-01	10.7468	10.194402	0.001075	10.753556	3.643403	-0.087381
 734	3.6650e-01	10.7163	9.975950	0.000538	5.376778	1.821702	-0.043690
 735	3.6700e-01	10.6553	10.340036	-0.000896	-8.961297	-3.036170	0.072817
 736	3.6750e-01	10.5927	9.866724	0.001165	11.649686	3.947020	-0.094662
 737	3.6800e-01	10.5671	9.757499	0.000269	2.688389	0.910851	-0.021845
 738	3.6850e-01	10.5190	9.575456	0.000448	4.480648	1.518085	-0.036409
 739	3.6900e-01	10.4772	9.466230	0.000269	2.688389	0.910851	-0.021845
 740	3.6950e-01	10.4484	9.721090	-0.000627	-6.272908	-2.125319	0.050972
 741	3.7000e-01	10.4115	9.320596	0.000986	9.857426	3.339786	-0.080099
 742	3.7050e-01	10.3746	9.357004	-0.000090	-0.896130	-0.303617	0.007282
 743	3.7100e-01	10.3281	8.992919	0.000896	8.961297	3.036170	-0.072817
 744	3.7150e-01	10.3072	9.102144	-0.000269	-2.688389	-0.910851	0.021845
 745	3.7200e-01	10.2478	8.883693	0.000538	5.376778	1.821702	-0.043690
 746	3.7250e-01	10.2013	8.519607	0.000896	8.961297	3.036170	-0.072817
 747	3.7300e-01	10.1981	8.592424	-0.000179	-1.792259	-0.607234	0.014563
 748	3.7350e-01	10.1227	8.628833	-0.000090	-0.896130	-0.303617	0.007282
 749	3.7400e-01	10.0794	8.446790	0.000448	4.480648	1.518085	-0.036409
 750	3.7450e-01	10.0698	8.119113	0.000807	8.065167	2.732553	-0.065535
 751	3.7500e-01	10.0216	8.082704	0.000090	0.896130	0.303617	-0.007282
 752	3.7550e-01	9.9623	7.791435	0.000717	7.169037	2.428936	-0.058254
 753	3.7600e-01	9.9286	8.155521	-0.000896	-8.961297	-3.036170	0.072817
 754	3.7650e-01	9.8837	7.791435	0.000896	8.961297	3.036170	-0.072817
 755	3.7700e-01	9.8644	7.682210	0.000269	2.688389	0.910851	-0.021845
 756	3.7750e-01	9.8275	7.791435	-0.000269	-2.688389	-0.910851	0.021845
 757	3.7800e-01	9.7714	7.318124	0.001165	11.649686	3.947020	-0.094662
 758	3.7850e-01	9.7441	7.354533	-0.000090	-0.896130	-0.303617	0.007282
 759	3.7900e-01	9.7329	7.172490	0.000448	4.480648	1.518085	-0.036409
 760	3.7950e-01	9.6687	7.172490	-0.000000	-0.000000	-0.000000	0.000000
 761	3.8000e-01	9.5981	7.136081	0.000090	0.896130	0.303617	-0.007282
 762	3.8050e-01	9.5885	6.699178	0.001075	10.753556	3.643403	-0.087381
 763	3.8100e-01	9.5404	6.881221	-0.000448	-4.480648	-1.518085	0.036409
 764	3.8150e-01	9.5259	6.699178	0.000448	4.480648	1.518085	-0.036409
 765	3.8200e-01	9.4570	6.808404	-0.000269	-2.688389	-0.910851	0.021845
 766	3.8250e-01	9.4120	6.589952	0.000538	5.376778	1.821702	-0.043690
 767	3.8300e-01	9.3783	6.043824	0.001344	13.441945	4.554254	-0.109226
 768	3.8350e-01	9.3447	6.517135	-0.001165	-11.649686	-3.947020	0.094662
 769	3.8400e-01	9.3078	6.335092	0.000448	4.480648	1.518085	-0.036409
 770	3.8450e-01	9.2484	5.825372	0.001255	12.545815	4.250637	-0.101944
 771	3.8500e-01	9.1923	5.861781	-0.000090	-0.896130	-0.303617	0.007282
 772	3.8550e-01	9.1794	5.534104	0.000807	8.065167	2.732553	-0.065535
 773	3.8600e-01	9.1489	5.570512	-0.000090	-0.896130	-0.303617	0.007282
 774	3.8650e-01	9.1088	5.534104	0.000090	0.896130	0.303617	-0.007282
 775	3.8700e-01	9.0719	5.315652	0.000538	5.376778	1.821702	-0.043690
 776	3.8750e-01	9.0222	5.097201	0.000538	5.376778	1.821702	-0.043690
 777	3.8800e-01	8.9901	4.769524	0.000807	8.065167	2.732553	-0.065535
 778	3.8850e-01	8.9324	4.987975	-0.000538	-5.376778	-1.821702	0.043690
 779	3.8900e-01	8.8698	5.097201	-0.000269	-2.688389	-0.910851	0.021845
 780	3.8950e-01	8.8489	4.514664	0.001434	14.338075	4.857871	-0.116507
 781	3.9000e-01	8.7992	4.551072	-0.000090	-0.896130	-0.303617	0.007282
 782	3.9050e-01	8.7575	4.296212	0.000627	6.272908	2.125319	-0.050972
 783	3.9100e-01	8.7270	4.587481	-0.000717	-7.169037	-2.428936	0.058254
 784	3.9150e-01	8.6789	4.405438	0.000448	4.480648	1.518085	-0.036409
 785	3.9200e-01	8.6548	4.077761	0.000807	8.065167	2.732553	-0.065535
 786	3.9250e-01	8.6404	3.968535	0.000269	2.688389	0.910851	-0.021845
 787	3.9300e-01	8.5586	3.859309	0.000269	2.688389	0.910851	-0.021845
 788	3.9350e-01	8.5490	3.240363	0.001523	15.234204	5.161488	-0.123789
 789	3.9400e-01	8.5137	3.677266	-0.001075	-10.753556	-3.643403	0.087381
 790	3.9450e-01	8.4639	3.422406	0.000627	6.272908	2.125319	-0.050972
 791	3.9500e-01	8.3805	3.422406	-0.000000	-0.000000	-0.000000	0.000000
 792	3.9550e-01	8.3532	3.240363	0.000448	4.480648	1.518085	-0.036409
 793	3.9600e-01	8.3581	2.912686	-0.000807	-8.065167	-2.732553	-0.065535
 794	3.9650e-01	8.2923	3.240363	-0.000807	-8.065167	-2.732553	0.065535
 795	3.9700e-01	8.2570	2.767052	0.001165	11.649686	3.947020	-0.094662
 796	3.9750e-01	8.2377	2.548600	0.000538	5.376778	1.821702	-0.043690
 797	3.9800e-01	8.1736	2.585009	-0.000090	-0.896130	-0.303617	0.007282
 798	3.9850e-01	8.1399	2.475783	0.000269	2.688389	0.910851	-0.021845
 799	3.9900e-01	8.0821	2.330149	0.000358	3.584519	1.214468	-0.029127
 800	3.9950e-01	8.0308	2.002472	0.000807	8.065167	2.732553	-0.065535
 801	4.0000e-01	7.9907	2.184515	-0.000448	-4.480648	-1.518085	0.036409
 802	4.0050e-01	7.9762	1.856837	0.000807	8.065167	2.732553	-0.065535
 803	4.0100e-01	7.9057	1.966063	-0.000269	-2.688389	-0.910851	0.021845
 804	4.0150e-01	7.8960	1.856837	0.000269	2.688389	0.910851	-0.021845
 805	4.0200e-01	7.8623	1.529160	0.000807	8.065167	2.732553	-0.065535
 806	4.0250e-01	7.8190	1.383526	0.000358	3.584519	1.214468	-0.029127
 807	4.0300e-01	7.7565	1.274300	0.000269	2.688389	0.910851	-0.021845
 808	4.0350e-01	7.7308	1.237892	0.000090	0.896130	0.303617	-0.007282
 809	4.0400e-01	7.6843	1.092257	0.000358	3.584519	1.214468	-0.029127
 810	4.0450e-01	7.6746	0.910214	0.000448	4.480648	1.518085	-0.036409
 811	4.0500e-01	7.6169	0.728172	0.000448	4.480648	1.518085	-0.036409
 812	4.0550e-01	7.5591	0.582537	0.000358	3.584519	1.214468	-0.029127
 813	4.0600e-01	7.5351	0.582537	-0.000000	-0.000000	-0.000000	0.000000
 814	4.0650e-01	7.4902	0.327677	0.000627	6.272908	2.125319	-0.050972
 815	4.0700e-01	7.4677	0.218451	0.000269	2.688389	0.910851	-0.021845
 816	4.0750e-01	7.4228	0.000000	0.000538	5.376778	1.821702	-0.043690
 817	4.0800e-01	7.3987	0.218451	-0.000538	-5.376778	-1.821702	0.043690
 818	4.0850e-01	7.3169	0.036409	0.000448	4.480648	1.518085	-0.036409
 819	4.0900e-01	7.2832	-0.327677	0.000896	8.961297	3.036170	-0.072817
 820	4.0950e-01	7.2688	-0.618946	0.000717	7.169037	2.428936	-0.058254
 821	4.1000e-01	7.2255	-0.691763	0.000179	1.792259	0.607234	-0.014563
 822	4.1050e-01	7.1805	-0.582537	-0.000269	-2.688389	-0.910851	0.021845
 823	4.1100e-01	7.1404	-1.055849	0.001165	11.649686	3.947020	-0.094662
 824	4.1150e-01	7.0971	-0.837397	-0.000538	-5.376778	-1.821702	0.043690
 825	4.1200e-01	7.0378	-0.910214	0.000179	1.792259	0.607234	-0.014563
 826	4.1250e-01	7.0458	-1.092257	-0.000448	-4.480648	-1.518085	-0.036409
 827	4.1300e-01	6.9768	-1.019440	-0.000179	-1.792259	-0.607234	0.014563
 828	4.1350e-01	6.9399	-1.856837	0.002061	20.610982	6.983190	-0.167479
 829	4.1400e-01	6.8854	-1.383526	-0.001165	-11.649686	-3.947020	0.094662
 830	4.1450e-01	6.8806	-1.529160	0.000358	3.584519	1.214468	-0.029127
 831	4.1500e-01	6.8068	-1.893246	0.000896	8.961297	3.036170	-0.072817
 832	4.1550e-01	6.7602	-2.038880	0.000358	3.584519	1.214468	-0.029127
 833	4.1600e-01	6.7378	-1.966063	-0.000179	-1.792259	-0.607234	0.014563
 834	4.1650e-01	6.6784	-2.257332	0.000717	7.169037	2.428936	-0.058254
 835	4.1700e-01	6.6624	-2.548600	0.000717	7.169037	2.428936	-0.058254
 836	4.1750e-01	6.6431	-2.548600	-0.000000	-0.000000	-0.000000	0.000000
 837	4.1800e-01	6.5741	-2.657826	0.000269	2.688389	0.910851	-0.021845
 838	4.1850e-01	6.5421	-2.621418	-0.000090	-0.896130	-0.303617	0.007282
 839	4.1900e-01	6.4987	-3.422406	0.001971	19.714853	6.679573	-0.160198
 840	4.1950e-01	6.4987	-3.131138	-0.000717	-7.169037	-2.428936	0.058254
 841	4.2000e-01	6.3961	-3.167546	0.000090	0.896130	0.303617	-0.007282
 842	4.2050e-01	6.3688	-3.240363	0.000179	1.792259	0.607234	-0.014563
 843	4.2100e-01	6.3287	-3.422406	0.000448	4.480648	1.518085	-0.036409
 844	4.2150e-01	6.3111	-3.932126	0.001255	12.545815	4.250637	-0.101944
 845	4.2200e-01	6.2549	-3.895718	-0.000090	-0.896130	-0.303617	0.007282
 846	4.2250e-01	6.2084	-3.859309	-0.000090	-0.896130	-0.303617	0.007282
 847	4.2300e-01	6.1683	-3.932126	0.000179	1.792259	0.607234	-0.014563
 848	4.2350e-01	6.1234	-4.150578	0.000538	5.376778	1.821702	-0.043690
 849	4.2400e-01	6.0800	-4.186986	0.000090	0.896130	0.303617	-0.007282
 850	4.2450e-01	6.0576	-4.369029	0.000448	4.480648	1.518085	-0.036409
 851	4.2500e-01	5.9982	-4.660298	0.000717	7.169037	2.428936	-0.058254
 852	4.2550e-01	5.9838	-4.733115	0.000179	1.792259	0.607234	-0.014563
 853	4.2600e-01	5.9180	-4.878749	0.000358	3.584519	1.214468	-0.029127
 854	4.2650e-01	5.8940	-4.951566	0.000179	1.792259	0.607234	-0.014563
 855	4.2700e-01	5.8731	-5.097201	0.000358	3.584519	1.214468	-0.029127
 856	4.2750e-01	5.8234	-5.352061	0.000627	6.272908	2.125319	-0.050972
 857	4.2800e-01	5.8073	-5.461287	0.000269	2.688389	0.910851	-0.021845
 858	4.2850e-01	5.7480	-5.497695	0.000090	0.896130	0.303617	-0.007282
 859	4.2900e-01	5.6822	-5.825372	0.000807	8.065167	2.732553	-0.065535
 860	4.2950e-01	5.6517	-5.643329	-0.000448	-4.480648	-1.518085	0.036409
 861	4.3000e-01	5.6389	-5.752555	0.000269	2.688389	0.910851	-0.021845
 862	4.3050e-01	5.5731	-6.480727	0.001792	17.922593	6.072339	-0.145634
 863	4.3100e-01	5.5394	-6.043824	-0.001075	-10.753556	-3.643403	0.087381
 864	4.3150e-01	5.4961	-6.589952	0.001344	13.441945	4.554254	-0.109226
 865	4.3200e-01	5.4576	-6.444318	-0.000358	-3.584519	-1.214468	0.029127
 866	4.3250e-01	5.4207	-6.626361	0.000448	4.480648	1.518085	-0.036409
 867	4.3300e-01	5.3485	-6.808404	0.000448	4.480648	1.518085	-0.036409
 868	4.3350e-01	5.3485	-6.881221	0.000179	1.792259	0.607234	-0.014563
 869	4.3400e-01	5.3180	-7.172490	0.000717	7.169037	2.428936	-0.058254
 870	4.3450e-01	5.2458	-7.463758	0.000717	7.169037	2.428936	-0.058254
 871	4.3500e-01	5.2314	-7.172490	-0.000717	-7.169037	-2.428936	0.058254
 872	4.3550e-01	5.1897	-7.609393	0.001075	10.753556	3.643403	-0.087381
 873	4.3600e-01	5.1432	-7.572984	-0.000090	-0.896130	-0.303617	0.007282
 874	4.3650e-01	5.1111	-8.082704	0.001255	12.545815	4.250637	-0.101944
 875	4.3700e-01	5.0614	-7.791435	-0.000717	-7.169037	-2.428936	0.058254
 876	4.3750e-01	5.0196	-8.155521	0.000896	8.961297	3.036170	-0.072817
 877	4.3800e-01	4.9523	-8.046296	-0.000269	-2.688389	-0.910851	0.021845
 878	4.3850e-01	4.9378	-8.410381	0.000896	8.961297	3.036170	-0.072817
 879	4.3900e-01	4.8865	-8.592424	0.000448	4.480648	1.518085	-0.036409
 880	4.3950e-01	4.8496	-8.774467	0.000448	4.480648	1.518085	-0.036409
 881	4.4000e-01	4.7870	-8.810876	0.000090	0.896130	0.303617	-0.007282
 882	4.4050e-01	4.7774	-8.847284	0.000090	0.896130	0.303617	-0.007282
 883	4.4100e-01	4.7357	-8.592424	-0.000627	-6.272908	-2.125319	0.050972
 884	4.4150e-01	4.7004	-8.992919	0.000986	9.857426	3.339786	-0.080099
 885	4.4200e-01	4.6459	-9.539047	0.001344	13.441945	4.554254	-0.109226
 886	4.4250e-01	4.6170	-9.138553	-0.000986	-9.857426	-3.339786	0.080099
 887	4.4300e-01	4.5865	-9.830316	0.001703	17.026464	5.768722	-0.138353
 888	4.4350e-01	4.5223	-9.684681	-0.000358	-3.584519	-1.214468	0.029127
 889	4.4400e-01	4.5015	-9.793907	0.000269	2.688389	0.910851	-0.021845
 890	4.4450e-01	4.4758	-10.412853	0.001523	15.234204	5.161488	-0.123789
 891	4.4500e-01	4.4373	-10.230810	-0.000448	-4.480648	-1.518085	0.036409
 892	4.4550e-01	4.4132	-10.485670	0.000627	6.272908	2.125319	-0.050972
 893	4.4600e-01	4.3346	-10.740530	0.000627	6.272908	2.125319	-0.050972
 894	4.4650e-01	4.2849	-10.522079	-0.000538	-5.376778	-1.821702	0.043690
 895	4.4700e-01	4.2833	-10.995390	0.001165	11.649686	3.947020	-0.094662
 896	4.4750e-01	4.2175	-10.631304	-0.000896	-8.961297	-3.036170	0.072817
 897	4.4800e-01	4.1646	-10.922573	0.000717	7.169037	2.428936	-0.058254
 898	4.4850e-01	4.1453	-11.213842	0.000717	7.169037	2.428936	-0.058254
 899	4.4900e-01	4.1084	-11.577927	0.000896	8.961297	3.036170	-0.072817
 900	4.4950e-01	4.0202	-11.323067	-0.000627	-6.272908	-2.125319	0.050972
 901	4.5000e-01	4.0010	-11.723562	0.000986	9.857426	3.339786	-0.080099
 902	4.5050e-01	3.9769	-11.869196	0.000358	3.584519	1.214468	-0.029127
 903	4.5100e-01	3.9159	-11.905605	0.000090	0.896130	0.303617	-0.007282
 904	4.5150e-01	3.9191	-12.051239	-0.000358	-3.584519	-1.214468	-0.029127
 905	4.5200e-01	3.8598	-12.342508	0.000717	7.169037	2.428936	-0.058254
 906	4.5250e-01	3.7988	-12.342508	-0.000000	-0.000000	-0.000000	0.000000
 907	4.5300e-01	3.8036	-12.488142	-0.000358	-3.584519	-1.214468	-0.029127
 908	4.5350e-01	3.7379	-12.743002	0.000627	6.272908	2.125319	-0.050972
 909	4.5400e-01	3.7058	-12.888636	0.000358	3.584519	1.214468	-0.029127
 910	4.5450e-01	3.6753	-12.961453	0.000179	1.792259	0.607234	-0.014563
 911	4.5500e-01	3.6304	-12.997862	0.000090	0.896130	0.303617	-0.007282
 912	4.5550e-01	3.5710	-13.325539	0.000807	8.065167	2.732553	-0.065535
 913	4.5600e-01	3.5550	-13.434765	0.000269	2.688389	0.910851	-0.021845
 914	4.5650e-01	3.4635	-13.653216	0.000538	5.376778	1.821702	-0.043690
 915	4.5700e-01	3.4507	-13.944485	0.000717	7.169037	2.428936	-0.058254
 916	4.5750e-01	3.4331	-14.017302	0.000179	1.792259	0.607234	-0.014563
 917	4.5800e-01	3.3930	-14.053711	0.000090	0.896130	0.303617	-0.007282
 918	4.5850e-01	3.3208	-14.527022	0.001165	11.649686	3.947020	-0.094662
 919	4.5900e-01	3.3063	-14.126528	-0.000986	-9.857426	-3.339786	0.080099
 920	4.5950e-01	3.2566	-14.636248	0.001255	12.545815	4.250637	-0.101944
 921	4.6000e-01	3.2341	-14.963925	0.000807	8.065167	2.732553	-0.065535
 922	4.6050e-01	3.1780	-14.454205	-0.001255	-12.545815	-4.250637	0.101944
 923	4.6100e-01	3.1475	-14.927517	0.001165	11.649686	3.947020	-0.094662
 924	4.6150e-01	3.1170	-15.437237	0.001255	12.545815	4.250637	-0.101944
 925	4.6200e-01	3.0753	-15.291602	-0.000358	-3.584519	-1.214468	0.029127
 926	4.6250e-01	3.0208	-15.655688	0.000896	8.961297	3.036170	-0.072817
 927	4.6300e-01	2.9967	-15.801322	0.000358	3.584519	1.214468	-0.029127
 928	4.6350e-01	2.9454	-15.619280	-0.000448	-4.480648	-1.518085	0.036409
 929	4.6400e-01	2.9325	-16.019774	0.000986	9.857426	3.339786	-0.080099
 930	4.6450e-01	2.8636	-16.056182	0.000090	0.896130	0.303617	-0.007282
 931	4.6500e-01	2.8459	-16.529494	0.001165	11.649686	3.947020	-0.094662
 932	4.6550e-01	2.7849	-16.274634	-0.000627	-6.272908	-2.125319	0.050972
 933	4.6600e-01	2.7336	-16.456677	0.000448	4.480648	1.518085	-0.036409
 934	4.6650e-01	2.7079	-16.966397	0.001255	12.545815	4.250637	-0.101944
 935	4.6700e-01	2.6678	-16.784354	-0.000448	-4.480648	-1.518085	0.036409
 936	4.6750e-01	2.6358	-17.403300	0.001523	15.234204	5.161488	-0.123789
 937	4.6800e-01	2.5684	-17.002805	-0.000986	-9.857426	-3.339786	0.080099
 938	4.6850e-01	2.5251	-17.148440	0.000358	3.584519	1.214468	-0.029127
 939	4.6900e-01	2.4561	-17.585343	0.001075	10.753556	3.643403	-0.087381
 940	4.6950e-01	2.4481	-17.985837	0.000986	9.857426	3.339786	-0.080099
 941	4.7000e-01	2.4192	-17.694568	-0.000717	-7.169037	-2.428936	0.058254
 942	4.7050e-01	2.4224	-17.803794	-0.000269	-2.688389	-0.910851	-0.021845
 943	4.7100e-01	2.3261	-18.131471	0.000807	8.065167	2.732553	-0.065535
 944	4.7150e-01	2.2732	-18.422740	0.000717	7.169037	2.428936	-0.058254
 945	4.7200e-01	2.2652	-18.386331	-0.000090	-0.896130	-0.303617	0.007282
 946	4.7250e-01	2.2363	-18.750417	0.000896	8.961297	3.036170	-0.072817
 947	4.7300e-01	2.1962	-19.041686	0.000717	7.169037	2.428936	-0.058254
 948	4.7350e-01	2.1368	-19.041686	-0.000000	-0.000000	-0.000000	0.000000
 949	4.7400e-01	2.0967	-19.150911	0.000269	2.688389	0.910851	-0.021845
 950	4.7450e-01	2.0550	-19.369363	0.000538	5.376778	1.821702	-0.043690
 951	4.7500e-01	2.0229	-19.769857	0.000986	9.857426	3.339786	-0.080099
 952	4.7550e-01	1.9732	-19.915492	0.000358	3.584519	1.214468	-0.029127
 953	4.7600e-01	1.9267	-19.915492	-0.000000	-0.000000	-0.000000	0.000000
 954	4.7650e-01	1.9203	-20.061126	0.000358	3.584519	1.214468	-0.029127
 955	4.7700e-01	1.8417	-20.206760	0.000358	3.584519	1.214468	-0.029127
 956	4.7750e-01	1.8160	-20.315986	0.000269	2.688389	0.910851	-0.021845
 957	4.7800e-01	1.7759	-20.279577	-0.000090	-0.896130	-0.303617	0.007282
 958	4.7850e-01	1.7133	-20.825706	0.001344	13.441945	4.554254	-0.109226
 959	4.7900e-01	1.7085	-21.007749	0.000448	4.480648	1.518085	-0.036409
 960	4.7950e-01	1.6684	-20.752889	-0.000627	-6.272908	-2.125319	0.050972
 961	4.8000e-01	1.6315	-21.153383	0.000986	9.857426	3.339786	-0.080099
 962	4.8050e-01	1.5673	-21.481060	0.000807	8.065167	2.732553	-0.065535
 963	4.8100e-01	1.5369	-21.262609	-0.000538	-5.376778	-1.821702	0.043690
 964	4.8150e-01	1.4839	-21.481060	0.000538	5.376778	1.821702	-0.043690
 965	4.8200e-01	1.4406	-21.735920	0.000627	6.272908	2.125319	-0.050972
 966	4.8250e-01	1.4438	-21.954372	-0.000538	-5.376778	-1.821702	-0.043690
 967	4.8300e-01	1.3828	-22.136415	0.000448	4.480648	1.518085	-0.036409
 968	4.8350e-01	1.3267	-22.646135	0.001255	12.545815	4.250637	-0.101944
 969	4.8400e-01	1.3042	-22.282049	-0.000896	-8.961297	-3.036170	0.072817
 970	4.8450e-01	1.2818	-22.573318	0.000717	7.169037	2.428936	-0.058254
 971	4.8500e-01	1.2304	-22.864586	0.000717	7.169037	2.428936	-0.058254
 972	4.8550e-01	1.1759	-22.900995	0.000090	0.896130	0.303617	-0.007282
 973	4.8600e-01	1.1518	-23.228672	0.000807	8.065167	2.732553	-0.065535
 974	4.8650e-01	1.0813	-23.629166	0.000986	9.857426	3.339786	-0.080099
 975	4.8700e-01	1.0379	-23.519941	-0.000269	-2.688389	-0.910851	0.021845
 976	4.8750e-01	1.0219	-23.410715	-0.000269	-2.688389	-0.910851	0.021845
 977	4.8800e-01	0.9641	-23.993252	0.001434	14.338075	4.857871	-0.116507
 978	4.8850e-01	0.9208	-24.029661	0.000090	0.896130	0.303617	-0.007282
 979	4.8900e-01	0.9112	-24.284521	0.000627	6.272908	2.125319	-0.050972
 980	4.8950e-01	0.8615	-24.575789	0.000717	7.169037	2.428936	-0.058254
 981	4.9000e-01	0.8262	-24.612198	0.000090	0.896130	0.303617	-0.007282
 982	4.9050e-01	0.7684	-24.393747	-0.000538	-5.376778	-1.821702	0.043690
 983	4.9100e-01	0.7652	-25.231144	0.002061	20.610982	6.983190	-0.167479
 984	4.9150e-01	0.6722	-25.121918	-0.000269	-2.688389	-0.910851	0.021845
 985	4.9200e-01	0.6802	-25.121918	0.000000	0.000000	0.000000	0.000000
 986	4.9250e-01	0.5952	-25.777272	0.001613	16.130334	5.465105	-0.131071
 987	4.9300e-01	0.5743	-25.995724	0.000538	5.376778	1.821702	-0.043690
 988	4.9350e-01	0.5615	-25.704455	-0.000717	-7.169037	-2.428936	0.058254
 989	4.9400e-01	0.4989	-26.032133	0.000807	8.065167	2.732553	-0.065535
 990	4.9450e-01	0.4684	-26.104950	0.000179	1.792259	0.607234	-0.014563
 991	4.9500e-01	0.3995	-26.578261	0.001165	11.649686	3.947020	-0.094662
 992	4.9550e-01	0.3674	-26.723895	0.000358	3.584519	1.214468	-0.029127
 993	4.9600e-01	0.3417	-26.796713	0.000179	1.792259	0.607234	-0.014563
 994	4.9650e-01	0.2872	-26.942347	0.000358	3.584519	1.214468	-0.029127
 995	4.9700e-01	0.2711	-27.087981	0.000358	3.584519	1.214468	-0.029127
 996	4.9750e-01	0.2134	-27.524884	0.001075	10.753556	3.643403	-0.087381
 997	4.9800e-01	0.1588	-27.670518	0.000358	3.584519	1.214468	-0.029127
 998	4.9850e-01	0.1508	-27.706927	0.000090	0.896130	0.303617	-0.007282
 999	4.9900e-01	0.1235	-28.289464	0.001434	14.338075	4.857871	-0.116507
1000	4.9950e-01	0.0802	-28.216647	-0.000179	-1.792259	-0.607234	0.014563
1001	5.0000e-01	0.0401	-28.325873	-0.000179	-1.792259	-0.607234	-0.021845

PMax (uC/cm2):	6.60e+01
Pr (uC/cm2):	4.70e+00
-Pr (uC/cm2):	0.00e+00
PLoss (uC/cm2):	0.00e+00
C (Max-Eff) (nF):	3.29e-01
K (Eff):	1.12e+03
Vert. (+/-Pr) Shift (uC/cm2):	2.35e+00
Offset (uC/cm2):	3.30e+01

A (Loop Area - uC/cm2·Volts):	4.10e-01



Hysteresis Version: 5.48.1 - Radiant Technologies, Inc., 1999 - 9/12/24

