»»»»»»»»»»»»»»»»»»»»»»»»»»»»»»»»»»»» Hysteresis ««««««««««««««««««««««««««««««««««««
»»»  Executed Version:	5.48.1
»»»  Vision Version:	5.48.4 (R)
»»»  Vision Compiled:	9/18/24
»»»  Driver Version:	5.47.0
»»»  Windows Version:	Windows 8 or 8.1
»»»  Processor Information:	x86 (AMD or Intel) - 32 Processors
»»»  Tester Name:	PMF21124-494 (100V)
»»»  Tester S/N:	PMF21124-494
»»»  Internal Amp Type:	100V RevK 270k
»»»  Internal Amp S/N:	iAB2-596/K     
»»»  Execution Count:	1
»»»»»»»»»»»»»»»»»»»»»»»»»»»»»»»»»»»»»»»»»»««««««««««««««««««««««««««««««««««««««««««

Stored:	10/10/2025 - 13:51:33
Configured:	10/10/25 10:37:25 AM
Executed:	10/10/25 01:51:07 PM

»»»»»»»»»»»»»»»»»»»»»»»»»»»»»»»»»»» Sample Info ««««««««««««««««««««««««««««««««««««
Sample Name:	Int. Ref. Ferroelectric
Lot Name:	N/A
Wafer Name:	N/A
Die Row/Column:	0/0
Capacitor Number:	0
Sample Area (cm2):	1.00e-04
Sample Thickness (microns):	3.00e-01

Amplifier:	Internal

»»»»»»»»»»»»»»»»»»»»»»»»»»»»»»»»»»» Tester Info «««««««««««««««««««««««««««««««««««
Tester Name:	PMF21124-494 (100V)
Tester Serial Number:	PMF21124-494
Return Signal Amp. Level:	0.02 [Index: 2]

»»»»»»»»»»»»»»»»»»»»»»»»»»»»»»»» Hysteresis Info ««««««««««««««««««««««««««««««««««
Task Name:	Hyst-170
Volts:	20.00
Field:	666.67 (kV/cm)
DCBias:	0.00
DCField:	0.00 (kV/cm)
Hysteresis Period (ms):	5.00e-01
Preset:	Enabled
Preset Delay (ms):	1.00e+03
Profile:	Standard Monopolar

»»»»»»»»»»»»»»»»»»»»»»»»»»»»»»»»»»»»»» Data «««««««««««««««««««««««««««««««««««««««
Points:	1001

Valid Data

Point	Time (ms)	Drive Voltage	Measured Polarization (uC/cm2)	Capacitance (uF)	Normalized Capacitance (uF/cm2)	Dielectric Constant	Instantaneous Current (mA)
   1	0.0000e+00	0.0626	-34.788395	-0.000721	-7.212968	-2.443820	0.058254
   2	5.0000e-04	0.0497	-34.497127	-0.000721	-7.212968	-2.443820	0.058254
   3	1.0000e-03	0.1187	-34.460718	0.000090	0.901621	0.305477	0.007282
   4	1.5000e-03	0.1572	-34.096632	0.000902	9.016210	3.054774	0.072817
   5	2.0000e-03	0.2053	-34.096632	0.000000	0.000000	0.000000	0.000000
   6	2.5000e-03	0.2294	-33.696138	0.000992	9.917831	3.360252	0.080099
   7	3.0000e-03	0.2968	-33.914589	-0.000541	-5.409726	-1.832865	-0.043690
   8	3.5000e-03	0.3321	-33.514095	0.000992	9.917831	3.360252	0.080099
   9	4.0000e-03	0.3802	-33.150009	0.000902	9.016210	3.054774	0.072817
  10	4.5000e-03	0.4139	-33.368461	-0.000541	-5.409726	-1.832865	-0.043690
  11	5.0000e-03	0.4364	-32.785924	0.001443	14.425935	4.887639	0.116507
  12	5.5000e-03	0.4877	-32.531064	0.000631	6.311347	2.138342	0.050972
  13	6.0000e-03	0.5230	-32.603881	-0.000180	-1.803242	-0.610955	-0.014563
  14	6.5000e-03	0.5535	-32.458246	0.000361	3.606484	1.221910	0.029127
  15	7.0000e-03	0.5711	-32.385429	0.000180	1.803242	0.610955	0.014563
  16	7.5000e-03	0.6465	-31.912118	0.001172	11.721072	3.971207	0.094662
  17	8.0000e-03	0.6722	-32.166978	-0.000631	-6.311347	-2.138342	-0.050972
  18	8.5000e-03	0.7171	-31.730075	0.001082	10.819451	3.665729	0.087381
  19	9.0000e-03	0.7748	-31.511623	0.000541	5.409726	1.832865	0.043690
  20	9.5000e-03	0.8101	-31.147538	0.000902	9.016210	3.054774	0.072817
  21	1.0000e-02	0.8021	-31.074720	-0.000180	-1.803242	-0.610955	0.014563
  22	1.0500e-02	0.8807	-30.892678	0.000451	4.508105	1.527387	0.036409
  23	1.1000e-02	0.9240	-30.528592	0.000902	9.016210	3.054774	0.072817
  24	1.1500e-02	0.9706	-30.819860	-0.000721	-7.212968	-2.443820	-0.058254
  25	1.2000e-02	1.0059	-30.637818	0.000451	4.508105	1.527387	0.036409
  26	1.2500e-02	1.0235	-30.382957	0.000631	6.311347	2.138342	0.050972
  27	1.3000e-02	1.0716	-30.018872	0.000902	9.016210	3.054774	0.072817
  28	1.3500e-02	1.1278	-29.691195	0.000811	8.114589	2.749297	0.065535
  29	1.4000e-02	1.1679	-29.691195	0.000000	0.000000	0.000000	0.000000
  30	1.4500e-02	1.1903	-29.545560	0.000361	3.606484	1.221910	0.029127
  31	1.5000e-02	1.2385	-29.618377	-0.000180	-1.803242	-0.610955	-0.014563
  32	1.5500e-02	1.2834	-29.363517	0.000631	6.311347	2.138342	0.050972
  33	1.6000e-02	1.3267	-29.108657	0.000631	6.311347	2.138342	0.050972
  34	1.6500e-02	1.3764	-28.817389	0.000721	7.212968	2.443820	0.058254
  35	1.7000e-02	1.3861	-28.453303	0.000902	9.016210	3.054774	0.072817
  36	1.7500e-02	1.4422	-28.125626	0.000811	8.114589	2.749297	0.065535
  37	1.8000e-02	1.5064	-28.198443	-0.000180	-1.803242	-0.610955	-0.014563
  38	1.8500e-02	1.5288	-28.380486	-0.000451	-4.508105	-1.527387	-0.036409
  39	1.9000e-02	1.5433	-27.979991	0.000992	9.917831	3.360252	0.080099
  40	1.9500e-02	1.5850	-27.725131	0.000631	6.311347	2.138342	0.050972
  41	2.0000e-02	1.6411	-27.579497	0.000361	3.606484	1.221910	0.029127
  42	2.0500e-02	1.6524	-27.615906	-0.000090	-0.901621	-0.305477	-0.007282
  43	2.1000e-02	1.7117	-27.033368	0.001443	14.425935	4.887639	0.116507
  44	2.1500e-02	1.7550	-26.669283	0.000902	9.016210	3.054774	0.072817
  45	2.2000e-02	1.7855	-26.742100	-0.000180	-1.803242	-0.610955	-0.014563
  46	2.2500e-02	1.8320	-26.596465	0.000361	3.606484	1.221910	0.029127
  47	2.3000e-02	1.8689	-26.632874	-0.000090	-0.901621	-0.305477	-0.007282
  48	2.3500e-02	1.8994	-26.414423	0.000541	5.409726	1.832865	0.043690
  49	2.4000e-02	1.9379	-25.904703	0.001262	12.622693	4.276684	0.101944
  50	2.4500e-02	1.9941	-26.123154	-0.000541	-5.409726	-1.832865	-0.043690
  51	2.5000e-02	2.0582	-25.904703	0.000541	5.409726	1.832865	0.043690
  52	2.5500e-02	2.0903	-25.795477	0.000270	2.704863	0.916432	0.021845
  53	2.6000e-02	2.1176	-25.358574	0.001082	10.819451	3.665729	0.087381
  54	2.6500e-02	2.1513	-24.921671	0.001082	10.819451	3.665729	0.087381
  55	2.7000e-02	2.1866	-25.067305	-0.000361	-3.606484	-1.221910	-0.029127
  56	2.7500e-02	2.2588	-24.848854	0.000541	5.409726	1.832865	0.043690
  57	2.8000e-02	2.2892	-24.739628	0.000270	2.704863	0.916432	0.021845
  58	2.8500e-02	2.3261	-24.448359	0.000721	7.212968	2.443820	0.058254
  59	2.9000e-02	2.3614	-24.411951	0.000090	0.901621	0.305477	0.007282
  60	2.9500e-02	2.3935	-24.047865	0.000902	9.016210	3.054774	0.072817
  61	3.0000e-02	2.4384	-24.011457	0.000090	0.901621	0.305477	0.007282
  62	3.0500e-02	2.4689	-23.902231	0.000270	2.704863	0.916432	0.021845
  63	3.1000e-02	2.5010	-23.538145	0.000902	9.016210	3.054774	0.072817
  64	3.1500e-02	2.5588	-23.392511	0.000361	3.606484	1.221910	0.029127
  65	3.2000e-02	2.6165	-23.283285	0.000270	2.704863	0.916432	0.021845
  66	3.2500e-02	2.6582	-23.210468	0.000180	1.803242	0.610955	0.014563
  67	3.3000e-02	2.6791	-23.028425	0.000451	4.508105	1.527387	0.036409
  68	3.3500e-02	2.7144	-22.846382	0.000451	4.508105	1.527387	0.036409
  69	3.4000e-02	2.7400	-22.627931	0.000541	5.409726	1.832865	0.043690
  70	3.4500e-02	2.8202	-22.591522	0.000090	0.901621	0.305477	0.007282
  71	3.5000e-02	2.8475	-22.263845	0.000811	8.114589	2.749297	0.065535
  72	3.5500e-02	2.9053	-22.300253	-0.000090	-0.901621	-0.305477	-0.007282
  73	3.6000e-02	2.9325	-21.863350	0.001082	10.819451	3.665729	0.087381
  74	3.6500e-02	2.9694	-21.754125	0.000270	2.704863	0.916432	0.021845
  75	3.7000e-02	3.0047	-21.717716	0.000090	0.901621	0.305477	0.007282
  76	3.7500e-02	3.0496	-21.426448	0.000721	7.212968	2.443820	0.058254
  77	3.8000e-02	3.0865	-21.280813	0.000361	3.606484	1.221910	0.029127
  78	3.8500e-02	3.1250	-21.098770	0.000451	4.508105	1.527387	0.036409
  79	3.9000e-02	3.1652	-21.062362	0.000090	0.901621	0.305477	0.007282
  80	3.9500e-02	3.2020	-20.843910	0.000541	5.409726	1.832865	0.043690
  81	4.0000e-02	3.2229	-20.734685	0.000270	2.704863	0.916432	0.021845
  82	4.0500e-02	3.2566	-20.297782	0.001082	10.819451	3.665729	0.087381
  83	4.1000e-02	3.3111	-20.370599	-0.000180	-1.803242	-0.610955	-0.014563
  84	4.1500e-02	3.3769	-19.824470	0.001352	13.524314	4.582162	0.109226
  85	4.2000e-02	3.3849	-20.079330	-0.000631	-6.311347	-2.138342	-0.050972
  86	4.2500e-02	3.4571	-20.042922	0.000090	0.901621	0.305477	0.007282
  87	4.3000e-02	3.4796	-19.824470	0.000541	5.409726	1.832865	0.043690
  88	4.3500e-02	3.5261	-19.788062	0.000090	0.901621	0.305477	0.007282
  89	4.4000e-02	3.5325	-19.169116	0.001533	15.327556	5.193117	0.123789
  90	4.4500e-02	3.6063	-19.096299	0.000180	1.803242	0.610955	0.014563
  91	4.5000e-02	3.6143	-19.169116	-0.000180	-1.803242	-0.610955	-0.014563
  92	4.5500e-02	3.6817	-18.877847	0.000721	7.212968	2.443820	0.058254
  93	4.6000e-02	3.7314	-18.768621	0.000270	2.704863	0.916432	0.021845
  94	4.6500e-02	3.7860	-18.368127	0.000992	9.917831	3.360252	0.080099
  95	4.7000e-02	3.7972	-18.368127	0.000000	0.000000	0.000000	0.000000
  96	4.7500e-02	3.8389	-18.295310	0.000180	1.803242	0.610955	0.014563
  97	4.8000e-02	3.8742	-18.149676	0.000361	3.606484	1.221910	0.029127
  98	4.8500e-02	3.9272	-18.076858	0.000180	1.803242	0.610955	0.014563
  99	4.9000e-02	3.9272	-17.712773	-0.000902	-9.016210	-3.054774	0.072817
 100	4.9500e-02	4.0170	-17.603547	0.000270	2.704863	0.916432	0.021845
 101	5.0000e-02	4.0699	-17.421504	0.000451	4.508105	1.527387	0.036409
 102	5.0500e-02	4.0764	-17.348687	0.000180	1.803242	0.610955	0.014563
 103	5.1000e-02	4.1036	-17.239461	0.000270	2.704863	0.916432	0.021845
 104	5.1500e-02	4.1469	-16.766150	0.001172	11.721072	3.971207	0.094662
 105	5.2000e-02	4.2288	-16.693333	0.000180	1.803242	0.610955	0.014563
 106	5.2500e-02	4.2223	-16.693333	-0.000000	-0.000000	-0.000000	0.000000
 107	5.3000e-02	4.2657	-16.729741	-0.000090	-0.901621	-0.305477	-0.007282
 108	5.3500e-02	4.3298	-16.183612	0.001352	13.524314	4.582162	0.109226
 109	5.4000e-02	4.3571	-15.928752	0.000631	6.311347	2.138342	0.050972
 110	5.4500e-02	4.4132	-15.892344	0.000090	0.901621	0.305477	0.007282
 111	5.5000e-02	4.4341	-15.819527	0.000180	1.803242	0.610955	0.014563
 112	5.5500e-02	4.4822	-15.419032	0.000992	9.917831	3.360252	0.080099
 113	5.6000e-02	4.5448	-15.564667	-0.000361	-3.606484	-1.221910	-0.029127
 114	5.6500e-02	4.5528	-15.091355	0.001172	11.721072	3.971207	0.094662
 115	5.7000e-02	4.5865	-15.200581	-0.000270	-2.704863	-0.916432	-0.021845
 116	5.7500e-02	4.6041	-15.018538	0.000451	4.508105	1.527387	0.036409
 117	5.8000e-02	4.6844	-14.982129	0.000090	0.901621	0.305477	0.007282
 118	5.8500e-02	4.7213	-14.618044	0.000902	9.016210	3.054774	0.072817
 119	5.9000e-02	4.7726	-14.436001	0.000451	4.508105	1.527387	0.036409
 120	5.9500e-02	4.7951	-14.472409	-0.000090	-0.901621	-0.305477	-0.007282
 121	6.0000e-02	4.8368	-13.999098	0.001172	11.721072	3.971207	0.094662
 122	6.0500e-02	4.8817	-14.290366	-0.000721	-7.212968	-2.443820	-0.058254
 123	6.1000e-02	4.9250	-13.780646	0.001262	12.622693	4.276684	0.101944
 124	6.1500e-02	4.9555	-13.999098	-0.000541	-5.409726	-1.832865	-0.043690
 125	6.2000e-02	5.0052	-13.198109	0.001984	19.835661	6.720504	0.160198
 126	6.2500e-02	5.0437	-13.270926	-0.000180	-1.803242	-0.610955	-0.014563
 127	6.3000e-02	5.0806	-13.234518	0.000090	0.901621	0.305477	0.007282
 128	6.3500e-02	5.1368	-13.198109	0.000090	0.901621	0.305477	0.007282
 129	6.4000e-02	5.1688	-12.506346	0.001713	17.130798	5.804072	0.138353
 130	6.4500e-02	5.2057	-12.834023	-0.000811	-8.114589	-2.749297	-0.065535
 131	6.5000e-02	5.2539	-12.688389	0.000361	3.606484	1.221910	0.029127
 132	6.5500e-02	5.2635	-12.579163	0.000270	2.704863	0.916432	0.021845
 133	6.6000e-02	5.3164	-12.360712	0.000541	5.409726	1.832865	0.043690
 134	6.6500e-02	5.3678	-12.178669	0.000451	4.508105	1.527387	0.036409
 135	6.7000e-02	5.4015	-12.178669	0.000000	0.000000	0.000000	0.000000
 136	6.7500e-02	5.4271	-12.324303	-0.000361	-3.606484	-1.221910	-0.029127
 137	6.8000e-02	5.4752	-11.814583	0.001262	12.622693	4.276684	0.101944
 138	6.8500e-02	5.5121	-11.523315	0.000721	7.212968	2.443820	0.058254
 139	6.9000e-02	5.5779	-11.705357	-0.000451	-4.508105	-1.527387	-0.036409
 140	6.9500e-02	5.5940	-11.377680	0.000811	8.114589	2.749297	0.065535
 141	7.0000e-02	5.6276	-11.159229	0.000541	5.409726	1.832865	0.043690
 142	7.0500e-02	5.6950	-10.977186	0.000451	4.508105	1.527387	0.036409
 143	7.1000e-02	5.7095	-10.904369	0.000180	1.803242	0.610955	0.014563
 144	7.1500e-02	5.7608	-10.431057	0.001172	11.721072	3.971207	0.094662
 145	7.2000e-02	5.8057	-10.285423	0.000361	3.606484	1.221910	0.029127
 146	7.2500e-02	5.8442	-10.103380	0.000451	4.508105	1.527387	0.036409
 147	7.3000e-02	5.8731	-10.285423	-0.000451	-4.508105	-1.527387	-0.036409
 148	7.3500e-02	5.9100	-9.921337	0.000902	9.016210	3.054774	0.072817
 149	7.4000e-02	5.9822	-9.702886	0.000541	5.409726	1.832865	0.043690
 150	7.4500e-02	6.0030	-9.630069	0.000180	1.803242	0.610955	0.014563
 151	7.5000e-02	6.0464	-9.739294	-0.000270	-2.704863	-0.916432	-0.021845
 152	7.5500e-02	6.0833	-9.448026	0.000721	7.212968	2.443820	0.058254
 153	7.6000e-02	6.1105	-9.120349	0.000811	8.114589	2.749297	0.065535
 154	7.6500e-02	6.1731	-9.047531	0.000180	1.803242	0.610955	0.014563
 155	7.7000e-02	6.2164	-8.865488	0.000451	4.508105	1.527387	0.036409
 156	7.7500e-02	6.2437	-8.647037	0.000541	5.409726	1.832865	0.043690
 157	7.8000e-02	6.2934	-8.829080	-0.000451	-4.508105	-1.527387	-0.036409
 158	7.8500e-02	6.3496	-8.537811	0.000721	7.212968	2.443820	0.058254
 159	7.9000e-02	6.3463	-8.392177	-0.000361	-3.606484	-1.221910	0.029127
 160	7.9500e-02	6.3768	-7.918865	0.001172	11.721072	3.971207	0.094662
 161	8.0000e-02	6.4394	-7.882457	0.000090	0.901621	0.305477	0.007282
 162	8.0500e-02	6.4795	-7.991683	-0.000270	-2.704863	-0.916432	-0.021845
 163	8.1000e-02	6.4827	-7.773231	0.000541	5.409726	1.832865	0.043690
 164	8.1500e-02	6.5661	-7.554780	0.000541	5.409726	1.832865	0.043690
 165	8.2000e-02	6.6126	-7.336328	0.000541	5.409726	1.832865	0.043690
 166	8.2500e-02	6.6640	-7.081468	0.000631	6.311347	2.138342	0.050972
 167	8.3000e-02	6.6672	-7.409145	-0.000811	-8.114589	-2.749297	-0.065535
 168	8.3500e-02	6.7233	-6.935834	0.001172	11.721072	3.971207	0.094662
 169	8.4000e-02	6.7667	-6.863017	0.000180	1.803242	0.610955	0.014563
 170	8.4500e-02	6.8084	-6.826608	0.000090	0.901621	0.305477	0.007282
 171	8.5000e-02	6.8324	-6.680974	0.000361	3.606484	1.221910	0.029127
 172	8.5500e-02	6.8998	-6.280480	0.000992	9.917831	3.360252	0.080099
 173	8.6000e-02	6.9351	-6.280480	0.000000	0.000000	0.000000	0.000000
 174	8.6500e-02	6.9752	-6.062028	0.000541	5.409726	1.832865	0.043690
 175	8.7000e-02	7.0009	-5.916394	0.000361	3.606484	1.221910	0.029127
 176	8.7500e-02	7.0442	-5.843577	0.000180	1.803242	0.610955	0.014563
 177	8.8000e-02	7.0715	-5.916394	-0.000180	-1.803242	-0.610955	-0.014563
 178	8.8500e-02	7.1324	-5.370265	0.001352	13.524314	4.582162	0.109226
 179	8.9000e-02	7.1757	-5.370265	0.000000	0.000000	0.000000	0.000000
 180	8.9500e-02	7.1725	-5.261039	-0.000270	-2.704863	-0.916432	0.021845
 181	9.0000e-02	7.2335	-5.370265	-0.000270	-2.704863	-0.916432	-0.021845
 182	9.0500e-02	7.2784	-4.933362	0.001082	10.819451	3.665729	0.087381
 183	9.1000e-02	7.3153	-4.642094	0.000721	7.212968	2.443820	0.058254
 184	9.1500e-02	7.3410	-4.569276	0.000180	1.803242	0.610955	0.014563
 185	9.2000e-02	7.3875	-4.314416	0.000631	6.311347	2.138342	0.050972
 186	9.2500e-02	7.4276	-4.496459	-0.000451	-4.508105	-1.527387	-0.036409
 187	9.3000e-02	7.4709	-4.095965	0.000992	9.917831	3.360252	0.080099
 188	9.3500e-02	7.5239	-4.059556	0.000090	0.901621	0.305477	0.007282
 189	9.4000e-02	7.5607	-4.023148	0.000090	0.901621	0.305477	0.007282
 190	9.4500e-02	7.5960	-3.950331	0.000180	1.803242	0.610955	0.014563
 191	9.5000e-02	7.6538	-3.731879	0.000541	5.409726	1.832865	0.043690
 192	9.5500e-02	7.6730	-3.149342	0.001443	14.425935	4.887639	0.116507
 193	9.6000e-02	7.7148	-3.586245	-0.001082	-10.819451	-3.665729	-0.087381
 194	9.6500e-02	7.7613	-3.040116	0.001352	13.524314	4.582162	0.109226
 195	9.7000e-02	7.7853	-3.040116	0.000000	0.000000	0.000000	0.000000
 196	9.7500e-02	7.8623	-2.821665	0.000541	5.409726	1.832865	0.043690
 197	9.8000e-02	7.8559	-2.493988	-0.000811	-8.114589	-2.749297	0.065535
 198	9.8500e-02	7.9265	-2.384762	0.000270	2.704863	0.916432	0.021845
 199	9.9000e-02	7.9698	-2.348353	0.000090	0.901621	0.305477	0.007282
 200	9.9500e-02	7.9955	-2.275536	0.000180	1.803242	0.610955	0.014563
 201	1.0000e-01	8.0131	-2.020676	0.000631	6.311347	2.138342	0.050972
 202	1.0050e-01	8.0645	-1.984267	0.000090	0.901621	0.305477	0.007282
 203	1.0100e-01	8.1126	-1.875042	0.000270	2.704863	0.916432	0.021845
 204	1.0150e-01	8.1319	-1.802225	0.000180	1.803242	0.610955	0.014563
 205	1.0200e-01	8.1832	-1.474547	0.000811	8.114589	2.749297	0.065535
 206	1.0250e-01	8.2490	-1.692999	-0.000541	-5.409726	-1.832865	-0.043690
 207	1.0300e-01	8.2843	-1.219687	0.001172	11.721072	3.971207	0.094662
 208	1.0350e-01	8.2955	-0.928419	0.000721	7.212968	2.443820	0.058254
 209	1.0400e-01	8.3741	-0.892010	0.000090	0.901621	0.305477	0.007282
 210	1.0450e-01	8.3998	-0.928419	-0.000090	-0.901621	-0.305477	-0.007282
 211	1.0500e-01	8.4367	-0.600742	0.000811	8.114589	2.749297	0.065535
 212	1.0550e-01	8.4543	-0.855602	-0.000631	-6.311347	-2.138342	-0.050972
 213	1.0600e-01	8.5024	-0.782784	0.000180	1.803242	0.610955	0.014563
 214	1.0650e-01	8.5570	-0.018204	0.001893	18.934040	6.415026	0.152916
 215	1.0700e-01	8.6147	-0.091021	-0.000180	-1.803242	-0.610955	-0.014563
 216	1.0750e-01	8.6211	0.273064	0.000902	9.016210	3.054774	0.072817
 217	1.0800e-01	8.7110	0.127430	-0.000361	-3.606484	-1.221910	-0.029127
 218	1.0850e-01	8.7142	0.273064	0.000361	3.606484	1.221910	0.029127
 219	1.0900e-01	8.7671	0.418699	0.000361	3.606484	1.221910	0.029127
 220	1.0950e-01	8.7864	0.709967	0.000721	7.212968	2.443820	0.058254
 221	1.1000e-01	8.8393	0.600742	-0.000270	-2.704863	-0.916432	-0.021845
 222	1.1050e-01	8.8907	0.673559	0.000180	1.803242	0.610955	0.014563
 223	1.1100e-01	8.9163	0.964827	0.000721	7.212968	2.443820	0.058254
 224	1.1150e-01	8.9500	1.256096	0.000721	7.212968	2.443820	0.058254
 225	1.1200e-01	9.0238	1.256096	0.000000	0.000000	0.000000	0.000000
 226	1.1250e-01	9.0254	1.620182	0.000902	9.016210	3.054774	0.072817
 227	1.1300e-01	9.0912	1.620182	0.000000	0.000000	0.000000	0.000000
 228	1.1350e-01	9.1425	1.911450	0.000721	7.212968	2.443820	0.058254
 229	1.1400e-01	9.1666	1.838633	-0.000180	-1.803242	-0.610955	-0.014563
 230	1.1450e-01	9.1955	2.166310	0.000811	8.114589	2.749297	0.065535
 231	1.1500e-01	9.2612	2.239127	0.000180	1.803242	0.610955	0.014563
 232	1.1550e-01	9.2933	2.093493	-0.000361	-3.606484	-1.221910	-0.029127
 233	1.1600e-01	9.3126	2.275536	0.000451	4.508105	1.527387	0.036409
 234	1.1650e-01	9.3671	2.493988	0.000541	5.409726	1.832865	0.043690
 235	1.1700e-01	9.4056	2.676030	0.000451	4.508105	1.527387	0.036409
 236	1.1750e-01	9.4377	2.930890	0.000631	6.311347	2.138342	0.050972
 237	1.1800e-01	9.4650	3.112933	0.000451	4.508105	1.527387	0.036409
 238	1.1850e-01	9.5211	2.930890	-0.000451	-4.508105	-1.527387	-0.036409
 239	1.1900e-01	9.5596	3.222159	0.000721	7.212968	2.443820	0.058254
 240	1.1950e-01	9.6206	3.549836	0.000811	8.114589	2.749297	0.065535
 241	1.2000e-01	9.6382	3.586245	0.000090	0.901621	0.305477	0.007282
 242	1.2050e-01	9.6575	3.404202	-0.000451	-4.508105	-1.527387	-0.036409
 243	1.2100e-01	9.6976	4.059556	0.001623	16.229177	5.498594	0.131071
 244	1.2150e-01	9.7200	3.913922	-0.000361	-3.606484	-1.221910	-0.029127
 245	1.2200e-01	9.7987	4.095965	0.000451	4.508105	1.527387	0.036409
 246	1.2250e-01	9.8356	4.059556	-0.000090	-0.901621	-0.305477	-0.007282
 247	1.2300e-01	9.8869	4.132373	0.000180	1.803242	0.610955	0.014563
 248	1.2350e-01	9.9174	4.824136	0.001713	17.130798	5.804072	0.138353
 249	1.2400e-01	9.9671	4.496459	-0.000811	-8.114589	-2.749297	-0.065535
 250	1.2450e-01	10.0136	4.860545	0.000902	9.016210	3.054774	0.072817
 251	1.2500e-01	10.0409	4.896954	0.000090	0.901621	0.305477	0.007282
 252	1.2550e-01	10.0634	4.824136	-0.000180	-1.803242	-0.610955	-0.014563
 253	1.2600e-01	10.1227	5.406674	0.001443	14.425935	4.887639	0.116507
 254	1.2650e-01	10.1660	5.443082	0.000090	0.901621	0.305477	0.007282
 255	1.2700e-01	10.1837	5.625125	0.000451	4.508105	1.527387	0.036409
 256	1.2750e-01	10.2366	5.697942	0.000180	1.803242	0.610955	0.014563
 257	1.2800e-01	10.2863	5.552308	-0.000361	-3.606484	-1.221910	-0.029127
 258	1.2850e-01	10.3216	6.025619	0.001172	11.721072	3.971207	0.094662
 259	1.2900e-01	10.3601	5.916394	-0.000270	-2.704863	-0.916432	-0.021845
 260	1.2950e-01	10.4179	6.389705	0.001172	11.721072	3.971207	0.094662
 261	1.3000e-01	10.4532	6.426114	0.000090	0.901621	0.305477	0.007282
 262	1.3050e-01	10.4965	6.753791	0.000811	8.114589	2.749297	0.065535
 263	1.3100e-01	10.5109	6.498931	-0.000631	-6.311347	-2.138342	-0.050972
 264	1.3150e-01	10.5270	6.717382	0.000541	5.409726	1.832865	0.043690
 265	1.3200e-01	10.5815	6.863017	0.000361	3.606484	1.221910	0.029127
 266	1.3250e-01	10.6264	7.045060	0.000451	4.508105	1.527387	0.036409
 267	1.3300e-01	10.6906	6.935834	-0.000270	-2.704863	-0.916432	-0.021845
 268	1.3350e-01	10.7099	7.299920	0.000902	9.016210	3.054774	0.072817
 269	1.3400e-01	10.7548	7.299920	0.000000	0.000000	0.000000	0.000000
 270	1.3450e-01	10.8254	7.299920	0.000000	0.000000	0.000000	0.000000
 271	1.3500e-01	10.8446	7.736823	0.001082	10.819451	3.665729	0.087381
 272	1.3550e-01	10.8799	7.882457	0.000361	3.606484	1.221910	0.029127
 273	1.3600e-01	10.9216	7.700414	-0.000451	-4.508105	-1.527387	-0.036409
 274	1.3650e-01	10.9505	8.282951	0.001443	14.425935	4.887639	0.116507
 275	1.3700e-01	11.0211	8.064500	-0.000541	-5.409726	-1.832865	-0.043690
 276	1.3750e-01	11.0211	8.392177	-0.000811	-8.114589	-2.749297	0.065535
 277	1.3800e-01	11.0917	8.282951	-0.000270	-2.704863	-0.916432	-0.021845
 278	1.3850e-01	11.1366	8.865488	0.001443	14.425935	4.887639	0.116507
 279	1.3900e-01	11.1574	8.829080	-0.000090	-0.901621	-0.305477	-0.007282
 280	1.3950e-01	11.2136	9.083940	0.000631	6.311347	2.138342	0.050972
 281	1.4000e-01	11.2280	8.901897	-0.000451	-4.508105	-1.527387	-0.036409
 282	1.4050e-01	11.3050	9.011123	0.000270	2.704863	0.916432	0.021845
 283	1.4100e-01	11.3355	9.265983	0.000631	6.311347	2.138342	0.050972
 284	1.4150e-01	11.3516	9.411617	0.000361	3.606484	1.221910	0.029127
 285	1.4200e-01	11.4013	9.448026	0.000090	0.901621	0.305477	0.007282
 286	1.4250e-01	11.4270	9.484434	0.000090	0.901621	0.305477	0.007282
 287	1.4300e-01	11.4606	9.557251	0.000180	1.803242	0.610955	0.014563
 288	1.4350e-01	11.5200	9.630069	0.000180	1.803242	0.610955	0.014563
 289	1.4400e-01	11.5697	10.103380	0.001172	11.721072	3.971207	0.094662
 290	1.4450e-01	11.6114	10.249014	0.000361	3.606484	1.221910	0.029127
 291	1.4500e-01	11.6644	10.139789	-0.000270	-2.704863	-0.916432	-0.021845
 292	1.4550e-01	11.6852	10.321832	0.000451	4.508105	1.527387	0.036409
 293	1.4600e-01	11.7029	10.576692	0.000631	6.311347	2.138342	0.050972
 294	1.4650e-01	11.7558	10.503874	-0.000180	-1.803242	-0.610955	-0.014563
 295	1.4700e-01	11.8007	11.013595	0.001262	12.622693	4.276684	0.101944
 296	1.4750e-01	11.8665	10.649509	-0.000902	-9.016210	-3.054774	-0.072817
 297	1.4800e-01	11.8874	11.341272	0.001713	17.130798	5.804072	0.138353
 298	1.4850e-01	11.9194	11.304863	-0.000090	-0.901621	-0.305477	-0.007282
 299	1.4900e-01	11.9788	11.450497	0.000361	3.606484	1.221910	0.029127
 300	1.4950e-01	12.0061	11.450497	0.000000	0.000000	0.000000	0.000000
 301	1.5000e-01	12.0301	11.668949	0.000541	5.409726	1.832865	0.043690
 302	1.5050e-01	12.0558	11.632540	-0.000090	-0.901621	-0.305477	-0.007282
 303	1.5100e-01	12.1392	12.033035	0.000992	9.917831	3.360252	0.080099
 304	1.5150e-01	12.1585	12.105852	0.000180	1.803242	0.610955	0.014563
 305	1.5200e-01	12.2066	12.215078	0.000270	2.704863	0.916432	0.021845
 306	1.5250e-01	12.2178	12.324303	0.000270	2.704863	0.916432	0.021845
 307	1.5300e-01	12.2756	12.287895	-0.000090	-0.901621	-0.305477	-0.007282
 308	1.5350e-01	12.3125	12.506346	0.000541	5.409726	1.832865	0.043690
 309	1.5400e-01	12.3430	12.469938	-0.000090	-0.901621	-0.305477	-0.007282
 310	1.5450e-01	12.4023	13.016066	0.001352	13.524314	4.582162	0.109226
 311	1.5500e-01	12.4456	12.761206	-0.000631	-6.311347	-2.138342	-0.050972
 312	1.5550e-01	12.4745	13.125292	0.000902	9.016210	3.054774	0.072817
 313	1.5600e-01	12.5371	13.125292	0.000000	0.000000	0.000000	0.000000
 314	1.5650e-01	12.5660	12.906841	-0.000541	-5.409726	-1.832865	-0.043690
 315	1.5700e-01	12.5836	13.489378	0.001443	14.425935	4.887639	0.116507
 316	1.5750e-01	12.6285	13.598603	0.000270	2.704863	0.916432	0.021845
 317	1.5800e-01	12.6799	13.671421	0.000180	1.803242	0.610955	0.014563
 318	1.5850e-01	12.7264	13.853464	0.000451	4.508105	1.527387	0.036409
 319	1.5900e-01	12.7312	13.853464	0.000000	0.000000	0.000000	0.000000
 320	1.5950e-01	12.7938	14.363184	0.001262	12.622693	4.276684	0.101944
 321	1.6000e-01	12.8531	13.999098	-0.000902	-9.016210	-3.054774	-0.072817
 322	1.6050e-01	12.8595	14.253958	0.000631	6.311347	2.138342	0.050972
 323	1.6100e-01	12.9157	14.436001	0.000451	4.508105	1.527387	0.036409
 324	1.6150e-01	12.9317	14.436001	0.000000	0.000000	0.000000	0.000000
 325	1.6200e-01	12.9943	14.508818	0.000180	1.803242	0.610955	0.014563
 326	1.6250e-01	13.0119	14.909312	0.000992	9.917831	3.360252	0.080099
 327	1.6300e-01	13.0697	14.836495	-0.000180	-1.803242	-0.610955	-0.014563
 328	1.6350e-01	13.1082	15.164172	0.000811	8.114589	2.749297	0.065535
 329	1.6400e-01	13.1451	14.982129	-0.000451	-4.508105	-1.527387	-0.036409
 330	1.6450e-01	13.1980	15.455441	0.001172	11.721072	3.971207	0.094662
 331	1.6500e-01	13.2221	15.346215	-0.000270	-2.704863	-0.916432	-0.021845
 332	1.6550e-01	13.2911	15.673892	0.000811	8.114589	2.749297	0.065535
 333	1.6600e-01	13.3376	15.746710	0.000180	1.803242	0.610955	0.014563
 334	1.6650e-01	13.3360	15.528258	0.000541	5.409726	1.832865	-0.043690
 335	1.6700e-01	13.4114	15.855935	0.000811	8.114589	2.749297	0.065535
 336	1.6750e-01	13.4274	16.438472	0.001443	14.425935	4.887639	0.116507
 337	1.6800e-01	13.4836	16.110795	-0.000811	-8.114589	-2.749297	-0.065535
 338	1.6850e-01	13.5125	16.220021	0.000270	2.704863	0.916432	0.021845
 339	1.6900e-01	13.5445	16.365655	0.000361	3.606484	1.221910	0.029127
 340	1.6950e-01	13.5750	16.693333	0.000811	8.114589	2.749297	0.065535
 341	1.7000e-01	13.6135	16.729741	0.000090	0.901621	0.305477	0.007282
 342	1.7050e-01	13.6793	16.656924	-0.000180	-1.803242	-0.610955	-0.014563
 343	1.7100e-01	13.7162	16.693333	0.000090	0.901621	0.305477	0.007282
 344	1.7150e-01	13.7675	16.693333	0.000000	0.000000	0.000000	0.000000
 345	1.7200e-01	13.7755	16.729741	0.000090	0.901621	0.305477	0.007282
 346	1.7250e-01	13.8365	17.239461	0.001262	12.622693	4.276684	0.101944
 347	1.7300e-01	13.8911	17.348687	0.000270	2.704863	0.916432	0.021845
 348	1.7350e-01	13.9183	17.385096	0.000090	0.901621	0.305477	0.007282
 349	1.7400e-01	13.9552	17.676364	0.000721	7.212968	2.443820	0.058254
 350	1.7450e-01	13.9969	17.348687	-0.000811	-8.114589	-2.749297	-0.065535
 351	1.7500e-01	14.0178	17.967633	0.001533	15.327556	5.193117	0.123789
 352	1.7550e-01	14.0675	18.113267	0.000361	3.606484	1.221910	0.029127
 353	1.7600e-01	14.1092	18.076858	-0.000090	-0.901621	-0.305477	-0.007282
 354	1.7650e-01	14.1381	18.258901	0.000451	4.508105	1.527387	0.036409
 355	1.7700e-01	14.1959	18.331719	0.000180	1.803242	0.610955	0.014563
 356	1.7750e-01	14.2247	18.622987	0.000721	7.212968	2.443820	0.058254
 357	1.7800e-01	14.2488	18.368127	-0.000631	-6.311347	-2.138342	-0.050972
 358	1.7850e-01	14.3049	18.768621	0.000992	9.917831	3.360252	0.080099
 359	1.7900e-01	14.3499	18.841439	0.000180	1.803242	0.610955	0.014563
 360	1.7950e-01	14.3884	19.169116	0.000811	8.114589	2.749297	0.065535
 361	1.8000e-01	14.4237	18.768621	-0.000992	-9.917831	-3.360252	-0.080099
 362	1.8050e-01	14.4477	18.914256	0.000361	3.606484	1.221910	0.029127
 363	1.8100e-01	14.5199	19.314750	0.000992	9.917831	3.360252	0.080099
 364	1.8150e-01	14.5440	19.533202	0.000541	5.409726	1.832865	0.043690
 365	1.8200e-01	14.6001	19.387567	-0.000361	-3.606484	-1.221910	-0.029127
 366	1.8250e-01	14.6258	19.788062	0.000992	9.917831	3.360252	0.080099
 367	1.8300e-01	14.6563	19.715244	-0.000180	-1.803242	-0.610955	-0.014563
 368	1.8350e-01	14.7188	20.152147	0.001082	10.819451	3.665729	0.087381
 369	1.8400e-01	14.7589	20.006513	-0.000361	-3.606484	-1.221910	-0.029127
 370	1.8450e-01	14.7862	20.115739	0.000270	2.704863	0.916432	0.021845
 371	1.8500e-01	14.8359	20.661867	0.001352	13.524314	4.582162	0.109226
 372	1.8550e-01	14.8584	20.516233	-0.000361	-3.606484	-1.221910	-0.029127
 373	1.8600e-01	14.9146	20.224965	-0.000721	-7.212968	-2.443820	-0.058254
 374	1.8650e-01	14.9707	20.843910	0.001533	15.327556	5.193117	0.123789
 375	1.8700e-01	14.9835	20.698276	-0.000361	-3.606484	-1.221910	-0.029127
 376	1.8750e-01	15.0413	20.880319	0.000451	4.508105	1.527387	0.036409
 377	1.8800e-01	15.0718	20.953136	0.000180	1.803242	0.610955	0.014563
 378	1.8850e-01	15.1488	21.244405	0.000721	7.212968	2.443820	0.058254
 379	1.8900e-01	15.1568	21.244405	0.000000	0.000000	0.000000	0.000000
 380	1.8950e-01	15.2017	21.135179	-0.000270	-2.704863	-0.916432	-0.021845
 381	1.9000e-01	15.2242	21.426448	0.000721	7.212968	2.443820	0.058254
 382	1.9050e-01	15.2787	21.207996	-0.000541	-5.409726	-1.832865	-0.043690
 383	1.9100e-01	15.3124	21.899759	0.001713	17.130798	5.804072	0.138353
 384	1.9150e-01	15.3718	21.717716	-0.000451	-4.508105	-1.527387	-0.036409
 385	1.9200e-01	15.4054	21.863350	0.000361	3.606484	1.221910	0.029127
 386	1.9250e-01	15.4472	22.045393	0.000451	4.508105	1.527387	0.036409
 387	1.9300e-01	15.5145	22.008985	-0.000090	-0.901621	-0.305477	-0.007282
 388	1.9350e-01	15.5193	22.227436	0.000541	5.409726	1.832865	0.043690
 389	1.9400e-01	15.5466	22.373071	0.000361	3.606484	1.221910	0.029127
 390	1.9450e-01	15.6172	22.518705	0.000361	3.606484	1.221910	0.029127
 391	1.9500e-01	15.6493	22.882791	0.000902	9.016210	3.054774	0.072817
 392	1.9550e-01	15.6766	22.591522	-0.000721	-7.212968	-2.443820	-0.058254
 393	1.9600e-01	15.7119	23.028425	0.001082	10.819451	3.665729	0.087381
 394	1.9650e-01	15.7343	22.992016	-0.000090	-0.901621	-0.305477	-0.007282
 395	1.9700e-01	15.7905	23.246876	0.000631	6.311347	2.138342	0.050972
 396	1.9750e-01	15.8418	23.210468	-0.000090	-0.901621	-0.305477	-0.007282
 397	1.9800e-01	15.8546	23.319694	0.000270	2.704863	0.916432	0.021845
 398	1.9850e-01	15.9172	23.465328	0.000361	3.606484	1.221910	0.029127
 399	1.9900e-01	15.9461	23.756596	0.000721	7.212968	2.443820	0.058254
 400	1.9950e-01	15.9766	23.793005	0.000090	0.901621	0.305477	0.007282
 401	2.0000e-01	16.0215	23.574554	-0.000541	-5.409726	-1.832865	-0.043690
 402	2.0050e-01	16.0664	23.647371	0.000180	1.803242	0.610955	0.014563
 403	2.0100e-01	16.1081	24.047865	0.000992	9.917831	3.360252	0.080099
 404	2.0150e-01	16.1498	24.157091	0.000270	2.704863	0.916432	0.021845
 405	2.0200e-01	16.1739	24.120682	-0.000090	-0.901621	-0.305477	-0.007282
 406	2.0250e-01	16.2413	24.448359	0.000811	8.114589	2.749297	0.065535
 407	2.0300e-01	16.2653	24.120682	-0.000811	-8.114589	-2.749297	-0.065535
 408	2.0350e-01	16.3311	24.411951	0.000721	7.212968	2.443820	0.058254
 409	2.0400e-01	16.3519	24.958080	0.001352	13.524314	4.582162	0.109226
 410	2.0450e-01	16.4049	24.958080	0.000000	0.000000	0.000000	0.000000
 411	2.0500e-01	16.4354	24.994488	0.000090	0.901621	0.305477	0.007282
 412	2.0550e-01	16.4723	25.212940	0.000541	5.409726	1.832865	0.043690
 413	2.0600e-01	16.5188	25.285757	0.000180	1.803242	0.610955	0.014563
 414	2.0650e-01	16.5461	25.249348	-0.000090	-0.901621	-0.305477	-0.007282
 415	2.0700e-01	16.5942	25.249348	0.000000	0.000000	0.000000	0.000000
 416	2.0750e-01	16.6600	25.686251	0.001082	10.819451	3.665729	0.087381
 417	2.0800e-01	16.6712	25.613434	-0.000180	-1.803242	-0.610955	-0.014563
 418	2.0850e-01	16.7209	25.831885	0.000541	5.409726	1.832865	0.043690
 419	2.0900e-01	16.7418	25.577025	-0.000631	-6.311347	-2.138342	-0.050972
 420	2.0950e-01	16.7995	26.341605	0.001893	18.934040	6.415026	0.152916
 421	2.1000e-01	16.8509	26.123154	-0.000541	-5.409726	-1.832865	-0.043690
 422	2.1050e-01	16.8637	26.232380	0.000270	2.704863	0.916432	0.021845
 423	2.1100e-01	16.9263	26.232380	0.000000	0.000000	0.000000	0.000000
 424	2.1150e-01	16.9680	26.232380	0.000000	0.000000	0.000000	0.000000
 425	2.1200e-01	16.9888	26.414423	0.000451	4.508105	1.527387	0.036409
 426	2.1250e-01	17.0305	26.450831	0.000090	0.901621	0.305477	0.007282
 427	2.1300e-01	17.0835	26.924143	0.001172	11.721072	3.971207	0.094662
 428	2.1350e-01	17.1027	26.851326	-0.000180	-1.803242	-0.610955	-0.014563
 429	2.1400e-01	17.1509	27.069777	0.000541	5.409726	1.832865	0.043690
 430	2.1450e-01	17.2038	27.069777	0.000000	0.000000	0.000000	0.000000
 431	2.1500e-01	17.2214	27.652314	0.001443	14.425935	4.887639	0.116507
 432	2.1550e-01	17.2664	27.397454	-0.000631	-6.311347	-2.138342	-0.050972
 433	2.1600e-01	17.3049	27.652314	0.000631	6.311347	2.138342	0.050972
 434	2.1650e-01	17.3482	27.688723	0.000090	0.901621	0.305477	0.007282
 435	2.1700e-01	17.3883	27.433863	-0.000631	-6.311347	-2.138342	-0.050972
 436	2.1750e-01	17.4428	28.162034	0.001803	18.032419	6.109549	0.145634
 437	2.1800e-01	17.4733	27.433863	-0.001803	-18.032419	-6.109549	-0.145634
 438	2.1850e-01	17.5086	28.052809	0.001533	15.327556	5.193117	0.123789
 439	2.1900e-01	17.5583	27.834357	-0.000541	-5.409726	-1.832865	-0.043690
 440	2.1950e-01	17.5968	28.271260	0.001082	10.819451	3.665729	0.087381
 441	2.2000e-01	17.6482	28.234851	-0.000090	-0.901621	-0.305477	-0.007282
 442	2.2050e-01	17.6658	28.380486	0.000361	3.606484	1.221910	0.029127
 443	2.2100e-01	17.6995	28.635346	0.000631	6.311347	2.138342	0.050972
 444	2.2150e-01	17.7428	28.817389	0.000451	4.508105	1.527387	0.036409
 445	2.2200e-01	17.8182	28.671754	-0.000361	-3.606484	-1.221910	-0.029127
 446	2.2250e-01	17.8519	28.890206	0.000541	5.409726	1.832865	0.043690
 447	2.2300e-01	17.8904	28.926614	0.000090	0.901621	0.305477	0.007282
 448	2.2350e-01	17.9145	29.108657	0.000451	4.508105	1.527387	0.036409
 449	2.2400e-01	17.9514	29.035840	-0.000180	-1.803242	-0.610955	-0.014563
 450	2.2450e-01	18.0011	29.509152	0.001172	11.721072	3.971207	0.094662
 451	2.2500e-01	18.0300	29.108657	-0.000992	-9.917831	-3.360252	-0.080099
 452	2.2550e-01	18.0845	29.618377	0.001262	12.622693	4.276684	0.101944
 453	2.2600e-01	18.1326	29.909646	0.000721	7.212968	2.443820	0.058254
 454	2.2650e-01	18.1647	29.764012	-0.000361	-3.606484	-1.221910	-0.029127
 455	2.2700e-01	18.2161	29.691195	-0.000180	-1.803242	-0.610955	-0.014563
 456	2.2750e-01	18.2449	29.946055	0.000631	6.311347	2.138342	0.050972
 457	2.2800e-01	18.2642	30.055280	0.000270	2.704863	0.916432	0.021845
 458	2.2850e-01	18.3492	30.237323	0.000451	4.508105	1.527387	0.036409
 459	2.2900e-01	18.3572	30.310140	0.000180	1.803242	0.610955	0.014563
 460	2.2950e-01	18.4006	30.310140	0.000000	0.000000	0.000000	0.000000
 461	2.3000e-01	18.4342	30.091689	-0.000541	-5.409726	-1.832865	-0.043690
 462	2.3050e-01	18.4695	30.710635	0.001533	15.327556	5.193117	0.123789
 463	2.3100e-01	18.5032	30.783452	0.000180	1.803242	0.610955	0.014563
 464	2.3150e-01	18.5578	30.856269	0.000180	1.803242	0.610955	0.014563
 465	2.3200e-01	18.5931	30.674226	-0.000451	-4.508105	-1.527387	-0.036409
 466	2.3250e-01	18.6267	30.965495	0.000721	7.212968	2.443820	0.058254
 467	2.3300e-01	18.6893	31.074720	0.000270	2.704863	0.916432	0.021845
 468	2.3350e-01	18.7198	31.147538	0.000180	1.803242	0.610955	0.014563
 469	2.3400e-01	18.7872	31.147538	0.000000	0.000000	0.000000	0.000000
 470	2.3450e-01	18.8160	31.438806	0.000721	7.212968	2.443820	0.058254
 471	2.3500e-01	18.8321	31.693666	0.000631	6.311347	2.138342	0.050972
 472	2.3550e-01	18.8818	31.511623	-0.000451	-4.508105	-1.527387	-0.036409
 473	2.3600e-01	18.9187	31.766483	0.000631	6.311347	2.138342	0.050972
 474	2.3650e-01	18.9588	32.057752	0.000721	7.212968	2.443820	0.058254
 475	2.3700e-01	19.0037	31.766483	-0.000721	-7.212968	-2.443820	-0.058254
 476	2.3750e-01	19.0406	32.166978	0.000992	9.917831	3.360252	0.080099
 477	2.3800e-01	19.0823	32.130569	-0.000090	-0.901621	-0.305477	-0.007282
 478	2.3850e-01	19.1160	32.531064	0.000992	9.917831	3.360252	0.080099
 479	2.3900e-01	19.1417	32.385429	-0.000361	-3.606484	-1.221910	-0.029127
 480	2.3950e-01	19.2027	32.531064	0.000361	3.606484	1.221910	0.029127
 481	2.4000e-01	19.2684	32.421838	-0.000270	-2.704863	-0.916432	-0.021845
 482	2.4050e-01	19.2797	32.567472	0.000361	3.606484	1.221910	0.029127
 483	2.4100e-01	19.3053	32.931558	0.000902	9.016210	3.054774	0.072817
 484	2.4150e-01	19.3310	33.150009	0.000541	5.409726	1.832865	0.043690
 485	2.4200e-01	19.3872	32.749515	-0.000992	-9.917831	-3.360252	-0.080099
 486	2.4250e-01	19.4241	33.186418	0.001082	10.819451	3.665729	0.087381
 487	2.4300e-01	19.4658	33.259235	0.000180	1.803242	0.610955	0.014563
 488	2.4350e-01	19.5187	33.259235	0.000000	0.000000	0.000000	0.000000
 489	2.4400e-01	19.5604	33.441278	0.000451	4.508105	1.527387	0.036409
 490	2.4450e-01	19.5925	33.404869	-0.000090	-0.901621	-0.305477	-0.007282
 491	2.4500e-01	19.6310	33.550504	0.000361	3.606484	1.221910	0.029127
 492	2.4550e-01	19.6871	33.732547	0.000451	4.508105	1.527387	0.036409
 493	2.4600e-01	19.7064	33.550504	-0.000451	-4.508105	-1.527387	-0.036409
 494	2.4650e-01	19.7481	33.768955	0.000541	5.409726	1.832865	0.043690
 495	2.4700e-01	19.8139	34.023815	0.000631	6.311347	2.138342	0.050972
 496	2.4750e-01	19.8524	34.133041	0.000270	2.704863	0.916432	0.021845
 497	2.4800e-01	19.8588	34.205858	0.000180	1.803242	0.610955	0.014563
 498	2.4850e-01	19.9358	34.460718	0.000631	6.311347	2.138342	0.050972
 499	2.4900e-01	19.9518	34.460718	0.000000	0.000000	0.000000	0.000000
 500	2.4950e-01	19.9936	34.788395	0.000811	8.114589	2.749297	0.065535
 501	2.5000e-01	20.0545	34.533535	-0.000631	-6.311347	-2.138342	-0.050972
 502	2.5050e-01	19.9807	34.679170	-0.000361	-3.606484	-1.221910	0.029127
 503	2.5100e-01	19.9470	34.606352	0.000180	1.803242	0.610955	-0.014563
 504	2.5150e-01	19.9053	34.278675	0.000811	8.114589	2.749297	-0.065535
 505	2.5200e-01	19.8315	34.169449	0.000270	2.704863	0.916432	-0.021845
 506	2.5250e-01	19.8251	34.169449	-0.000000	-0.000000	-0.000000	0.000000
 507	2.5300e-01	19.7593	34.278675	-0.000270	-2.704863	-0.916432	0.021845
 508	2.5350e-01	19.7240	34.060224	0.000541	5.409726	1.832865	-0.043690
 509	2.5400e-01	19.6936	33.987407	0.000180	1.803242	0.610955	-0.014563
 510	2.5450e-01	19.6406	33.696138	0.000721	7.212968	2.443820	-0.058254
 511	2.5500e-01	19.6246	33.659729	0.000090	0.901621	0.305477	-0.007282
 512	2.5550e-01	19.5845	33.914589	-0.000631	-6.311347	-2.138342	0.050972
 513	2.5600e-01	19.5492	33.514095	0.000992	9.917831	3.360252	-0.080099
 514	2.5650e-01	19.5027	33.477687	0.000090	0.901621	0.305477	-0.007282
 515	2.5700e-01	19.4626	33.259235	0.000541	5.409726	1.832865	-0.043690
 516	2.5750e-01	19.4064	33.586912	-0.000811	-8.114589	-2.749297	0.065535
 517	2.5800e-01	19.4000	33.186418	0.000992	9.917831	3.360252	-0.080099
 518	2.5850e-01	19.3230	32.931558	0.000631	6.311347	2.138342	-0.050972
 519	2.5900e-01	19.3085	33.295644	-0.000902	-9.016210	-3.054774	0.072817
 520	2.5950e-01	19.2540	33.113601	0.000451	4.508105	1.527387	-0.036409
 521	2.6000e-01	19.2251	32.713106	0.000992	9.917831	3.360252	-0.080099
 522	2.6050e-01	19.1914	32.603881	0.000270	2.704863	0.916432	-0.021845
 523	2.6100e-01	19.1257	32.531064	0.000180	1.803242	0.610955	-0.014563
 524	2.6150e-01	19.0823	32.749515	-0.000541	-5.409726	-1.832865	0.043690
 525	2.6200e-01	19.0679	32.312612	0.001082	10.819451	3.665729	-0.087381
 526	2.6250e-01	19.0118	32.385429	-0.000180	-1.803242	-0.610955	0.014563
 527	2.6300e-01	18.9749	32.385429	-0.000000	-0.000000	-0.000000	0.000000
 528	2.6350e-01	18.9283	32.349021	0.000090	0.901621	0.305477	-0.007282
 529	2.6400e-01	18.8947	32.385429	-0.000090	-0.901621	-0.305477	0.007282
 530	2.6450e-01	18.8497	32.057752	0.000811	8.114589	2.749297	-0.065535
 531	2.6500e-01	18.8064	31.766483	0.000721	7.212968	2.443820	-0.058254
 532	2.6550e-01	18.7775	31.766483	-0.000000	-0.000000	-0.000000	0.000000
 533	2.6600e-01	18.7342	31.766483	-0.000000	-0.000000	-0.000000	0.000000
 534	2.6650e-01	18.7166	31.839301	-0.000180	-1.803242	-0.610955	0.014563
 535	2.6700e-01	18.6476	31.584441	0.000631	6.311347	2.138342	-0.050972
 536	2.6750e-01	18.6123	31.657258	-0.000180	-1.803242	-0.610955	0.014563
 537	2.6800e-01	18.5546	31.438806	0.000541	5.409726	1.832865	-0.043690
 538	2.6850e-01	18.5642	31.220355	-0.000541	-5.409726	-1.832865	-0.043690
 539	2.6900e-01	18.5016	31.256763	-0.000090	-0.901621	-0.305477	0.007282
 540	2.6950e-01	18.4615	30.892678	0.000902	9.016210	3.054774	-0.072817
 541	2.7000e-01	18.4134	30.856269	0.000090	0.901621	0.305477	-0.007282
 542	2.7050e-01	18.3653	31.220355	-0.000902	-9.016210	-3.054774	0.072817
 543	2.7100e-01	18.3348	31.147538	0.000180	1.803242	0.610955	-0.014563
 544	2.7150e-01	18.2915	30.637818	0.001262	12.622693	4.276684	-0.101944
 545	2.7200e-01	18.2530	30.601409	0.000090	0.901621	0.305477	-0.007282
 546	2.7250e-01	18.2385	30.710635	-0.000270	-2.704863	-0.916432	0.021845
 547	2.7300e-01	18.1808	30.382957	0.000811	8.114589	2.749297	-0.065535
 548	2.7350e-01	18.1246	30.200915	0.000451	4.508105	1.527387	-0.036409
 549	2.7400e-01	18.0957	30.200915	-0.000000	-0.000000	-0.000000	0.000000
 550	2.7450e-01	18.0300	29.982463	0.000541	5.409726	1.832865	-0.043690
 551	2.7500e-01	18.0171	29.764012	0.000541	5.409726	1.832865	-0.043690
 552	2.7550e-01	17.9674	29.764012	-0.000000	-0.000000	-0.000000	0.000000
 553	2.7600e-01	17.9482	29.764012	-0.000000	-0.000000	-0.000000	0.000000
 554	2.7650e-01	17.9064	29.545560	0.000541	5.409726	1.832865	-0.043690
 555	2.7700e-01	17.8519	29.654786	-0.000270	-2.704863	-0.916432	0.021845
 556	2.7750e-01	17.8214	29.363517	0.000721	7.212968	2.443820	-0.058254
 557	2.7800e-01	17.7701	29.436334	-0.000180	-1.803242	-0.610955	0.014563
 558	2.7850e-01	17.7444	29.509152	-0.000180	-1.803242	-0.610955	0.014563
 559	2.7900e-01	17.7011	29.399926	0.000270	2.704863	0.916432	-0.021845
 560	2.7950e-01	17.6626	29.145066	0.000631	6.311347	2.138342	-0.050972
 561	2.8000e-01	17.6032	29.072249	0.000180	1.803242	0.610955	-0.014563
 562	2.8050e-01	17.5936	29.035840	0.000090	0.901621	0.305477	-0.007282
 563	2.8100e-01	17.5375	28.708163	0.000811	8.114589	2.749297	-0.065535
 564	2.8150e-01	17.5022	29.072249	-0.000902	-9.016210	-3.054774	0.072817
 565	2.8200e-01	17.4589	28.526120	0.001352	13.524314	4.582162	-0.109226
 566	2.8250e-01	17.4188	28.598937	-0.000180	-1.803242	-0.610955	0.014563
 567	2.8300e-01	17.3803	28.344077	0.000631	6.311347	2.138342	-0.050972
 568	2.8350e-01	17.3241	27.979991	0.000902	9.016210	3.054774	-0.072817
 569	2.8400e-01	17.2936	28.052809	-0.000180	-1.803242	-0.610955	0.014563
 570	2.8450e-01	17.2615	28.234851	-0.000451	-4.508105	-1.527387	0.036409
 571	2.8500e-01	17.2134	28.307669	-0.000180	-1.803242	-0.610955	0.014563
 572	2.8550e-01	17.1669	27.870766	0.001082	10.819451	3.665729	-0.087381
 573	2.8600e-01	17.1156	27.797949	0.000180	1.803242	0.610955	-0.014563
 574	2.8650e-01	17.0979	27.579497	0.000541	5.409726	1.832865	-0.043690
 575	2.8700e-01	17.0466	27.834357	-0.000631	-6.311347	-2.138342	0.050972
 576	2.8750e-01	17.0097	27.433863	0.000992	9.917831	3.360252	-0.080099
 577	2.8800e-01	16.9567	27.251820	0.000451	4.508105	1.527387	-0.036409
 578	2.8850e-01	16.9471	27.506680	-0.000631	-6.311347	-2.138342	0.050972
 579	2.8900e-01	16.8958	27.397454	0.000270	2.704863	0.916432	-0.021845
 580	2.8950e-01	16.8797	27.179003	0.000541	5.409726	1.832865	-0.043690
 581	2.9000e-01	16.8380	26.887734	0.000721	7.212968	2.443820	-0.058254
 582	2.9050e-01	16.7867	26.814917	0.000180	1.803242	0.610955	-0.014563
 583	2.9100e-01	16.7482	27.033368	-0.000541	-5.409726	-1.832865	0.043690
 584	2.9150e-01	16.7049	26.596465	0.001082	10.819451	3.665729	-0.087381
 585	2.9200e-01	16.6455	26.487240	0.000270	2.704863	0.916432	-0.021845
 586	2.9250e-01	16.6199	26.742100	-0.000631	-6.311347	-2.138342	0.050972
 587	2.9300e-01	16.5717	26.560057	0.000451	4.508105	1.527387	-0.036409
 588	2.9350e-01	16.5316	26.268788	0.000721	7.212968	2.443820	-0.058254
 589	2.9400e-01	16.4979	26.195971	0.000180	1.803242	0.610955	-0.014563
 590	2.9450e-01	16.4418	26.013928	0.000451	4.508105	1.527387	-0.036409
 591	2.9500e-01	16.4049	25.904703	0.000270	2.704863	0.916432	-0.021845
 592	2.9550e-01	16.3744	25.431391	0.001172	11.721072	3.971207	-0.094662
 593	2.9600e-01	16.3311	25.686251	-0.000631	-6.311347	-2.138342	0.050972
 594	2.9650e-01	16.3006	26.086745	-0.000992	-9.917831	-3.360252	0.080099
 595	2.9700e-01	16.2461	25.394982	0.001713	17.130798	5.804072	-0.138353
 596	2.9750e-01	16.2156	25.394982	-0.000000	-0.000000	-0.000000	0.000000
 597	2.9800e-01	16.1867	25.322165	0.000180	1.803242	0.610955	-0.014563
 598	2.9850e-01	16.1274	25.285757	0.000090	0.901621	0.305477	-0.007282
 599	2.9900e-01	16.0969	25.176531	0.000270	2.704863	0.916432	-0.021845
 600	2.9950e-01	16.0776	24.958080	0.000541	5.409726	1.832865	-0.043690
 601	3.0000e-01	16.0054	24.812445	0.000361	3.606484	1.221910	-0.029127
 602	3.0050e-01	15.9894	25.067305	-0.000631	-6.311347	-2.138342	0.050972
 603	3.0100e-01	15.9445	24.484768	0.001443	14.425935	4.887639	-0.116507
 604	3.0150e-01	15.8899	24.302725	0.000451	4.508105	1.527387	-0.036409
 605	3.0200e-01	15.8562	24.521177	-0.000541	-5.409726	-1.832865	0.043690
 606	3.0250e-01	15.8242	24.448359	0.000180	1.803242	0.610955	-0.014563
 607	3.0300e-01	15.7857	24.521177	-0.000180	-1.803242	-0.610955	0.014563
 608	3.0350e-01	15.7311	24.411951	0.000270	2.704863	0.916432	-0.021845
 609	3.0400e-01	15.6910	23.975048	0.001082	10.819451	3.665729	-0.087381
 610	3.0450e-01	15.6589	24.120682	-0.000361	-3.606484	-1.221910	0.029127
 611	3.0500e-01	15.6284	24.011457	0.000270	2.704863	0.916432	-0.021845
 612	3.0550e-01	15.5835	23.829414	0.000451	4.508105	1.527387	-0.036409
 613	3.0600e-01	15.5482	23.756596	0.000180	1.803242	0.610955	-0.014563
 614	3.0650e-01	15.5033	23.647371	0.000270	2.704863	0.916432	-0.021845
 615	3.0700e-01	15.4728	23.501736	0.000361	3.606484	1.221910	-0.029127
 616	3.0750e-01	15.4231	23.465328	0.000090	0.901621	0.305477	-0.007282
 617	3.0800e-01	15.3734	23.428919	0.000090	0.901621	0.305477	-0.007282
 618	3.0850e-01	15.3236	23.210468	0.000541	5.409726	1.832865	-0.043690
 619	3.0900e-01	15.2771	23.101242	0.000270	2.704863	0.916432	-0.021845
 620	3.0950e-01	15.2498	22.809973	0.000721	7.212968	2.443820	-0.058254
 621	3.1000e-01	15.2145	23.137651	-0.000811	-8.114589	-2.749297	0.065535
 622	3.1050e-01	15.1696	22.700748	0.001082	10.819451	3.665729	-0.087381
 623	3.1100e-01	15.1568	22.445888	0.000631	6.311347	2.138342	-0.050972
 624	3.1150e-01	15.0798	22.591522	-0.000361	-3.606484	-1.221910	0.029127
 625	3.1200e-01	15.0589	22.555113	0.000090	0.901621	0.305477	-0.007282
 626	3.1250e-01	15.0204	21.899759	0.001623	16.229177	5.498594	-0.131071
 627	3.1300e-01	14.9787	22.154619	-0.000631	-6.311347	-2.138342	0.050972
 628	3.1350e-01	14.9482	22.154619	-0.000000	-0.000000	-0.000000	0.000000
 629	3.1400e-01	14.9065	22.008985	0.000361	3.606484	1.221910	-0.029127
 630	3.1450e-01	14.8536	21.826942	0.000451	4.508105	1.527387	-0.036409
 631	3.1500e-01	14.8295	21.608490	0.000541	5.409726	1.832865	-0.043690
 632	3.1550e-01	14.7718	21.572082	0.000090	0.901621	0.305477	-0.007282
 633	3.1600e-01	14.7622	21.426448	0.000361	3.606484	1.221910	-0.029127
 634	3.1650e-01	14.7188	21.317222	0.000270	2.704863	0.916432	-0.021845
 635	3.1700e-01	14.6434	21.207996	0.000270	2.704863	0.916432	-0.021845
 636	3.1750e-01	14.6290	21.353630	-0.000361	-3.606484	-1.221910	0.029127
 637	3.1800e-01	14.5600	20.989545	0.000902	9.016210	3.054774	-0.072817
 638	3.1850e-01	14.5424	21.025953	-0.000090	-0.901621	-0.305477	0.007282
 639	3.1900e-01	14.5055	20.771093	0.000631	6.311347	2.138342	-0.050972
 640	3.1950e-01	14.4782	20.661867	0.000270	2.704863	0.916432	-0.021845
 641	3.2000e-01	14.4381	20.625459	0.000090	0.901621	0.305477	-0.007282
 642	3.2050e-01	14.3916	20.443416	0.000451	4.508105	1.527387	-0.036409
 643	3.2100e-01	14.3434	20.734685	-0.000721	-7.212968	-2.443820	0.058254
 644	3.2150e-01	14.3065	20.006513	0.001803	18.032419	6.109549	-0.145634
 645	3.2200e-01	14.2536	20.042922	-0.000090	-0.901621	-0.305477	0.007282
 646	3.2250e-01	14.2231	20.224965	-0.000451	-4.508105	-1.527387	0.036409
 647	3.2300e-01	14.1782	19.933696	0.000721	7.212968	2.443820	-0.058254
 648	3.2350e-01	14.1429	19.933696	-0.000000	-0.000000	-0.000000	0.000000
 649	3.2400e-01	14.0916	19.351159	0.001443	14.425935	4.887639	-0.116507
 650	3.2450e-01	14.0547	19.860879	-0.001262	-12.622693	-4.276684	0.101944
 651	3.2500e-01	14.0467	19.460384	0.000992	9.917831	3.360252	-0.080099
 652	3.2550e-01	13.9825	19.533202	-0.000180	-1.803242	-0.610955	0.014563
 653	3.2600e-01	13.9392	19.496793	0.000090	0.901621	0.305477	-0.007282
 654	3.2650e-01	13.9151	18.914256	0.001443	14.425935	4.887639	-0.116507
 655	3.2700e-01	13.8493	19.096299	-0.000451	-4.508105	-1.527387	0.036409
 656	3.2750e-01	13.8221	18.877847	0.000541	5.409726	1.832865	-0.043690
 657	3.2800e-01	13.7948	18.950664	-0.000180	-1.803242	-0.610955	0.014563
 658	3.2850e-01	13.7178	18.695804	0.000631	6.311347	2.138342	-0.050972
 659	3.2900e-01	13.7130	18.732213	-0.000090	-0.901621	-0.305477	0.007282
 660	3.2950e-01	13.6584	18.513761	0.000541	5.409726	1.832865	-0.043690
 661	3.3000e-01	13.6328	18.586579	-0.000180	-1.803242	-0.610955	0.014563
 662	3.3050e-01	13.5911	18.258901	0.000811	8.114589	2.749297	-0.065535
 663	3.3100e-01	13.5381	18.149676	0.000270	2.704863	0.916432	-0.021845
 664	3.3150e-01	13.4932	18.076858	0.000180	1.803242	0.610955	-0.014563
 665	3.3200e-01	13.4435	18.004041	0.000180	1.803242	0.610955	-0.014563
 666	3.3250e-01	13.4050	17.676364	0.000811	8.114589	2.749297	-0.065535
 667	3.3300e-01	13.3889	17.785590	-0.000270	-2.704863	-0.916432	0.021845
 668	3.3350e-01	13.3520	17.385096	0.000992	9.917831	3.360252	-0.080099
 669	3.3400e-01	13.2943	17.749181	-0.000902	-9.016210	-3.054774	0.072817
 670	3.3450e-01	13.2622	17.203053	0.001352	13.524314	4.582162	-0.109226
 671	3.3500e-01	13.2205	17.166644	0.000090	0.901621	0.305477	-0.007282
 672	3.3550e-01	13.1675	17.312278	-0.000361	-3.606484	-1.221910	0.029127
 673	3.3600e-01	13.1274	17.057418	0.000631	6.311347	2.138342	-0.050972
 674	3.3650e-01	13.0937	16.511290	0.001352	13.524314	4.582162	-0.109226
 675	3.3700e-01	13.0472	16.766150	-0.000631	-6.311347	-2.138342	0.050972
 676	3.3750e-01	13.0280	16.620515	0.000361	3.606484	1.221910	-0.029127
 677	3.3800e-01	12.9991	16.511290	0.000270	2.704863	0.916432	-0.021845
 678	3.3850e-01	12.9510	16.766150	-0.000631	-6.311347	-2.138342	0.050972
 679	3.3900e-01	12.9221	16.256430	0.001262	12.622693	4.276684	-0.101944
 680	3.3950e-01	12.8499	15.928752	0.000811	8.114589	2.749297	-0.065535
 681	3.4000e-01	12.8130	16.220021	-0.000721	-7.212968	-2.443820	0.058254
 682	3.4050e-01	12.7793	15.928752	0.000721	7.212968	2.443820	-0.058254
 683	3.4100e-01	12.7135	16.110795	-0.000451	-4.508105	-1.527387	0.036409
 684	3.4150e-01	12.7087	15.819527	0.000721	7.212968	2.443820	-0.058254
 685	3.4200e-01	12.6558	15.601075	0.000541	5.409726	1.832865	-0.043690
 686	3.4250e-01	12.6157	15.746710	-0.000361	-3.606484	-1.221910	0.029127
 687	3.4300e-01	12.5804	15.564667	0.000451	4.508105	1.527387	-0.036409
 688	3.4350e-01	12.5595	15.236989	0.000811	8.114589	2.749297	-0.065535
 689	3.4400e-01	12.4873	15.200581	0.000090	0.901621	0.305477	-0.007282
 690	3.4450e-01	12.4569	15.054947	0.000361	3.606484	1.221910	-0.029127
 691	3.4500e-01	12.4184	14.836495	0.000541	5.409726	1.832865	-0.043690
 692	3.4550e-01	12.3686	14.508818	0.000811	8.114589	2.749297	-0.065535
 693	3.4600e-01	12.3285	14.872904	-0.000902	-9.016210	-3.054774	0.072817
 694	3.4650e-01	12.2932	14.508818	0.000902	9.016210	3.054774	-0.072817
 695	3.4700e-01	12.2579	14.217549	0.000721	7.212968	2.443820	-0.058254
 696	3.4750e-01	12.2387	14.399592	-0.000451	-4.508105	-1.527387	0.036409
 697	3.4800e-01	12.1858	14.472409	-0.000180	-1.803242	-0.610955	0.014563
 698	3.4850e-01	12.1280	14.071915	0.000992	9.917831	3.360252	-0.080099
 699	3.4900e-01	12.1055	13.999098	0.000180	1.803242	0.610955	-0.014563
 700	3.4950e-01	12.0430	13.707829	0.000721	7.212968	2.443820	-0.058254
 701	3.5000e-01	12.0157	13.853464	-0.000361	-3.606484	-1.221910	0.029127
 702	3.5050e-01	11.9981	13.489378	0.000902	9.016210	3.054774	-0.072817
 703	3.5100e-01	11.9467	13.489378	-0.000000	-0.000000	-0.000000	0.000000
 704	3.5150e-01	11.9082	13.489378	-0.000000	-0.000000	-0.000000	0.000000
 705	3.5200e-01	11.8649	13.088883	0.000992	9.917831	3.360252	-0.080099
 706	3.5250e-01	11.8168	13.198109	-0.000270	-2.704863	-0.916432	0.021845
 707	3.5300e-01	11.7703	12.870432	0.000811	8.114589	2.749297	-0.065535
 708	3.5350e-01	11.7398	12.906841	-0.000090	-0.901621	-0.305477	0.007282
 709	3.5400e-01	11.7189	12.615572	0.000721	7.212968	2.443820	-0.058254
 710	3.5450e-01	11.6515	12.870432	-0.000631	-6.311347	-2.138342	0.050972
 711	3.5500e-01	11.6403	12.615572	0.000631	6.311347	2.138342	-0.050972
 712	3.5550e-01	11.5890	12.724798	-0.000270	-2.704863	-0.916432	0.021845
 713	3.5600e-01	11.5537	12.360712	0.000902	9.016210	3.054774	-0.072817
 714	3.5650e-01	11.4911	12.324303	0.000090	0.901621	0.305477	-0.007282
 715	3.5700e-01	11.4558	11.923809	0.000992	9.917831	3.360252	-0.080099
 716	3.5750e-01	11.4366	12.033035	-0.000270	-2.704863	-0.916432	0.021845
 717	3.5800e-01	11.3788	11.923809	0.000270	2.704863	0.916432	-0.021845
 718	3.5850e-01	11.3339	11.668949	0.000631	6.311347	2.138342	-0.050972
 719	3.5900e-01	11.2954	11.596132	0.000180	1.803242	0.610955	-0.014563
 720	3.5950e-01	11.2537	11.632540	-0.000090	-0.901621	-0.305477	0.007282
 721	3.6000e-01	11.2457	11.268455	0.000902	9.016210	3.054774	-0.072817
 722	3.6050e-01	11.1751	11.450497	-0.000451	-4.508105	-1.527387	0.036409
 723	3.6100e-01	11.1655	11.232046	0.000541	5.409726	1.832865	-0.043690
 724	3.6150e-01	11.0933	11.523315	-0.000721	-7.212968	-2.443820	0.058254
 725	3.6200e-01	11.0708	10.940777	0.001443	14.425935	4.887639	-0.116507
 726	3.6250e-01	11.0339	10.394649	0.001352	13.524314	4.582162	-0.109226
 727	3.6300e-01	10.9762	10.940777	-0.001352	-13.524314	-4.582162	0.109226
 728	3.6350e-01	10.9312	10.685917	0.000631	6.311347	2.138342	-0.050972
 729	3.6400e-01	10.9008	10.285423	0.000992	9.917831	3.360252	-0.080099
 730	3.6450e-01	10.8430	10.394649	-0.000270	-2.704863	-0.916432	0.021845
 731	3.6500e-01	10.8173	10.066972	0.000811	8.114589	2.749297	-0.065535
 732	3.6550e-01	10.7885	9.702886	0.000902	9.016210	3.054774	-0.072817
 733	3.6600e-01	10.7291	9.812111	-0.000270	-2.704863	-0.916432	0.021845
 734	3.6650e-01	10.7179	9.812111	-0.000000	-0.000000	-0.000000	0.000000
 735	3.6700e-01	10.6537	9.484434	0.000811	8.114589	2.749297	-0.065535
 736	3.6750e-01	10.6136	9.229574	0.000631	6.311347	2.138342	-0.050972
 737	3.6800e-01	10.5703	9.411617	-0.000451	-4.508105	-1.527387	0.036409
 738	3.6850e-01	10.5494	9.411617	-0.000000	-0.000000	-0.000000	0.000000
 739	3.6900e-01	10.4981	9.338800	0.000180	1.803242	0.610955	-0.014563
 740	3.6950e-01	10.4788	9.011123	0.000811	8.114589	2.749297	-0.065535
 741	3.7000e-01	10.4115	8.901897	0.000270	2.704863	0.916432	-0.021845
 742	3.7050e-01	10.3714	8.683446	0.000541	5.409726	1.832865	-0.043690
 743	3.7100e-01	10.3297	8.355768	0.000811	8.114589	2.749297	-0.065535
 744	3.7150e-01	10.3168	8.319360	0.000090	0.901621	0.305477	-0.007282
 745	3.7200e-01	10.2655	8.246543	0.000180	1.803242	0.610955	-0.014563
 746	3.7250e-01	10.1997	8.173726	0.000180	1.803242	0.610955	-0.014563
 747	3.7300e-01	10.1789	8.028091	0.000361	3.606484	1.221910	-0.029127
 748	3.7350e-01	10.1355	7.918865	0.000270	2.704863	0.916432	-0.021845
 749	3.7400e-01	10.1275	7.773231	0.000361	3.606484	1.221910	-0.029127
 750	3.7450e-01	10.0650	7.773231	-0.000000	-0.000000	-0.000000	0.000000
 751	3.7500e-01	10.0056	7.736823	0.000090	0.901621	0.305477	-0.007282
 752	3.7550e-01	9.9783	7.154285	0.001443	14.425935	4.887639	-0.116507
 753	3.7600e-01	9.9382	7.263511	-0.000270	-2.704863	-0.916432	0.021845
 754	3.7650e-01	9.9093	7.263511	-0.000000	-0.000000	-0.000000	0.000000
 755	3.7700e-01	9.8484	7.154285	0.000270	2.704863	0.916432	-0.021845
 756	3.7750e-01	9.8131	6.462522	0.001713	17.130798	5.804072	-0.138353
 757	3.7800e-01	9.7746	6.753791	-0.000721	-7.212968	-2.443820	0.058254
 758	3.7850e-01	9.7425	6.353297	0.000992	9.917831	3.360252	-0.080099
 759	3.7900e-01	9.7361	6.535340	-0.000451	-4.508105	-1.527387	0.036409
 760	3.7950e-01	9.6751	6.571748	-0.000090	-0.901621	-0.305477	0.007282
 761	3.8000e-01	9.6254	5.952802	0.001533	15.327556	5.193117	-0.123789
 762	3.8050e-01	9.6029	6.389705	-0.001082	-10.819451	-3.665729	0.087381
 763	3.8100e-01	9.5259	6.062028	0.000811	8.114589	2.749297	-0.065535
 764	3.8150e-01	9.5003	5.588717	0.001172	11.721072	3.971207	-0.094662
 765	3.8200e-01	9.4618	5.807168	-0.000541	-5.409726	-1.832865	0.043690
 766	3.8250e-01	9.4136	5.661534	0.000361	3.606484	1.221910	-0.029127
 767	3.8300e-01	9.3912	5.879985	-0.000541	-5.409726	-1.832865	0.043690
 768	3.8350e-01	9.3334	5.297448	0.001443	14.425935	4.887639	-0.116507
 769	3.8400e-01	9.3110	5.115405	0.000451	4.508105	1.527387	-0.036409
 770	3.8450e-01	9.2741	5.078996	0.000090	0.901621	0.305477	-0.007282
 771	3.8500e-01	9.2179	4.896954	0.000451	4.508105	1.527387	-0.036409
 772	3.8550e-01	9.1810	4.969771	-0.000180	-1.803242	-0.610955	0.014563
 773	3.8600e-01	9.1505	4.714911	0.000631	6.311347	2.138342	-0.050972
 774	3.8650e-01	9.1201	4.824136	-0.000270	-2.704863	-0.916432	0.021845
 775	3.8700e-01	9.0575	4.278008	0.001352	13.524314	4.582162	-0.109226
 776	3.8750e-01	9.0302	3.913922	0.000902	9.016210	3.054774	-0.072817
 777	3.8800e-01	8.9885	3.986739	-0.000180	-1.803242	-0.610955	0.014563
 778	3.8850e-01	8.9436	4.423642	-0.001082	-10.819451	-3.665729	0.087381
 779	3.8900e-01	8.9051	3.841105	0.001443	14.425935	4.887639	-0.116507
 780	3.8950e-01	8.8602	3.841105	-0.000000	-0.000000	-0.000000	0.000000
 781	3.9000e-01	8.8329	3.695471	0.000361	3.606484	1.221910	-0.029127
 782	3.9050e-01	8.7896	3.841105	-0.000361	-3.606484	-1.221910	0.029127
 783	3.9100e-01	8.7367	3.294976	0.001352	13.524314	4.582162	-0.109226
 784	3.9150e-01	8.7094	3.258568	0.000090	0.901621	0.305477	-0.007282
 785	3.9200e-01	8.6516	2.858073	0.000992	9.917831	3.360252	-0.080099
 786	3.9250e-01	8.6372	3.003708	-0.000361	-3.606484	-1.221910	0.029127
 787	3.9300e-01	8.6003	3.076525	-0.000180	-1.803242	-0.610955	0.014563
 788	3.9350e-01	8.5618	2.639622	0.001082	10.819451	3.665729	-0.087381
 789	3.9400e-01	8.5121	2.639622	-0.000000	-0.000000	-0.000000	0.000000
 790	3.9450e-01	8.4575	2.384762	0.000631	6.311347	2.138342	-0.050972
 791	3.9500e-01	8.4062	2.093493	0.000721	7.212968	2.443820	-0.058254
 792	3.9550e-01	8.3773	2.202719	-0.000270	-2.704863	-0.916432	0.021845
 793	3.9600e-01	8.3436	2.239127	-0.000090	-0.901621	-0.305477	0.007282
 794	3.9650e-01	8.3003	1.947859	0.000721	7.212968	2.443820	-0.058254
 795	3.9700e-01	8.2586	1.692999	0.000631	6.311347	2.138342	-0.050972
 796	3.9750e-01	8.2201	1.656590	0.000090	0.901621	0.305477	-0.007282
 797	3.9800e-01	8.1527	1.802225	-0.000361	-3.606484	-1.221910	0.029127
 798	3.9850e-01	8.1351	1.037644	0.001893	18.934040	6.415026	-0.152916
 799	3.9900e-01	8.0934	1.438139	-0.000992	-9.917831	-3.360252	0.080099
 800	3.9950e-01	8.0934	0.964827	0.001172	11.721072	3.971207	-0.094662
 801	4.0000e-01	8.0228	0.964827	-0.000000	-0.000000	-0.000000	0.000000
 802	4.0050e-01	7.9891	0.928419	0.000090	0.901621	0.305477	-0.007282
 803	4.0100e-01	7.9329	0.855602	0.000180	1.803242	0.610955	-0.014563
 804	4.0150e-01	7.8752	0.673559	0.000451	4.508105	1.527387	-0.036409
 805	4.0200e-01	7.8623	0.382290	0.000721	7.212968	2.443820	-0.058254
 806	4.0250e-01	7.8271	0.455107	-0.000180	-1.803242	-0.610955	0.014563
 807	4.0300e-01	7.7934	0.018204	0.001082	10.819451	3.665729	-0.087381
 808	4.0350e-01	7.7629	-0.127430	0.000361	3.606484	1.221910	-0.029127
 809	4.0400e-01	7.6971	-0.091021	-0.000090	-0.901621	-0.305477	0.007282
 810	4.0450e-01	7.6650	-0.273064	0.000451	4.508105	1.527387	-0.036409
 811	4.0500e-01	7.6153	-0.163839	-0.000270	-2.704863	-0.916432	0.021845
 812	4.0550e-01	7.6057	-0.782784	0.001533	15.327556	5.193117	-0.123789
 813	4.0600e-01	7.5495	-0.455107	-0.000811	-8.114589	-2.749297	0.065535
 814	4.0650e-01	7.5014	-1.037644	0.001443	14.425935	4.887639	-0.116507
 815	4.0700e-01	7.4645	-0.892010	-0.000361	-3.606484	-1.221910	0.029127
 816	4.0750e-01	7.4276	-1.256096	0.000902	9.016210	3.054774	-0.072817
 817	4.0800e-01	7.3859	-1.219687	-0.000090	-0.901621	-0.305477	0.007282
 818	4.0850e-01	7.3410	-1.292504	0.000180	1.803242	0.610955	-0.014563
 819	4.0900e-01	7.2720	-1.474547	0.000451	4.508105	1.527387	-0.036409
 820	4.0950e-01	7.2559	-1.474547	-0.000000	-0.000000	-0.000000	0.000000
 821	4.1000e-01	7.2239	-1.984267	0.001262	12.622693	4.276684	-0.101944
 822	4.1050e-01	7.1918	-1.802225	-0.000451	-4.508105	-1.527387	0.036409
 823	4.1100e-01	7.1533	-1.765816	-0.000090	-0.901621	-0.305477	0.007282
 824	4.1150e-01	7.0634	-2.311945	0.001352	13.524314	4.582162	-0.109226
 825	4.1200e-01	7.0699	-2.603213	-0.000721	-7.212968	-2.443820	-0.058254
 826	4.1250e-01	7.0185	-2.239127	-0.000902	-9.016210	-3.054774	0.072817
 827	4.1300e-01	6.9672	-2.421170	0.000451	4.508105	1.527387	-0.036409
 828	4.1350e-01	6.9255	-2.894482	0.001172	11.721072	3.971207	-0.094662
 829	4.1400e-01	6.9078	-2.785256	-0.000270	-2.704863	-0.916432	0.021845
 830	4.1450e-01	6.8677	-2.785256	-0.000000	-0.000000	-0.000000	0.000000
 831	4.1500e-01	6.8164	-3.367793	0.001443	14.425935	4.887639	-0.116507
 832	4.1550e-01	6.7891	-3.294976	-0.000180	-1.803242	-0.610955	0.014563
 833	4.1600e-01	6.7554	-3.404202	0.000270	2.704863	0.916432	-0.021845
 834	4.1650e-01	6.7169	-3.731879	0.000811	8.114589	2.749297	-0.065535
 835	4.1700e-01	6.6544	-3.659062	-0.000180	-1.803242	-0.610955	0.014563
 836	4.1750e-01	6.6094	-3.950331	0.000721	7.212968	2.443820	-0.058254
 837	4.1800e-01	6.5725	-3.913922	-0.000090	-0.901621	-0.305477	0.007282
 838	4.1850e-01	6.5421	-3.986739	0.000180	1.803242	0.610955	-0.014563
 839	4.1900e-01	6.5004	-4.751319	0.001893	18.934040	6.415026	-0.152916
 840	4.1950e-01	6.4955	-4.678502	-0.000180	-1.803242	-0.610955	0.014563
 841	4.2000e-01	6.4089	-4.387234	-0.000721	-7.212968	-2.443820	0.058254
 842	4.2050e-01	6.3800	-5.115405	0.001803	18.032419	6.109549	-0.145634
 843	4.2100e-01	6.3383	-4.860545	-0.000631	-6.311347	-2.138342	0.050972
 844	4.2150e-01	6.3030	-5.078996	0.000541	5.409726	1.832865	-0.043690
 845	4.2200e-01	6.2709	-5.151814	0.000180	1.803242	0.610955	-0.014563
 846	4.2250e-01	6.2180	-5.042588	-0.000270	-2.704863	-0.916432	0.021845
 847	4.2300e-01	6.1667	-5.515899	0.001172	11.721072	3.971207	-0.094662
 848	4.2350e-01	6.1282	-5.625125	0.000270	2.704863	0.916432	-0.021845
 849	4.2400e-01	6.0849	-5.916394	0.000721	7.212968	2.443820	-0.058254
 850	4.2450e-01	6.0752	-5.843577	-0.000180	-1.803242	-0.610955	0.014563
 851	4.2500e-01	6.0303	-6.171254	0.000811	8.114589	2.749297	-0.065535
 852	4.2550e-01	5.9790	-6.098437	-0.000180	-1.803242	-0.610955	0.014563
 853	4.2600e-01	5.9084	-6.134845	0.000090	0.901621	0.305477	-0.007282
 854	4.2650e-01	5.8779	-6.462522	0.000811	8.114589	2.749297	-0.065535
 855	4.2700e-01	5.8410	-6.717382	0.000631	6.311347	2.138342	-0.050972
 856	4.2750e-01	5.8073	-7.336328	0.001533	15.327556	5.193117	-0.123789
 857	4.2800e-01	5.7576	-6.899425	-0.001082	-10.819451	-3.665729	0.087381
 858	4.2850e-01	5.7560	-7.117877	0.000541	5.409726	1.832865	-0.043690
 859	4.2900e-01	5.6982	-7.154285	0.000090	0.901621	0.305477	-0.007282
 860	4.2950e-01	5.6758	-7.554780	0.000992	9.917831	3.360252	-0.080099
 861	4.3000e-01	5.6244	-7.299920	-0.000631	-6.311347	-2.138342	0.050972
 862	4.3050e-01	5.5908	-7.736823	0.001082	10.819451	3.665729	-0.087381
 863	4.3100e-01	5.5474	-7.809640	0.000180	1.803242	0.610955	-0.014563
 864	4.3150e-01	5.5170	-7.664005	-0.000361	-3.606484	-1.221910	0.029127
 865	4.3200e-01	5.4785	-8.392177	0.001803	18.032419	6.109549	-0.145634
 866	4.3250e-01	5.4191	-8.282951	-0.000270	-2.704863	-0.916432	0.021845
 867	4.3300e-01	5.3934	-8.282951	-0.000000	-0.000000	-0.000000	0.000000
 868	4.3350e-01	5.3389	-8.355768	0.000180	1.803242	0.610955	-0.014563
 869	4.3400e-01	5.2843	-8.464994	0.000270	2.704863	0.916432	-0.021845
 870	4.3450e-01	5.2619	-8.865488	0.000992	9.917831	3.360252	-0.080099
 871	4.3500e-01	5.2234	-8.756263	-0.000270	-2.704863	-0.916432	0.021845
 872	4.3550e-01	5.1977	-9.083940	0.000811	8.114589	2.749297	-0.065535
 873	4.3600e-01	5.1432	-9.047531	-0.000090	-0.901621	-0.305477	0.007282
 874	4.3650e-01	5.1079	-9.484434	0.001082	10.819451	3.665729	-0.087381
 875	4.3700e-01	5.0614	-9.593660	0.000270	2.704863	0.916432	-0.021845
 876	4.3750e-01	5.0357	-9.739294	0.000361	3.606484	1.221910	-0.029127
 877	4.3800e-01	4.9699	-9.921337	0.000451	4.508105	1.527387	-0.036409
 878	4.3850e-01	4.9282	-9.812111	-0.000270	-2.704863	-0.916432	0.021845
 879	4.3900e-01	4.8753	-10.139789	0.000811	8.114589	2.749297	-0.065535
 880	4.3950e-01	4.8544	-10.540283	0.000992	9.917831	3.360252	-0.080099
 881	4.4000e-01	4.8287	-10.358240	-0.000451	-4.508105	-1.527387	0.036409
 882	4.4050e-01	4.7806	-10.285423	-0.000180	-1.803242	-0.610955	0.014563
 883	4.4100e-01	4.7309	-10.758734	0.001172	11.721072	3.971207	-0.094662
 884	4.4150e-01	4.7116	-11.013595	0.000631	6.311347	2.138342	-0.050972
 885	4.4200e-01	4.6555	-11.122820	0.000270	2.704863	0.916432	-0.021845
 886	4.4250e-01	4.5961	-11.086412	-0.000090	-0.901621	-0.305477	0.007282
 887	4.4300e-01	4.5785	-11.414089	0.000811	8.114589	2.749297	-0.065535
 888	4.4350e-01	4.5560	-11.450497	0.000090	0.901621	0.305477	-0.007282
 889	4.4400e-01	4.5368	-11.741766	0.000721	7.212968	2.443820	-0.058254
 890	4.4450e-01	4.4742	-11.596132	-0.000361	-3.606484	-1.221910	0.029127
 891	4.4500e-01	4.4261	-11.923809	0.000811	8.114589	2.749297	-0.065535
 892	4.4550e-01	4.3924	-12.251486	0.000811	8.114589	2.749297	-0.065535
 893	4.4600e-01	4.3394	-12.178669	-0.000180	-1.803242	-0.610955	0.014563
 894	4.4650e-01	4.3009	-12.251486	0.000180	1.803242	0.610955	-0.014563
 895	4.4700e-01	4.2512	-13.016066	0.001893	18.934040	6.415026	-0.152916
 896	4.4750e-01	4.2223	-12.579163	-0.001082	-10.819451	-3.665729	0.087381
 897	4.4800e-01	4.1790	-12.834023	0.000631	6.311347	2.138342	-0.050972
 898	4.4850e-01	4.1325	-12.979658	0.000361	3.606484	1.221910	-0.029127
 899	4.4900e-01	4.0988	-13.343743	0.000902	9.016210	3.054774	-0.072817
 900	4.4950e-01	4.0619	-13.598603	0.000631	6.311347	2.138342	-0.050972
 901	4.5000e-01	4.0090	-13.671421	0.000180	1.803242	0.610955	-0.014563
 902	4.5050e-01	3.9994	-13.707829	0.000090	0.901621	0.305477	-0.007282
 903	4.5100e-01	3.9352	-13.889872	0.000451	4.508105	1.527387	-0.036409
 904	4.5150e-01	3.8822	-13.926281	0.000090	0.901621	0.305477	-0.007282
 905	4.5200e-01	3.8582	-14.217549	0.000721	7.212968	2.443820	-0.058254
 906	4.5250e-01	3.8486	-14.436001	0.000541	5.409726	1.832865	-0.043690
 907	4.5300e-01	3.7972	-14.508818	0.000180	1.803242	0.610955	-0.014563
 908	4.5350e-01	3.7587	-14.399592	-0.000270	-2.704863	-0.916432	0.021845
 909	4.5400e-01	3.6897	-14.654452	0.000631	6.311347	2.138342	-0.050972
 910	4.5450e-01	3.6817	-15.346215	0.001713	17.130798	5.804072	-0.138353
 911	4.5500e-01	3.6191	-14.945721	-0.000992	-9.917831	-3.360252	0.080099
 912	4.5550e-01	3.5823	-15.382624	0.001082	10.819451	3.665729	-0.087381
 913	4.5600e-01	3.5309	-15.346215	-0.000090	-0.901621	-0.305477	0.007282
 914	4.5650e-01	3.5052	-15.528258	0.000451	4.508105	1.527387	-0.036409
 915	4.5700e-01	3.4748	-15.601075	0.000180	1.803242	0.610955	-0.014563
 916	4.5750e-01	3.4042	-15.965161	0.000902	9.016210	3.054774	-0.072817
 917	4.5800e-01	3.4058	-16.037978	-0.000180	-1.803242	-0.610955	-0.014563
 918	4.5850e-01	3.3480	-16.074387	0.000090	0.901621	0.305477	-0.007282
 919	4.5900e-01	3.2726	-16.438472	0.000902	9.016210	3.054774	-0.072817
 920	4.5950e-01	3.2582	-16.766150	0.000811	8.114589	2.749297	-0.065535
 921	4.6000e-01	3.2470	-16.875375	0.000270	2.704863	0.916432	-0.021845
 922	4.6050e-01	3.1876	-16.766150	-0.000270	-2.704863	-0.916432	0.021845
 923	4.6100e-01	3.1363	-17.093827	0.000811	8.114589	2.749297	-0.065535
 924	4.6150e-01	3.1026	-17.093827	-0.000000	-0.000000	-0.000000	0.000000
 925	4.6200e-01	3.0625	-17.385096	0.000721	7.212968	2.443820	-0.058254
 926	4.6250e-01	3.0400	-17.603547	0.000541	5.409726	1.832865	-0.043690
 927	4.6300e-01	2.9742	-17.530730	-0.000180	-1.803242	-0.610955	0.014563
 928	4.6350e-01	2.9197	-17.894816	0.000902	9.016210	3.054774	-0.072817
 929	4.6400e-01	2.8924	-17.967633	0.000180	1.803242	0.610955	-0.014563
 930	4.6450e-01	2.8459	-18.368127	0.000992	9.917831	3.360252	-0.080099
 931	4.6500e-01	2.8459	-18.695804	0.000811	8.114589	2.749297	-0.065535
 932	4.6550e-01	2.7785	-18.550170	-0.000361	-3.606484	-1.221910	0.029127
 933	4.6600e-01	2.7545	-18.622987	0.000180	1.803242	0.610955	-0.014563
 934	4.6650e-01	2.6807	-18.877847	0.000631	6.311347	2.138342	-0.050972
 935	4.6700e-01	2.6871	-18.659396	0.000541	5.409726	1.832865	0.043690
 936	4.6750e-01	2.6133	-19.241933	0.001443	14.425935	4.887639	-0.116507
 937	4.6800e-01	2.5876	-19.460384	0.000541	5.409726	1.832865	-0.043690
 938	4.6850e-01	2.5235	-19.278342	-0.000451	-4.508105	-1.527387	0.036409
 939	4.6900e-01	2.4785	-19.715244	0.001082	10.819451	3.665729	-0.087381
 940	4.6950e-01	2.4850	-19.860879	-0.000361	-3.606484	-1.221910	-0.029127
 941	4.7000e-01	2.4384	-20.115739	0.000631	6.311347	2.138342	-0.050972
 942	4.7050e-01	2.3775	-20.443416	0.000811	8.114589	2.749297	-0.065535
 943	4.7100e-01	2.3293	-20.334190	-0.000270	-2.704863	-0.916432	0.021845
 944	4.7150e-01	2.3374	-20.479825	-0.000361	-3.606484	-1.221910	-0.029127
 945	4.7200e-01	2.2523	-20.953136	0.001172	11.721072	3.971207	-0.094662
 946	4.7250e-01	2.2074	-20.661867	-0.000721	-7.212968	-2.443820	0.058254
 947	4.7300e-01	2.1705	-20.734685	0.000180	1.803242	0.610955	-0.014563
 948	4.7350e-01	2.1753	-21.025953	-0.000721	-7.212968	-2.443820	-0.058254
 949	4.7400e-01	2.0887	-21.390039	0.000902	9.016210	3.054774	-0.072817
 950	4.7450e-01	2.0470	-21.717716	0.000811	8.114589	2.749297	-0.065535
 951	4.7500e-01	2.0310	-21.790533	0.000180	1.803242	0.610955	-0.014563
 952	4.7550e-01	2.0005	-22.008985	0.000541	5.409726	1.832865	-0.043690
 953	4.7600e-01	1.9299	-22.191028	0.000451	4.508105	1.527387	-0.036409
 954	4.7650e-01	1.9026	-21.936168	-0.000631	-6.311347	-2.138342	0.050972
 955	4.7700e-01	1.8962	-22.336662	0.000992	9.917831	3.360252	-0.080099
 956	4.7750e-01	1.8192	-22.700748	0.000902	9.016210	3.054774	-0.072817
 957	4.7800e-01	1.7743	-22.809973	0.000270	2.704863	0.916432	-0.021845
 958	4.7850e-01	1.7246	-22.955608	0.000361	3.606484	1.221910	-0.029127
 959	4.7900e-01	1.7053	-23.283285	0.000811	8.114589	2.749297	-0.065535
 960	4.7950e-01	1.6909	-23.538145	0.000631	6.311347	2.138342	-0.050972
 961	4.8000e-01	1.6139	-23.428919	-0.000270	-2.704863	-0.916432	0.021845
 962	4.8050e-01	1.5770	-23.683779	0.000631	6.311347	2.138342	-0.050972
 963	4.8100e-01	1.5417	-23.975048	0.000721	7.212968	2.443820	-0.058254
 964	4.8150e-01	1.4984	-23.647371	-0.000811	-8.114589	-2.749297	0.065535
 965	4.8200e-01	1.4695	-24.157091	0.001262	12.622693	4.276684	-0.101944
 966	4.8250e-01	1.4294	-24.302725	0.000361	3.606484	1.221910	-0.029127
 967	4.8300e-01	1.3973	-24.339134	0.000090	0.901621	0.305477	-0.007282
 968	4.8350e-01	1.3331	-24.557585	0.000541	5.409726	1.832865	-0.043690
 969	4.8400e-01	1.2882	-24.739628	0.000451	4.508105	1.527387	-0.036409
 970	4.8450e-01	1.2657	-25.067305	0.000811	8.114589	2.749297	-0.065535
 971	4.8500e-01	1.2112	-25.394982	0.000811	8.114589	2.749297	-0.065535
 972	4.8550e-01	1.1903	-25.103714	-0.000721	-7.212968	-2.443820	0.058254
 973	4.8600e-01	1.1502	-25.868294	0.001893	18.934040	6.415026	-0.152916
 974	4.8650e-01	1.1101	-25.431391	-0.001082	-10.819451	-3.665729	0.087381
 975	4.8700e-01	1.0508	-25.977520	0.001352	13.524314	4.582162	-0.109226
 976	4.8750e-01	1.0251	-26.268788	0.000721	7.212968	2.443820	-0.058254
 977	4.8800e-01	1.0026	-26.523648	0.000631	6.311347	2.138342	-0.050972
 978	4.8850e-01	0.9497	-26.268788	-0.000631	-6.311347	-2.138342	0.050972
 979	4.8900e-01	0.9000	-26.450831	0.000451	4.508105	1.527387	-0.036409
 980	4.8950e-01	0.8743	-26.778508	0.000811	8.114589	2.749297	-0.065535
 981	4.9000e-01	0.8358	-26.778508	-0.000000	-0.000000	-0.000000	0.000000
 982	4.9050e-01	0.8037	-26.960551	0.000451	4.508105	1.527387	-0.036409
 983	4.9100e-01	0.7267	-27.652314	0.001713	17.130798	5.804072	-0.138353
 984	4.9150e-01	0.6898	-27.579497	-0.000180	-1.803242	-0.610955	0.014563
 985	4.9200e-01	0.6866	-27.761540	0.000451	4.508105	1.527387	-0.036409
 986	4.9250e-01	0.6305	-27.907174	0.000361	3.606484	1.221910	-0.029127
 987	4.9300e-01	0.5695	-27.797949	-0.000270	-2.704863	-0.916432	0.021845
 988	4.9350e-01	0.5535	-28.380486	0.001443	14.425935	4.887639	-0.116507
 989	4.9400e-01	0.4973	-28.744572	0.000902	9.016210	3.054774	-0.072817
 990	4.9450e-01	0.4636	-28.708163	-0.000090	-0.901621	-0.305477	0.007282
 991	4.9500e-01	0.4075	-28.853797	0.000361	3.606484	1.221910	-0.029127
 992	4.9550e-01	0.3658	-29.035840	0.000451	4.508105	1.527387	-0.036409
 993	4.9600e-01	0.3257	-29.254292	0.000541	5.409726	1.832865	-0.043690
 994	4.9650e-01	0.3160	-29.581969	0.000811	8.114589	2.749297	-0.065535
 995	4.9700e-01	0.2551	-29.691195	0.000270	2.704863	0.916432	-0.021845
 996	4.9750e-01	0.2182	-30.018872	0.000811	8.114589	2.749297	-0.065535
 997	4.9800e-01	0.1749	-29.836829	-0.000451	-4.508105	-1.527387	0.036409
 998	4.9850e-01	0.1283	-30.164506	0.000811	8.114589	2.749297	-0.065535
 999	4.9900e-01	0.0866	-30.273732	0.000270	2.704863	0.916432	-0.021845
1000	4.9950e-01	0.0465	-30.637818	0.000902	9.016210	3.054774	-0.072817
1001	5.0000e-01	0.0963	-31.074720	0.000902	9.016210	3.054774	-0.087381

PMax (uC/cm2):	6.92e+01
Pr (uC/cm2):	3.60e+00
-Pr (uC/cm2):	0.00e+00
PLoss (uC/cm2):	0.00e+00
C (Max-Eff) (nF):	3.45e-01
K (Eff):	1.17e+03
Vert. (+/-Pr) Shift (uC/cm2):	1.80e+00
Offset (uC/cm2):	3.47e+01

A (Loop Area - uC/cm2·Volts):	1.33e-01



Hysteresis Version: 5.48.1 - Radiant Technologies, Inc., 1999 - 9/12/24

