»»»»»»»»»»»»»»»»»»»»»»»»»»»»»»»»»»»» Hysteresis ««««««««««««««««««««««««««««««««««««
»»»  Executed Version:	5.48.1
»»»  Vision Version:	5.48.4 (R)
»»»  Vision Compiled:	9/18/24
»»»  Driver Version:	5.47.0
»»»  Windows Version:	Windows 8 or 8.1
»»»  Processor Information:	x86 (AMD or Intel) - 32 Processors
»»»  Tester Name:	PMF21124-494 (100V)
»»»  Tester S/N:	PMF21124-494
»»»  Internal Amp Type:	100V RevK 270k
»»»  Internal Amp S/N:	iAB2-596/K     
»»»  Execution Count:	1
»»»»»»»»»»»»»»»»»»»»»»»»»»»»»»»»»»»»»»»»»»««««««««««««««««««««««««««««««««««««««««««

Stored:	10/10/2025 - 15:24:14
Configured:	10/10/25 10:37:25 AM
Executed:	10/10/25 03:23:50 PM

»»»»»»»»»»»»»»»»»»»»»»»»»»»»»»»»»»» Sample Info ««««««««««««««««««««««««««««««««««««
Sample Name:	Int. Ref. Ferroelectric
Lot Name:	N/A
Wafer Name:	N/A
Die Row/Column:	0/0
Capacitor Number:	0
Sample Area (cm2):	1.00e-04
Sample Thickness (microns):	3.00e-01

Amplifier:	Internal

»»»»»»»»»»»»»»»»»»»»»»»»»»»»»»»»»»» Tester Info «««««««««««««««««««««««««««««««««««
Tester Name:	PMF21124-494 (100V)
Tester Serial Number:	PMF21124-494
Return Signal Amp. Level:	0.02 [Index: 2]

»»»»»»»»»»»»»»»»»»»»»»»»»»»»»»»» Hysteresis Info ««««««««««««««««««««««««««««««««««
Task Name:	Hyst-170
Volts:	20.00
Field:	666.67 (kV/cm)
DCBias:	0.00
DCField:	0.00 (kV/cm)
Hysteresis Period (ms):	5.00e-01
Preset:	Enabled
Preset Delay (ms):	1.00e+03
Profile:	Standard Monopolar

»»»»»»»»»»»»»»»»»»»»»»»»»»»»»»»»»»»»»» Data «««««««««««««««««««««««««««««««««««««««
Points:	1001

Valid Data

Point	Time (ms)	Drive Voltage	Measured Polarization (uC/cm2)	Capacitance (uF)	Normalized Capacitance (uF/cm2)	Dielectric Constant	Instantaneous Current (mA)
   1	0.0000e+00	0.0225	-30.255527	0.000000	0.000000	0.000000	0.000000
   2	5.0000e-04	0.0578	-30.255527	0.000000	0.000000	0.000000	0.000000
   3	1.0000e-03	0.1267	-29.782216	0.001182	11.815300	4.003132	0.094662
   4	1.5000e-03	0.1668	-29.672990	0.000273	2.726608	0.923800	0.021845
   5	2.0000e-03	0.2069	-29.381722	0.000727	7.270954	2.463466	0.058254
   6	2.5000e-03	0.2695	-29.709399	-0.000818	-8.179823	-2.771399	-0.065535
   7	3.0000e-03	0.2904	-29.236087	0.001182	11.815300	4.003132	0.094662
   8	3.5000e-03	0.3385	-28.872002	0.000909	9.088692	3.079332	0.072817
   9	4.0000e-03	0.3818	-28.872002	0.000000	0.000000	0.000000	0.000000
  10	4.5000e-03	0.3882	-28.689959	0.000454	4.544346	1.539666	0.036409
  11	5.0000e-03	0.4396	-28.471507	0.000545	5.453215	1.847599	0.043690
  12	5.5000e-03	0.4700	-28.180239	0.000727	7.270954	2.463466	0.058254
  13	6.0000e-03	0.5118	-28.180239	0.000000	0.000000	0.000000	0.000000
  14	6.5000e-03	0.5551	-28.180239	0.000000	0.000000	0.000000	0.000000
  15	7.0000e-03	0.5968	-27.998196	0.000454	4.544346	1.539666	0.036409
  16	7.5000e-03	0.6369	-27.561293	0.001091	10.906431	3.695199	0.087381
  17	8.0000e-03	0.7010	-27.634110	-0.000182	-1.817738	-0.615866	-0.014563
  18	8.5000e-03	0.7010	-27.124390	-0.001272	-12.724169	-4.311065	0.101944
  19	9.0000e-03	0.7492	-27.160798	-0.000091	-0.908869	-0.307933	-0.007282
  20	9.5000e-03	0.7973	-26.796713	0.000909	9.088692	3.079332	0.072817
  21	1.0000e-02	0.8278	-26.505444	0.000727	7.270954	2.463466	0.058254
  22	1.0500e-02	0.8502	-26.760304	-0.000636	-6.362084	-2.155533	-0.050972
  23	1.1000e-02	0.9369	-26.651078	0.000273	2.726608	0.923800	0.021845
  24	1.1500e-02	0.9529	-26.104950	0.001363	13.633038	4.618998	0.109226
  25	1.2000e-02	1.0123	-26.432627	-0.000818	-8.179823	-2.771399	-0.065535
  26	1.2500e-02	1.0395	-26.250584	0.000454	4.544346	1.539666	0.036409
  27	1.3000e-02	1.0556	-25.850090	0.001000	9.997561	3.387265	0.080099
  28	1.3500e-02	1.0957	-25.668047	0.000454	4.544346	1.539666	0.036409
  29	1.4000e-02	1.1679	-25.194735	0.001182	11.815300	4.003132	0.094662
  30	1.4500e-02	1.1952	-25.631638	-0.001091	-10.906431	-3.695199	-0.087381
  31	1.5000e-02	1.2577	-25.121918	0.001272	12.724169	4.311065	0.101944
  32	1.5500e-02	1.2834	-25.085510	0.000091	0.908869	0.307933	0.007282
  33	1.6000e-02	1.3315	-24.903467	0.000454	4.544346	1.539666	0.036409
  34	1.6500e-02	1.3748	-24.721424	0.000454	4.544346	1.539666	0.036409
  35	1.7000e-02	1.3989	-24.430155	0.000727	7.270954	2.463466	0.058254
  36	1.7500e-02	1.4422	-24.066069	0.000909	9.088692	3.079332	0.072817
  37	1.8000e-02	1.4935	-24.393747	-0.000818	-8.179823	-2.771399	-0.065535
  38	1.8500e-02	1.5112	-24.066069	0.000818	8.179823	2.771399	0.065535
  39	1.9000e-02	1.5657	-24.248112	-0.000454	-4.544346	-1.539666	-0.036409
  40	1.9500e-02	1.6026	-23.811209	0.001091	10.906431	3.695199	0.087381
  41	2.0000e-02	1.6331	-23.665575	0.000364	3.635477	1.231733	0.029127
  42	2.0500e-02	1.6508	-23.592758	0.000182	1.817738	0.615866	0.014563
  43	2.1000e-02	1.7085	-22.646135	0.002363	23.630600	8.006264	0.189325
  44	2.1500e-02	1.7679	-23.192264	-0.001363	-13.633038	-4.618998	-0.109226
  45	2.2000e-02	1.7759	-22.900995	0.000727	7.270954	2.463466	0.058254
  46	2.2500e-02	1.8288	-22.646135	0.000636	6.362084	2.155533	0.050972
  47	2.3000e-02	1.8705	-22.864586	-0.000545	-5.453215	-1.847599	-0.043690
  48	2.3500e-02	1.9010	-22.427683	0.001091	10.906431	3.695199	0.087381
  49	2.4000e-02	1.9524	-22.500501	-0.000182	-1.817738	-0.615866	-0.014563
  50	2.4500e-02	1.9925	-22.427683	0.000182	1.817738	0.615866	0.014563
  51	2.5000e-02	2.0470	-22.063598	0.000909	9.088692	3.079332	0.072817
  52	2.5500e-02	2.0695	-22.209232	-0.000364	-3.635477	-1.231733	-0.029127
  53	2.6000e-02	2.0903	-21.590286	0.001545	15.450777	5.234865	0.123789
  54	2.6500e-02	2.1465	-21.699512	-0.000273	-2.726608	-0.923800	-0.021845
  55	2.7000e-02	2.1802	-21.444652	0.000636	6.362084	2.155533	0.050972
  56	2.7500e-02	2.2299	-21.626695	-0.000454	-4.544346	-1.539666	-0.036409
  57	2.8000e-02	2.2652	-20.971340	0.001636	16.359646	5.542798	0.131071
  58	2.8500e-02	2.2973	-20.862115	0.000273	2.726608	0.923800	0.021845
  59	2.9000e-02	2.3518	-20.862115	0.000000	0.000000	0.000000	0.000000
  60	2.9500e-02	2.4192	-21.189792	-0.000818	-8.179823	-2.771399	-0.065535
  61	3.0000e-02	2.4320	-20.315986	0.002181	21.812861	7.390397	0.174761
  62	3.0500e-02	2.4545	-20.680072	-0.000909	-9.088692	-3.079332	-0.072817
  63	3.1000e-02	2.5186	-19.842674	0.002090	20.903992	7.082464	0.167479
  64	3.1500e-02	2.5588	-20.133943	-0.000727	-7.270954	-2.463466	-0.058254
  65	3.2000e-02	2.6021	-20.315986	-0.000454	-4.544346	-1.539666	-0.036409
  66	3.2500e-02	2.6470	-19.733449	0.001454	14.541907	4.926932	0.116507
  67	3.3000e-02	2.6807	-19.660632	0.000182	1.817738	0.615866	0.014563
  68	3.3500e-02	2.7176	-19.405772	0.000636	6.362084	2.155533	0.050972
  69	3.4000e-02	2.7497	-19.150911	0.000636	6.362084	2.155533	0.050972
  70	3.4500e-02	2.7946	-19.296546	-0.000364	-3.635477	-1.231733	-0.029127
  71	3.5000e-02	2.8443	-19.150911	0.000364	3.635477	1.231733	0.029127
  72	3.5500e-02	2.8940	-18.968869	0.000454	4.544346	1.539666	0.036409
  73	3.6000e-02	2.9422	-18.932460	0.000091	0.908869	0.307933	0.007282
  74	3.6500e-02	2.9807	-18.786826	0.000364	3.635477	1.231733	0.029127
  75	3.7000e-02	3.0015	-18.531966	0.000636	6.362084	2.155533	0.050972
  76	3.7500e-02	3.0144	-18.204288	0.000818	8.179823	2.771399	0.065535
  77	3.8000e-02	3.0545	-17.913020	0.000727	7.270954	2.463466	0.058254
  78	3.8500e-02	3.1042	-18.058654	-0.000364	-3.635477	-1.231733	-0.029127
  79	3.9000e-02	3.1652	-18.022246	0.000091	0.908869	0.307933	0.007282
  80	3.9500e-02	3.2341	-17.876611	0.000364	3.635477	1.231733	0.029127
  81	4.0000e-02	3.2389	-17.548934	0.000818	8.179823	2.771399	0.065535
  82	4.0500e-02	3.2774	-17.439708	0.000273	2.726608	0.923800	0.021845
  83	4.1000e-02	3.3288	-17.548934	-0.000273	-2.726608	-0.923800	-0.021845
  84	4.1500e-02	3.3753	-16.893580	0.001636	16.359646	5.542798	0.131071
  85	4.2000e-02	3.4138	-16.747945	0.000364	3.635477	1.231733	0.029127
  86	4.2500e-02	3.4491	-16.675128	0.000182	1.817738	0.615866	0.014563
  87	4.3000e-02	3.4700	-16.893580	-0.000545	-5.453215	-1.847599	-0.043690
  88	4.3500e-02	3.5052	-16.784354	0.000273	2.726608	0.923800	0.021845
  89	4.4000e-02	3.5694	-16.420268	0.000909	9.088692	3.079332	0.072817
  90	4.4500e-02	3.6031	-16.565903	-0.000364	-3.635477	-1.231733	-0.029127
  91	4.5000e-02	3.6609	-16.165408	0.001000	9.997561	3.387265	0.080099
  92	4.5500e-02	3.6929	-16.529494	-0.000909	-9.088692	-3.079332	-0.072817
  93	4.6000e-02	3.7218	-16.019774	0.001272	12.724169	4.311065	0.101944
  94	4.6500e-02	3.7667	-15.510054	0.001272	12.724169	4.311065	0.101944
  95	4.7000e-02	3.7908	-15.546462	-0.000091	-0.908869	-0.307933	-0.007282
  96	4.7500e-02	3.8197	-15.437237	0.000273	2.726608	0.923800	0.021845
  97	4.8000e-02	3.8790	-15.255194	0.000454	4.544346	1.539666	0.036409
  98	4.8500e-02	3.9111	-14.818291	0.001091	10.906431	3.695199	0.087381
  99	4.9000e-02	3.9657	-15.182377	-0.000909	-9.088692	-3.079332	-0.072817
 100	4.9500e-02	4.0170	-14.927517	0.000636	6.362084	2.155533	0.050972
 101	5.0000e-02	4.0362	-14.854699	0.000182	1.817738	0.615866	0.014563
 102	5.0500e-02	4.0731	-14.709065	0.000364	3.635477	1.231733	0.029127
 103	5.1000e-02	4.1229	-14.417796	0.000727	7.270954	2.463466	0.058254
 104	5.1500e-02	4.1437	-13.908076	0.001272	12.724169	4.311065	0.101944
 105	5.2000e-02	4.1710	-14.126528	-0.000545	-5.453215	-1.847599	-0.043690
 106	5.2500e-02	4.2336	-13.908076	0.000545	5.453215	1.847599	0.043690
 107	5.3000e-02	4.2881	-13.944485	-0.000091	-0.908869	-0.307933	-0.007282
 108	5.3500e-02	4.3058	-13.689625	0.000636	6.362084	2.155533	0.050972
 109	5.4000e-02	4.3747	-13.398356	0.000727	7.270954	2.463466	0.058254
 110	5.4500e-02	4.3876	-13.325539	0.000182	1.817738	0.615866	0.014563
 111	5.5000e-02	4.4309	-12.706593	0.001545	15.450777	5.234865	0.123789
 112	5.5500e-02	4.4662	-13.398356	-0.001727	-17.268515	-5.850731	-0.138353
 113	5.6000e-02	4.4999	-12.306099	0.002727	27.266076	9.237997	0.218451
 114	5.6500e-02	4.5544	-12.852228	-0.001363	-13.633038	-4.618998	-0.109226
 115	5.7000e-02	4.5897	-12.560959	0.000727	7.270954	2.463466	0.058254
 116	5.7500e-02	4.6443	-12.597368	-0.000091	-0.908869	-0.307933	-0.007282
 117	5.8000e-02	4.6779	-12.633776	-0.000091	-0.908869	-0.307933	-0.007282
 118	5.8500e-02	4.7213	-12.415325	0.000545	5.453215	1.847599	0.043690
 119	5.9000e-02	4.7614	-12.014830	0.001000	9.997561	3.387265	0.080099
 120	5.9500e-02	4.7951	-11.905605	0.000273	2.726608	0.923800	0.021845
 121	6.0000e-02	4.8319	-11.832788	0.000182	1.817738	0.615866	0.014563
 122	6.0500e-02	4.8801	-11.832788	0.000000	0.000000	0.000000	0.000000
 123	6.1000e-02	4.9266	-11.687153	0.000364	3.635477	1.231733	0.029127
 124	6.1500e-02	4.9539	-11.505110	0.000454	4.544346	1.539666	0.036409
 125	6.2000e-02	5.0036	-11.104616	0.001000	9.997561	3.387265	0.080099
 126	6.2500e-02	5.0389	-11.395885	-0.000727	-7.270954	-2.463466	-0.058254
 127	6.3000e-02	5.0999	-10.631304	0.001909	19.086253	6.466598	0.152916
 128	6.3500e-02	5.1400	-10.958982	-0.000818	-8.179823	-2.771399	-0.065535
 129	6.4000e-02	5.1592	-10.412853	0.001363	13.633038	4.618998	0.109226
 130	6.4500e-02	5.2234	-10.849756	-0.001091	-10.906431	-3.695199	-0.087381
 131	6.5000e-02	5.2378	-10.449262	0.001000	9.997561	3.387265	0.080099
 132	6.5500e-02	5.3148	-10.376444	0.000182	1.817738	0.615866	0.014563
 133	6.6000e-02	5.3341	-10.376444	0.000000	0.000000	0.000000	0.000000
 134	6.6500e-02	5.3726	-10.412853	-0.000091	-0.908869	-0.307933	-0.007282
 135	6.7000e-02	5.3950	-9.793907	0.001545	15.450777	5.234865	0.123789
 136	6.7500e-02	5.4303	-9.830316	-0.000091	-0.908869	-0.307933	-0.007282
 137	6.8000e-02	5.4640	-9.466230	0.000909	9.088692	3.079332	0.072817
 138	6.8500e-02	5.5121	-9.466230	0.000000	0.000000	0.000000	0.000000
 139	6.9000e-02	5.5506	-9.174961	0.000727	7.270954	2.463466	0.058254
 140	6.9500e-02	5.5908	-9.102144	0.000182	1.817738	0.615866	0.014563
 141	7.0000e-02	5.6228	-9.211370	-0.000273	-2.726608	-0.923800	-0.021845
 142	7.0500e-02	5.6950	-9.029327	0.000454	4.544346	1.539666	0.036409
 143	7.1000e-02	5.7303	-8.774467	0.000636	6.362084	2.155533	0.050972
 144	7.1500e-02	5.7608	-8.337564	0.001091	10.906431	3.695199	0.087381
 145	7.2000e-02	5.7817	-8.592424	-0.000636	-6.362084	-2.155533	-0.050972
 146	7.2500e-02	5.8025	-8.191930	0.001000	9.997561	3.387265	0.080099
 147	7.3000e-02	5.8442	-8.009887	0.000454	4.544346	1.539666	0.036409
 148	7.3500e-02	5.9148	-7.973478	0.000091	0.908869	0.307933	0.007282
 149	7.4000e-02	5.9405	-7.682210	0.000727	7.270954	2.463466	0.058254
 150	7.4500e-02	6.0143	-7.900661	-0.000545	-5.453215	-1.847599	-0.043690
 151	7.5000e-02	6.0447	-7.500167	0.001000	9.997561	3.387265	0.080099
 152	7.5500e-02	6.0688	-7.318124	0.000454	4.544346	1.539666	0.036409
 153	7.6000e-02	6.0993	-7.427350	-0.000273	-2.726608	-0.923800	-0.021845
 154	7.6500e-02	6.1683	-7.354533	0.000182	1.817738	0.615866	0.014563
 155	7.7000e-02	6.2164	-7.354533	0.000000	0.000000	0.000000	0.000000
 156	7.7500e-02	6.2501	-7.099673	0.000636	6.362084	2.155533	0.050972
 157	7.8000e-02	6.2950	-6.990447	0.000273	2.726608	0.923800	0.021845
 158	7.8500e-02	6.3191	-6.844812	0.000364	3.635477	1.231733	0.029127
 159	7.9000e-02	6.3399	-6.699178	0.000364	3.635477	1.231733	0.029127
 160	7.9500e-02	6.3800	-6.553544	0.000364	3.635477	1.231733	0.029127
 161	8.0000e-02	6.4298	-6.153050	0.001000	9.997561	3.387265	0.080099
 162	8.0500e-02	6.4827	-6.116641	0.000091	0.908869	0.307933	0.007282
 163	8.1000e-02	6.4827	-5.825372	-0.000727	-7.270954	-2.463466	0.058254
 164	8.1500e-02	6.5405	-5.934598	-0.000273	-2.726608	-0.923800	-0.021845
 165	8.2000e-02	6.6094	-5.861781	0.000182	1.817738	0.615866	0.014563
 166	8.2500e-02	6.6511	-5.643329	0.000545	5.453215	1.847599	0.043690
 167	8.3000e-02	6.6961	-5.534104	0.000273	2.726608	0.923800	0.021845
 168	8.3500e-02	6.7105	-5.788964	-0.000636	-6.362084	-2.155533	-0.050972
 169	8.4000e-02	6.7490	-5.534104	0.000636	6.362084	2.155533	0.050972
 170	8.4500e-02	6.7955	-4.915158	0.001545	15.450777	5.234865	0.123789
 171	8.5000e-02	6.8453	-5.315652	-0.001000	-9.997561	-3.387265	-0.080099
 172	8.5500e-02	6.8838	-4.915158	0.001000	9.997561	3.387265	0.080099
 173	8.6000e-02	6.9094	-4.660298	0.000636	6.362084	2.155533	0.050972
 174	8.6500e-02	6.9431	-4.441846	0.000545	5.453215	1.847599	0.043690
 175	8.7000e-02	6.9848	-4.150578	0.000727	7.270954	2.463466	0.058254
 176	8.7500e-02	7.0506	-4.259804	-0.000273	-2.726608	-0.923800	-0.021845
 177	8.8000e-02	7.0763	-4.478255	-0.000545	-5.453215	-1.847599	-0.043690
 178	8.8500e-02	7.1019	-4.077761	0.001000	9.997561	3.387265	0.080099
 179	8.9000e-02	7.1661	-4.114169	-0.000091	-0.908869	-0.307933	-0.007282
 180	8.9500e-02	7.2078	-3.968535	0.000364	3.635477	1.231733	0.029127
 181	9.0000e-02	7.2543	-3.859309	0.000273	2.726608	0.923800	0.021845
 182	9.0500e-02	7.2832	-3.786492	0.000182	1.817738	0.615866	0.014563
 183	9.1000e-02	7.3281	-3.604449	0.000454	4.544346	1.539666	0.036409
 184	9.1500e-02	7.3682	-3.131138	0.001182	11.815300	4.003132	0.094662
 185	9.2000e-02	7.3731	-2.912686	0.000545	5.453215	1.847599	0.043690
 186	9.2500e-02	7.4388	-3.349589	-0.001091	-10.906431	-3.695199	-0.087381
 187	9.3000e-02	7.4821	-2.912686	0.001091	10.906431	3.695199	0.087381
 188	9.3500e-02	7.5158	-2.621418	0.000727	7.270954	2.463466	0.058254
 189	9.4000e-02	7.5624	-2.548600	0.000182	1.817738	0.615866	0.014563
 190	9.4500e-02	7.5928	-2.585009	-0.000091	-0.908869	-0.307933	-0.007282
 191	9.5000e-02	7.6281	-2.184515	0.001000	9.997561	3.387265	0.080099
 192	9.5500e-02	7.6730	-2.330149	-0.000364	-3.635477	-1.231733	-0.029127
 193	9.6000e-02	7.6891	-2.220923	0.000273	2.726608	0.923800	0.021845
 194	9.6500e-02	7.7613	-1.929655	0.000727	7.270954	2.463466	0.058254
 195	9.7000e-02	7.7789	-2.111697	-0.000454	-4.544346	-1.539666	-0.036409
 196	9.7500e-02	7.8254	-2.075289	0.000091	0.908869	0.307933	0.007282
 197	9.8000e-02	7.8656	-1.601977	0.001182	11.815300	4.003132	0.094662
 198	9.8500e-02	7.9121	-1.674795	-0.000182	-1.817738	-0.615866	-0.014563
 199	9.9000e-02	7.9666	-1.529160	0.000364	3.635477	1.231733	0.029127
 200	9.9500e-02	7.9955	-1.419935	0.000273	2.726608	0.923800	0.021845
 201	1.0000e-01	8.0244	-1.055849	0.000909	9.088692	3.079332	0.072817
 202	1.0050e-01	8.0741	-1.092257	-0.000091	-0.908869	-0.307933	-0.007282
 203	1.0100e-01	8.1222	-0.837397	0.000636	6.362084	2.155533	0.050972
 204	1.0150e-01	8.1575	-1.092257	-0.000636	-6.362084	-2.155533	-0.050972
 205	1.0200e-01	8.2089	-0.582537	0.001272	12.724169	4.311065	0.101944
 206	1.0250e-01	8.2634	-0.400494	0.000454	4.544346	1.539666	0.036409
 207	1.0300e-01	8.3035	-0.291269	0.000273	2.726608	0.923800	0.021845
 208	1.0350e-01	8.3196	-0.291269	0.000000	0.000000	0.000000	0.000000
 209	1.0400e-01	8.3516	-0.072817	0.000545	5.453215	1.847599	0.043690
 210	1.0450e-01	8.3901	-0.109226	-0.000091	-0.908869	-0.307933	-0.007282
 211	1.0500e-01	8.4254	0.145634	0.000636	6.362084	2.155533	0.050972
 212	1.0550e-01	8.4816	0.109226	-0.000091	-0.908869	-0.307933	-0.007282
 213	1.0600e-01	8.5441	0.072817	-0.000091	-0.908869	-0.307933	-0.007282
 214	1.0650e-01	8.5474	0.218451	0.000364	3.635477	1.231733	0.029127
 215	1.0700e-01	8.5955	0.691763	0.001182	11.815300	4.003132	0.094662
 216	1.0750e-01	8.6484	0.400494	-0.000727	-7.270954	-2.463466	-0.058254
 217	1.0800e-01	8.6757	0.618946	0.000545	5.453215	1.847599	0.043690
 218	1.0850e-01	8.7222	0.837397	0.000545	5.453215	1.847599	0.043690
 219	1.0900e-01	8.7463	1.055849	0.000545	5.453215	1.847599	0.043690
 220	1.0950e-01	8.8040	1.092257	0.000091	0.908869	0.307933	0.007282
 221	1.1000e-01	8.8457	1.310709	0.000545	5.453215	1.847599	0.043690
 222	1.1050e-01	8.8858	1.601977	0.000727	7.270954	2.463466	0.058254
 223	1.1100e-01	8.9260	1.601977	0.000000	0.000000	0.000000	0.000000
 224	1.1150e-01	8.9468	1.601977	0.000000	0.000000	0.000000	0.000000
 225	1.1200e-01	8.9949	1.893246	0.000727	7.270954	2.463466	0.058254
 226	1.1250e-01	9.0447	1.747612	-0.000364	-3.635477	-1.231733	-0.029127
 227	1.1300e-01	9.0928	2.184515	0.001091	10.906431	3.695199	0.087381
 228	1.1350e-01	9.1377	2.366558	0.000454	4.544346	1.539666	0.036409
 229	1.1400e-01	9.1794	2.038880	-0.000818	-8.179823	-2.771399	-0.065535
 230	1.1450e-01	9.2131	2.111697	0.000182	1.817738	0.615866	0.014563
 231	1.1500e-01	9.2532	2.985503	0.002181	21.812861	7.390397	0.174761
 232	1.1550e-01	9.2965	2.767052	-0.000545	-5.453215	-1.847599	-0.043690
 233	1.1600e-01	9.3206	2.730643	-0.000091	-0.908869	-0.307933	-0.007282
 234	1.1650e-01	9.3687	3.131138	0.001000	9.997561	3.387265	0.080099
 235	1.1700e-01	9.4040	3.313181	0.000454	4.544346	1.539666	0.036409
 236	1.1750e-01	9.4682	3.203955	-0.000273	-2.726608	-0.923800	-0.021845
 237	1.1800e-01	9.4666	3.385998	-0.000454	-4.544346	-1.539666	0.036409
 238	1.1850e-01	9.5067	3.385998	0.000000	0.000000	0.000000	0.000000
 239	1.1900e-01	9.5468	3.349589	-0.000091	-0.908869	-0.307933	-0.007282
 240	1.1950e-01	9.6238	3.604449	0.000636	6.362084	2.155533	0.050972
 241	1.2000e-01	9.6463	3.750083	0.000364	3.635477	1.231733	0.029127
 242	1.2050e-01	9.6912	3.713675	-0.000091	-0.908869	-0.307933	-0.007282
 243	1.2100e-01	9.7200	4.223395	0.001272	12.724169	4.311065	0.101944
 244	1.2150e-01	9.7537	4.077761	-0.000364	-3.635477	-1.231733	-0.029127
 245	1.2200e-01	9.7698	4.660298	0.001454	14.541907	4.926932	0.116507
 246	1.2250e-01	9.8339	4.369029	-0.000727	-7.270954	-2.463466	-0.058254
 247	1.2300e-01	9.8933	4.041352	-0.000818	-8.179823	-2.771399	-0.065535
 248	1.2350e-01	9.9142	4.878749	0.002090	20.903992	7.082464	0.167479
 249	1.2400e-01	9.9511	5.024384	0.000364	3.635477	1.231733	0.029127
 250	1.2450e-01	9.9767	5.097201	0.000182	1.817738	0.615866	0.014563
 251	1.2500e-01	10.0297	4.842341	-0.000636	-6.362084	-2.155533	-0.050972
 252	1.2550e-01	10.0666	4.769524	-0.000182	-1.817738	-0.615866	-0.014563
 253	1.2600e-01	10.1291	4.878749	0.000273	2.726608	0.923800	0.021845
 254	1.2650e-01	10.1580	5.242835	0.000909	9.088692	3.079332	0.072817
 255	1.2700e-01	10.1821	5.570512	0.000818	8.179823	2.771399	0.065535
 256	1.2750e-01	10.2478	5.497695	-0.000182	-1.817738	-0.615866	-0.014563
 257	1.2800e-01	10.2719	5.788964	0.000727	7.270954	2.463466	0.058254
 258	1.2850e-01	10.3152	5.716147	-0.000182	-1.817738	-0.615866	-0.014563
 259	1.2900e-01	10.3505	5.643329	-0.000182	-1.817738	-0.615866	-0.014563
 260	1.2950e-01	10.3970	6.335092	0.001727	17.268515	5.850731	0.138353
 261	1.3000e-01	10.4083	6.189458	-0.000364	-3.635477	-1.231733	-0.029127
 262	1.3050e-01	10.4660	6.189458	0.000000	0.000000	0.000000	0.000000
 263	1.3100e-01	10.5093	6.662770	0.001182	11.815300	4.003132	0.094662
 264	1.3150e-01	10.5655	6.335092	-0.000818	-8.179823	-2.771399	-0.065535
 265	1.3200e-01	10.5944	6.735587	0.001000	9.997561	3.387265	0.080099
 266	1.3250e-01	10.6329	6.626361	-0.000273	-2.726608	-0.923800	-0.021845
 267	1.3300e-01	10.6730	6.699178	0.000182	1.817738	0.615866	0.014563
 268	1.3350e-01	10.7099	6.371501	-0.000818	-8.179823	-2.771399	-0.065535
 269	1.3400e-01	10.7468	7.063264	0.001727	17.268515	5.850731	0.138353
 270	1.3450e-01	10.8093	7.427350	0.000909	9.088692	3.079332	0.072817
 271	1.3500e-01	10.8446	7.281715	-0.000364	-3.635477	-1.231733	-0.029127
 272	1.3550e-01	10.8863	7.026855	-0.000636	-6.362084	-2.155533	-0.050972
 273	1.3600e-01	10.9200	7.245307	0.000545	5.453215	1.847599	0.043690
 274	1.3650e-01	10.9665	7.354533	0.000273	2.726608	0.923800	0.021845
 275	1.3700e-01	10.9778	8.228338	0.002181	21.812861	7.390397	0.174761
 276	1.3750e-01	11.0371	7.755027	-0.001182	-11.815300	-4.003132	-0.094662
 277	1.3800e-01	11.0885	8.264747	0.001272	12.724169	4.311065	0.101944
 278	1.3850e-01	11.1398	8.009887	-0.000636	-6.362084	-2.155533	-0.050972
 279	1.3900e-01	11.1494	8.373973	0.000909	9.088692	3.079332	0.072817
 280	1.3950e-01	11.1943	8.228338	-0.000364	-3.635477	-1.231733	-0.029127
 281	1.4000e-01	11.2505	8.373973	0.000364	3.635477	1.231733	0.029127
 282	1.4050e-01	11.2521	8.556016	0.000454	4.544346	1.539666	0.036409
 283	1.4100e-01	11.3114	8.920101	0.000909	9.088692	3.079332	0.072817
 284	1.4150e-01	11.3371	8.665241	-0.000636	-6.362084	-2.155533	-0.050972
 285	1.4200e-01	11.4157	8.810876	0.000364	3.635477	1.231733	0.029127
 286	1.4250e-01	11.4478	9.393413	0.001454	14.541907	4.926932	0.116507
 287	1.4300e-01	11.4655	9.393413	0.000000	0.000000	0.000000	0.000000
 288	1.4350e-01	11.5088	8.992919	-0.001000	-9.997561	-3.387265	-0.080099
 289	1.4400e-01	11.5553	9.611864	0.001545	15.450777	5.234865	0.123789
 290	1.4450e-01	11.5938	9.539047	-0.000182	-1.817738	-0.615866	-0.014563
 291	1.4500e-01	11.6387	9.721090	0.000454	4.544346	1.539666	0.036409
 292	1.4550e-01	11.6820	10.012359	0.000727	7.270954	2.463466	0.058254
 293	1.4600e-01	11.7061	9.721090	-0.000727	-7.270954	-2.463466	-0.058254
 294	1.4650e-01	11.7687	9.721090	0.000000	0.000000	0.000000	0.000000
 295	1.4700e-01	11.7991	10.157993	0.001091	10.906431	3.695199	0.087381
 296	1.4750e-01	11.8424	9.757499	-0.001000	-9.997561	-3.387265	-0.080099
 297	1.4800e-01	11.8745	10.230810	0.001182	11.815300	4.003132	0.094662
 298	1.4850e-01	11.9114	10.412853	0.000454	4.544346	1.539666	0.036409
 299	1.4900e-01	11.9451	10.412853	0.000000	0.000000	0.000000	0.000000
 300	1.4950e-01	11.9708	10.849756	0.001091	10.906431	3.695199	0.087381
 301	1.5000e-01	12.0205	10.449262	-0.001000	-9.997561	-3.387265	-0.080099
 302	1.5050e-01	12.1023	11.031799	0.001454	14.541907	4.926932	0.116507
 303	1.5100e-01	12.1280	10.740530	-0.000727	-7.270954	-2.463466	-0.058254
 304	1.5150e-01	12.1473	10.886165	0.000364	3.635477	1.231733	0.029127
 305	1.5200e-01	12.1874	11.250250	0.000909	9.088692	3.079332	0.072817
 306	1.5250e-01	12.2451	11.432293	0.000454	4.544346	1.539666	0.036409
 307	1.5300e-01	12.2788	11.213842	-0.000545	-5.453215	-1.847599	-0.043690
 308	1.5350e-01	12.2964	11.395885	0.000454	4.544346	1.539666	0.036409
 309	1.5400e-01	12.3462	11.869196	0.001182	11.815300	4.003132	0.094662
 310	1.5450e-01	12.4039	12.014830	0.000364	3.635477	1.231733	0.029127
 311	1.5500e-01	12.4424	11.978422	-0.000091	-0.908869	-0.307933	-0.007282
 312	1.5550e-01	12.4873	12.014830	0.000091	0.908869	0.307933	0.007282
 313	1.5600e-01	12.5130	11.905605	-0.000273	-2.726608	-0.923800	-0.021845
 314	1.5650e-01	12.5499	11.978422	0.000182	1.817738	0.615866	0.014563
 315	1.5700e-01	12.6077	12.415325	0.001091	10.906431	3.695199	0.087381
 316	1.5750e-01	12.6446	12.560959	0.000364	3.635477	1.231733	0.029127
 317	1.5800e-01	12.6349	12.961453	-0.001000	-9.997561	-3.387265	0.080099
 318	1.5850e-01	12.6991	12.378916	-0.001454	-14.541907	-4.926932	-0.116507
 319	1.5900e-01	12.7585	12.524550	0.000364	3.635477	1.231733	0.029127
 320	1.5950e-01	12.8066	12.852228	0.000818	8.179823	2.771399	0.065535
 321	1.6000e-01	12.8419	12.597368	-0.000636	-6.362084	-2.155533	-0.050972
 322	1.6050e-01	12.8692	12.779411	0.000454	4.544346	1.539666	0.036409
 323	1.6100e-01	12.8900	13.289131	0.001272	12.724169	4.311065	0.101944
 324	1.6150e-01	12.9109	13.398356	0.000273	2.726608	0.923800	0.021845
 325	1.6200e-01	12.9702	13.252722	-0.000364	-3.635477	-1.231733	-0.029127
 326	1.6250e-01	13.0248	13.653216	0.001000	9.997561	3.387265	0.080099
 327	1.6300e-01	13.0937	13.434765	-0.000545	-5.453215	-1.847599	-0.043690
 328	1.6350e-01	13.1274	13.762442	0.000818	8.179823	2.771399	0.065535
 329	1.6400e-01	13.1724	13.762442	0.000000	0.000000	0.000000	0.000000
 330	1.6450e-01	13.1980	14.162936	0.001000	9.997561	3.387265	0.080099
 331	1.6500e-01	13.2462	13.762442	-0.001000	-9.997561	-3.387265	-0.080099
 332	1.6550e-01	13.2895	14.235754	0.001182	11.815300	4.003132	0.094662
 333	1.6600e-01	13.3119	14.126528	-0.000273	-2.726608	-0.923800	-0.021845
 334	1.6650e-01	13.3488	14.490614	0.000909	9.088692	3.079332	0.072817
 335	1.6700e-01	13.3889	14.527022	0.000091	0.908869	0.307933	0.007282
 336	1.6750e-01	13.4098	14.381388	-0.000364	-3.635477	-1.231733	-0.029127
 337	1.6800e-01	13.4563	14.672657	0.000727	7.270954	2.463466	0.058254
 338	1.6850e-01	13.5221	15.000334	0.000818	8.179823	2.771399	0.065535
 339	1.6900e-01	13.5558	14.963925	-0.000091	-0.908869	-0.307933	-0.007282
 340	1.6950e-01	13.5782	14.781882	-0.000454	-4.544346	-1.539666	-0.036409
 341	1.7000e-01	13.6199	15.000334	0.000545	5.453215	1.847599	0.043690
 342	1.7050e-01	13.6761	14.818291	-0.000454	-4.544346	-1.539666	-0.036409
 343	1.7100e-01	13.7098	15.400828	0.001454	14.541907	4.926932	0.116507
 344	1.7150e-01	13.7563	15.400828	0.000000	0.000000	0.000000	0.000000
 345	1.7200e-01	13.7900	15.328011	-0.000182	-1.817738	-0.615866	-0.014563
 346	1.7250e-01	13.8253	15.619280	0.000727	7.270954	2.463466	0.058254
 347	1.7300e-01	13.8638	15.692097	0.000182	1.817738	0.615866	0.014563
 348	1.7350e-01	13.9055	15.619280	-0.000182	-1.817738	-0.615866	-0.014563
 349	1.7400e-01	13.9424	15.764914	0.000364	3.635477	1.231733	0.029127
 350	1.7450e-01	13.9809	15.983365	0.000545	5.453215	1.847599	0.043690
 351	1.7500e-01	14.0338	16.274634	0.000727	7.270954	2.463466	0.058254
 352	1.7550e-01	14.0691	16.383860	0.000273	2.726608	0.923800	0.021845
 353	1.7600e-01	14.1285	15.983365	-0.001000	-9.997561	-3.387265	-0.080099
 354	1.7650e-01	14.1541	16.493085	0.001272	12.724169	4.311065	0.101944
 355	1.7700e-01	14.1878	16.820763	0.000818	8.179823	2.771399	0.065535
 356	1.7750e-01	14.2295	16.820763	0.000000	0.000000	0.000000	0.000000
 357	1.7800e-01	14.2664	16.638720	-0.000454	-4.544346	-1.539666	-0.036409
 358	1.7850e-01	14.3130	17.184848	0.001363	13.633038	4.618998	0.109226
 359	1.7900e-01	14.3354	16.565903	-0.001545	-15.450777	-5.234865	-0.123789
 360	1.7950e-01	14.3852	17.039214	0.001182	11.815300	4.003132	0.094662
 361	1.8000e-01	14.4317	17.112031	0.000182	1.817738	0.615866	0.014563
 362	1.8050e-01	14.4590	16.966397	-0.000364	-3.635477	-1.231733	-0.029127
 363	1.8100e-01	14.5023	17.330483	0.000909	9.088692	3.079332	0.072817
 364	1.8150e-01	14.5472	17.548934	0.000545	5.453215	1.847599	0.043690
 365	1.8200e-01	14.5793	17.403300	-0.000364	-3.635477	-1.231733	-0.029127
 366	1.8250e-01	14.6146	17.803794	0.001000	9.997561	3.387265	0.080099
 367	1.8300e-01	14.6563	17.184848	-0.001545	-15.450777	-5.234865	-0.123789
 368	1.8350e-01	14.7204	17.913020	0.001818	18.177384	6.158665	0.145634
 369	1.8400e-01	14.7413	17.803794	-0.000273	-2.726608	-0.923800	-0.021845
 370	1.8450e-01	14.7814	18.022246	0.000545	5.453215	1.847599	0.043690
 371	1.8500e-01	14.8215	18.277106	0.000636	6.362084	2.155533	0.050972
 372	1.8550e-01	14.8584	18.131471	-0.000364	-3.635477	-1.231733	-0.029127
 373	1.8600e-01	14.9001	18.823234	0.001727	17.268515	5.850731	0.138353
 374	1.8650e-01	14.9354	18.677600	-0.000364	-3.635477	-1.231733	-0.029127
 375	1.8700e-01	14.9707	18.167880	-0.001272	-12.724169	-4.311065	-0.101944
 376	1.8750e-01	15.0252	18.677600	0.001272	12.724169	4.311065	0.101944
 377	1.8800e-01	15.0702	18.641191	-0.000091	-0.908869	-0.307933	-0.007282
 378	1.8850e-01	15.0974	18.932460	0.000727	7.270954	2.463466	0.058254
 379	1.8900e-01	15.1327	19.114503	0.000454	4.544346	1.539666	0.036409
 380	1.8950e-01	15.1776	18.896051	-0.000545	-5.453215	-1.847599	-0.043690
 381	1.9000e-01	15.2306	19.260137	0.000909	9.088692	3.079332	0.072817
 382	1.9050e-01	15.2691	19.078094	-0.000454	-4.544346	-1.539666	-0.036409
 383	1.9100e-01	15.2980	19.114503	0.000091	0.908869	0.307933	0.007282
 384	1.9150e-01	15.3333	19.514997	0.001000	9.997561	3.387265	0.080099
 385	1.9200e-01	15.3766	19.405772	-0.000273	-2.726608	-0.923800	-0.021845
 386	1.9250e-01	15.4504	19.369363	-0.000091	-0.908869	-0.307933	-0.007282
 387	1.9300e-01	15.4664	19.624223	0.000636	6.362084	2.155533	0.050972
 388	1.9350e-01	15.5177	19.660632	0.000091	0.908869	0.307933	0.007282
 389	1.9400e-01	15.5338	19.988309	0.000818	8.179823	2.771399	0.065535
 390	1.9450e-01	15.5883	20.024717	0.000091	0.908869	0.307933	0.007282
 391	1.9500e-01	15.6236	19.951900	-0.000182	-1.817738	-0.615866	-0.014563
 392	1.9550e-01	15.6701	20.352395	0.001000	9.997561	3.387265	0.080099
 393	1.9600e-01	15.6974	20.388803	0.000091	0.908869	0.307933	0.007282
 394	1.9650e-01	15.7455	20.352395	-0.000091	-0.908869	-0.307933	-0.007282
 395	1.9700e-01	15.7985	20.498029	0.000364	3.635477	1.231733	0.029127
 396	1.9750e-01	15.8322	20.789297	0.000727	7.270954	2.463466	0.058254
 397	1.9800e-01	15.8803	20.570846	-0.000545	-5.453215	-1.847599	-0.043690
 398	1.9850e-01	15.9140	20.680072	0.000273	2.726608	0.923800	0.021845
 399	1.9900e-01	15.9413	20.898523	0.000545	5.453215	1.847599	0.043690
 400	1.9950e-01	15.9990	20.716480	-0.000454	-4.544346	-1.539666	-0.036409
 401	2.0000e-01	16.0311	20.752889	0.000091	0.908869	0.307933	0.007282
 402	2.0050e-01	16.0664	21.299018	0.001363	13.633038	4.618998	0.109226
 403	2.0100e-01	16.0937	21.371835	0.000182	1.817738	0.615866	0.014563
 404	2.0150e-01	16.1514	21.481060	0.000273	2.726608	0.923800	0.021845
 405	2.0200e-01	16.1739	21.371835	-0.000273	-2.726608	-0.923800	-0.021845
 406	2.0250e-01	16.2268	21.590286	0.000545	5.453215	1.847599	0.043690
 407	2.0300e-01	16.2798	21.772329	0.000454	4.544346	1.539666	0.036409
 408	2.0350e-01	16.3231	21.626695	-0.000364	-3.635477	-1.231733	-0.029127
 409	2.0400e-01	16.3503	21.772329	0.000364	3.635477	1.231733	0.029127
 410	2.0450e-01	16.3921	22.100006	0.000818	8.179823	2.771399	0.065535
 411	2.0500e-01	16.4322	22.100006	0.000000	0.000000	0.000000	0.000000
 412	2.0550e-01	16.4594	22.282049	0.000454	4.544346	1.539666	0.036409
 413	2.0600e-01	16.5011	22.391275	0.000273	2.726608	0.923800	0.021845
 414	2.0650e-01	16.5701	22.245641	-0.000364	-3.635477	-1.231733	-0.029127
 415	2.0700e-01	16.5894	22.354866	0.000273	2.726608	0.923800	0.021845
 416	2.0750e-01	16.6231	22.646135	0.000727	7.270954	2.463466	0.058254
 417	2.0800e-01	16.6567	22.500501	-0.000364	-3.635477	-1.231733	-0.029127
 418	2.0850e-01	16.7241	22.791769	0.000727	7.270954	2.463466	0.058254
 419	2.0900e-01	16.7562	22.828178	0.000091	0.908869	0.307933	0.007282
 420	2.0950e-01	16.7979	22.864586	0.000091	0.908869	0.307933	0.007282
 421	2.1000e-01	16.8316	23.046629	0.000454	4.544346	1.539666	0.036409
 422	2.1050e-01	16.8605	22.828178	-0.000545	-5.453215	-1.847599	-0.043690
 423	2.1100e-01	16.8765	23.083038	0.000636	6.362084	2.155533	0.050972
 424	2.1150e-01	16.9327	23.556349	0.001182	11.815300	4.003132	0.094662
 425	2.1200e-01	16.9680	23.046629	-0.001272	-12.724169	-4.311065	-0.101944
 426	2.1250e-01	17.0257	23.447124	0.001000	9.997561	3.387265	0.080099
 427	2.1300e-01	17.0883	23.556349	0.000273	2.726608	0.923800	0.021845
 428	2.1350e-01	17.1140	23.483532	-0.000182	-1.817738	-0.615866	-0.014563
 429	2.1400e-01	17.1509	23.556349	0.000182	1.817738	0.615866	0.014563
 430	2.1450e-01	17.2070	23.483532	-0.000182	-1.817738	-0.615866	-0.014563
 431	2.1500e-01	17.2198	23.774801	0.000727	7.270954	2.463466	0.058254
 432	2.1550e-01	17.2744	23.956844	0.000454	4.544346	1.539666	0.036409
 433	2.1600e-01	17.2920	24.320929	0.000909	9.088692	3.079332	0.072817
 434	2.1650e-01	17.3337	23.993252	-0.000818	-8.179823	-2.771399	-0.065535
 435	2.1700e-01	17.3770	24.102478	0.000273	2.726608	0.923800	0.021845
 436	2.1750e-01	17.4332	24.685015	0.001454	14.541907	4.926932	0.116507
 437	2.1800e-01	17.4653	24.320929	-0.000909	-9.088692	-3.079332	-0.072817
 438	2.1850e-01	17.5006	24.939875	0.001545	15.450777	5.234865	0.123789
 439	2.1900e-01	17.5519	24.648607	-0.000727	-7.270954	-2.463466	-0.058254
 440	2.1950e-01	17.5904	24.685015	0.000091	0.908869	0.307933	0.007282
 441	2.2000e-01	17.6401	24.685015	0.000000	0.000000	0.000000	0.000000
 442	2.2050e-01	17.6802	24.430155	-0.000636	-6.362084	-2.155533	-0.050972
 443	2.2100e-01	17.7091	25.303961	0.002181	21.812861	7.390397	0.174761
 444	2.2150e-01	17.7540	24.648607	-0.001636	-16.359646	-5.542798	-0.131071
 445	2.2200e-01	17.7909	25.340370	0.001727	17.268515	5.850731	0.138353
 446	2.2250e-01	17.8278	25.303961	-0.000091	-0.908869	-0.307933	-0.007282
 447	2.2300e-01	17.8776	25.340370	0.000091	0.908869	0.307933	0.007282
 448	2.2350e-01	17.9129	25.267552	-0.000182	-1.817738	-0.615866	-0.014563
 449	2.2400e-01	17.9466	25.267552	0.000000	0.000000	0.000000	0.000000
 450	2.2450e-01	18.0059	25.595230	0.000818	8.179823	2.771399	0.065535
 451	2.2500e-01	18.0412	26.068541	0.001182	11.815300	4.003132	0.094662
 452	2.2550e-01	18.0765	25.740864	-0.000818	-8.179823	-2.771399	-0.065535
 453	2.2600e-01	18.0925	26.141358	0.001000	9.997561	3.387265	0.080099
 454	2.2650e-01	18.1471	25.886498	-0.000636	-6.362084	-2.155533	-0.050972
 455	2.2700e-01	18.1776	25.959315	0.000182	1.817738	0.615866	0.014563
 456	2.2750e-01	18.2417	26.250584	0.000727	7.270954	2.463466	0.058254
 457	2.2800e-01	18.2642	26.068541	-0.000454	-4.544346	-1.539666	-0.036409
 458	2.2850e-01	18.3139	26.687487	0.001545	15.450777	5.234865	0.123789
 459	2.2900e-01	18.3444	26.432627	-0.000636	-6.362084	-2.155533	-0.050972
 460	2.2950e-01	18.3829	26.723895	0.000727	7.270954	2.463466	0.058254
 461	2.3000e-01	18.4182	26.614670	-0.000273	-2.726608	-0.923800	-0.021845
 462	2.3050e-01	18.4808	26.578261	-0.000091	-0.908869	-0.307933	-0.007282
 463	2.3100e-01	18.5048	26.905938	0.000818	8.179823	2.771399	0.065535
 464	2.3150e-01	18.5401	26.614670	-0.000727	-7.270954	-2.463466	-0.058254
 465	2.3200e-01	18.5963	27.051573	0.001091	10.906431	3.695199	0.087381
 466	2.3250e-01	18.6251	27.233616	0.000454	4.544346	1.539666	0.036409
 467	2.3300e-01	18.6893	26.651078	-0.001454	-14.541907	-4.926932	-0.116507
 468	2.3350e-01	18.7102	27.379250	0.001818	18.177384	6.158665	0.145634
 469	2.3400e-01	18.7455	27.306433	-0.000182	-1.817738	-0.615866	-0.014563
 470	2.3450e-01	18.7727	27.342841	0.000091	0.908869	0.307933	0.007282
 471	2.3500e-01	18.8401	27.488476	0.000364	3.635477	1.231733	0.029127
 472	2.3550e-01	18.8722	27.961787	0.001182	11.815300	4.003132	0.094662
 473	2.3600e-01	18.9139	27.706927	-0.000636	-6.362084	-2.155533	-0.050972
 474	2.3650e-01	18.9380	27.743336	0.000091	0.908869	0.307933	0.007282
 475	2.3700e-01	18.9765	27.670518	-0.000182	-1.817738	-0.615866	-0.014563
 476	2.3750e-01	19.0182	27.852561	0.000454	4.544346	1.539666	0.036409
 477	2.3800e-01	19.0695	28.071013	0.000545	5.453215	1.847599	0.043690
 478	2.3850e-01	19.1257	28.253056	0.000454	4.544346	1.539666	0.036409
 479	2.3900e-01	19.1385	28.325873	0.000182	1.817738	0.615866	0.014563
 480	2.3950e-01	19.1962	28.435099	0.000273	2.726608	0.923800	0.021845
 481	2.4000e-01	19.2508	28.398690	-0.000091	-0.908869	-0.307933	-0.007282
 482	2.4050e-01	19.2668	28.362281	-0.000091	-0.908869	-0.307933	-0.007282
 483	2.4100e-01	19.3198	28.544324	0.000454	4.544346	1.539666	0.036409
 484	2.4150e-01	19.3406	28.726367	0.000454	4.544346	1.539666	0.036409
 485	2.4200e-01	19.3743	28.981227	0.000636	6.362084	2.155533	0.050972
 486	2.4250e-01	19.4080	28.762776	-0.000545	-5.453215	-1.847599	-0.043690
 487	2.4300e-01	19.4577	29.090453	0.000818	8.179823	2.771399	0.065535
 488	2.4350e-01	19.4914	29.126862	0.000091	0.908869	0.307933	0.007282
 489	2.4400e-01	19.5331	28.835593	-0.000727	-7.270954	-2.463466	-0.058254
 490	2.4450e-01	19.5941	28.981227	0.000364	3.635477	1.231733	0.029127
 491	2.4500e-01	19.6294	29.308904	0.000818	8.179823	2.771399	0.065535
 492	2.4550e-01	19.6486	28.872002	-0.001091	-10.906431	-3.695199	-0.087381
 493	2.4600e-01	19.7080	30.146302	0.003181	31.810422	10.777663	0.254860
 494	2.4650e-01	19.7449	28.762776	-0.003454	-34.537030	-11.701463	-0.276705
 495	2.4700e-01	19.7850	29.782216	0.002545	25.448338	8.622130	0.203888
 496	2.4750e-01	19.8219	29.927850	0.000364	3.635477	1.231733	0.029127
 497	2.4800e-01	19.8492	29.745807	-0.000454	-4.544346	-1.539666	-0.036409
 498	2.4850e-01	19.9133	29.782216	0.000091	0.908869	0.307933	0.007282
 499	2.4900e-01	19.9454	29.818625	0.000091	0.908869	0.307933	0.007282
 500	2.4950e-01	20.0256	30.255527	0.001091	10.906431	3.695199	0.087381
 501	2.5000e-01	20.0321	30.000667	-0.000636	-6.362084	-2.155533	-0.050972
 502	2.5050e-01	19.9839	29.672990	0.000818	8.179823	2.771399	-0.065535
 503	2.5100e-01	19.9486	29.745807	-0.000182	-1.817738	-0.615866	0.014563
 504	2.5150e-01	19.9069	30.037076	-0.000727	-7.270954	-2.463466	0.058254
 505	2.5200e-01	19.8428	29.381722	0.001636	16.359646	5.542798	-0.131071
 506	2.5250e-01	19.8347	29.672990	-0.000727	-7.270954	-2.463466	0.058254
 507	2.5300e-01	19.7802	29.636582	0.000091	0.908869	0.307933	-0.007282
 508	2.5350e-01	19.7417	29.600173	0.000091	0.908869	0.307933	-0.007282
 509	2.5400e-01	19.7128	29.454539	0.000364	3.635477	1.231733	-0.029127
 510	2.5450e-01	19.6486	29.600173	-0.000364	-3.635477	-1.231733	0.029127
 511	2.5500e-01	19.6214	29.090453	0.001272	12.724169	4.311065	-0.101944
 512	2.5550e-01	19.5797	28.944819	0.000364	3.635477	1.231733	-0.029127
 513	2.5600e-01	19.5299	28.872002	0.000182	1.817738	0.615866	-0.014563
 514	2.5650e-01	19.4978	29.527356	-0.001636	-16.359646	-5.542798	0.131071
 515	2.5700e-01	19.4609	28.908410	0.001545	15.450777	5.234865	-0.123789
 516	2.5750e-01	19.4305	28.799184	0.000273	2.726608	0.923800	-0.021845
 517	2.5800e-01	19.4080	28.835593	-0.000091	-0.908869	-0.307933	0.007282
 518	2.5850e-01	19.3599	29.090453	-0.000636	-6.362084	-2.155533	0.050972
 519	2.5900e-01	19.3037	28.617141	0.001182	11.815300	4.003132	-0.094662
 520	2.5950e-01	19.2492	28.325873	0.000727	7.270954	2.463466	-0.058254
 521	2.6000e-01	19.2251	28.289464	0.000091	0.908869	0.307933	-0.007282
 522	2.6050e-01	19.1738	28.544324	-0.000636	-6.362084	-2.155533	0.050972
 523	2.6100e-01	19.1513	28.325873	0.000545	5.453215	1.847599	-0.043690
 524	2.6150e-01	19.0984	28.216647	0.000273	2.726608	0.923800	-0.021845
 525	2.6200e-01	19.0695	28.289464	-0.000182	-1.817738	-0.615866	0.014563
 526	2.6250e-01	19.0262	28.034604	0.000636	6.362084	2.155533	-0.050972
 527	2.6300e-01	18.9749	28.362281	-0.000818	-8.179823	-2.771399	0.065535
 528	2.6350e-01	18.9604	27.888970	0.001182	11.815300	4.003132	-0.094662
 529	2.6400e-01	18.9059	27.816153	0.000182	1.817738	0.615866	-0.014563
 530	2.6450e-01	18.8834	28.289464	-0.001182	-11.815300	-4.003132	0.094662
 531	2.6500e-01	18.8080	27.452067	0.002090	20.903992	7.082464	-0.167479
 532	2.6550e-01	18.7872	27.925379	-0.001182	-11.815300	-4.003132	0.094662
 533	2.6600e-01	18.7567	27.561293	0.000909	9.088692	3.079332	-0.072817
 534	2.6650e-01	18.7102	27.197207	0.000909	9.088692	3.079332	-0.072817
 535	2.6700e-01	18.6620	27.342841	-0.000364	-3.635477	-1.231733	0.029127
 536	2.6750e-01	18.6027	27.087981	0.000636	6.362084	2.155533	-0.050972
 537	2.6800e-01	18.6043	27.306433	0.000545	5.453215	1.847599	0.043690
 538	2.6850e-01	18.5513	27.051573	0.000636	6.362084	2.155533	-0.050972
 539	2.6900e-01	18.5112	27.051573	-0.000000	-0.000000	-0.000000	0.000000
 540	2.6950e-01	18.4952	26.905938	0.000364	3.635477	1.231733	-0.029127
 541	2.7000e-01	18.4294	27.124390	-0.000545	-5.453215	-1.847599	0.043690
 542	2.7050e-01	18.3845	26.978756	0.000364	3.635477	1.231733	-0.029127
 543	2.7100e-01	18.3508	26.905938	0.000182	1.817738	0.615866	-0.014563
 544	2.7150e-01	18.3011	26.432627	0.001182	11.815300	4.003132	-0.094662
 545	2.7200e-01	18.2850	27.087981	-0.001636	-16.359646	-5.542798	0.131071
 546	2.7250e-01	18.2193	26.286993	0.002000	19.995123	6.774531	-0.160198
 547	2.7300e-01	18.1663	26.323401	-0.000091	-0.908869	-0.307933	0.007282
 548	2.7350e-01	18.1359	26.541853	-0.000545	-5.453215	-1.847599	0.043690
 549	2.7400e-01	18.0957	26.032133	0.001272	12.724169	4.311065	-0.101944
 550	2.7450e-01	18.0492	26.141358	-0.000273	-2.726608	-0.923800	0.021845
 551	2.7500e-01	18.0284	25.668047	0.001182	11.815300	4.003132	-0.094662
 552	2.7550e-01	17.9706	25.995724	-0.000818	-8.179823	-2.771399	0.065535
 553	2.7600e-01	17.9353	26.359810	-0.000909	-9.088692	-3.079332	0.072817
 554	2.7650e-01	17.9097	25.595230	0.001909	19.086253	6.466598	-0.152916
 555	2.7700e-01	17.8567	25.850090	-0.000636	-6.362084	-2.155533	0.050972
 556	2.7750e-01	17.8118	25.740864	0.000273	2.726608	0.923800	-0.021845
 557	2.7800e-01	17.7797	25.668047	0.000182	1.817738	0.615866	-0.014563
 558	2.7850e-01	17.7573	25.522412	0.000364	3.635477	1.231733	-0.029127
 559	2.7900e-01	17.7059	25.267552	0.000636	6.362084	2.155533	-0.050972
 560	2.7950e-01	17.6658	25.922907	-0.001636	-16.359646	-5.542798	0.131071
 561	2.8000e-01	17.6193	25.777272	0.000364	3.635477	1.231733	-0.029127
 562	2.8050e-01	17.5888	25.158327	0.001545	15.450777	5.234865	-0.123789
 563	2.8100e-01	17.5246	24.976284	0.000454	4.544346	1.539666	-0.036409
 564	2.8150e-01	17.4861	25.158327	-0.000454	-4.544346	-1.539666	0.036409
 565	2.8200e-01	17.4685	25.121918	0.000091	0.908869	0.307933	-0.007282
 566	2.8250e-01	17.4300	24.976284	0.000364	3.635477	1.231733	-0.029127
 567	2.8300e-01	17.3658	24.903467	0.000182	1.817738	0.615866	-0.014563
 568	2.8350e-01	17.3402	25.085510	-0.000454	-4.544346	-1.539666	0.036409
 569	2.8400e-01	17.3081	24.794241	0.000727	7.270954	2.463466	-0.058254
 570	2.8450e-01	17.2792	25.085510	-0.000727	-7.270954	-2.463466	0.058254
 571	2.8500e-01	17.2375	24.357338	0.001818	18.177384	6.158665	-0.145634
 572	2.8550e-01	17.1974	24.357338	-0.000000	-0.000000	-0.000000	0.000000
 573	2.8600e-01	17.1364	24.320929	0.000091	0.908869	0.307933	-0.007282
 574	2.8650e-01	17.0963	24.320929	-0.000000	-0.000000	-0.000000	0.000000
 575	2.8700e-01	17.0578	24.138887	0.000454	4.544346	1.539666	-0.036409
 576	2.8750e-01	17.0305	24.357338	-0.000545	-5.453215	-1.847599	0.043690
 577	2.8800e-01	17.0097	24.029661	0.000818	8.179823	2.771399	-0.065535
 578	2.8850e-01	16.9295	23.993252	0.000091	0.908869	0.307933	-0.007282
 579	2.8900e-01	16.8926	23.665575	0.000818	8.179823	2.771399	-0.065535
 580	2.8950e-01	16.8894	23.993252	-0.000818	-8.179823	-2.771399	0.065535
 581	2.9000e-01	16.8268	23.920435	0.000182	1.817738	0.615866	-0.014563
 582	2.9050e-01	16.8124	23.046629	0.002181	21.812861	7.390397	-0.174761
 583	2.9100e-01	16.7434	23.301489	-0.000636	-6.362084	-2.155533	0.050972
 584	2.9150e-01	16.6904	23.956844	-0.001636	-16.359646	-5.542798	0.131071
 585	2.9200e-01	16.6712	22.973812	0.002454	24.539469	8.314197	-0.196606
 586	2.9250e-01	16.6086	23.410715	-0.001091	-10.906431	-3.695199	0.087381
 587	2.9300e-01	16.5685	23.374306	0.000091	0.908869	0.307933	-0.007282
 588	2.9350e-01	16.5268	23.192264	0.000454	4.544346	1.539666	-0.036409
 589	2.9400e-01	16.4915	22.791769	0.001000	9.997561	3.387265	-0.080099
 590	2.9450e-01	16.4691	23.046629	-0.000636	-6.362084	-2.155533	0.050972
 591	2.9500e-01	16.4578	22.900995	0.000364	3.635477	1.231733	-0.029127
 592	2.9550e-01	16.3969	22.646135	0.000636	6.362084	2.155533	-0.050972
 593	2.9600e-01	16.3632	22.391275	0.000636	6.362084	2.155533	-0.050972
 594	2.9650e-01	16.2910	22.973812	-0.001454	-14.541907	-4.926932	0.116507
 595	2.9700e-01	16.2477	23.010221	-0.000091	-0.908869	-0.307933	0.007282
 596	2.9750e-01	16.2124	22.573318	0.001091	10.906431	3.695199	-0.087381
 597	2.9800e-01	16.1835	22.136415	0.001091	10.906431	3.695199	-0.087381
 598	2.9850e-01	16.1434	22.063598	0.000182	1.817738	0.615866	-0.014563
 599	2.9900e-01	16.0872	22.172823	-0.000273	-2.726608	-0.923800	0.021845
 600	2.9950e-01	16.0552	22.027189	0.000364	3.635477	1.231733	-0.029127
 601	3.0000e-01	16.0471	21.954372	0.000182	1.817738	0.615866	-0.014563
 602	3.0050e-01	15.9958	21.845146	0.000273	2.726608	0.923800	-0.021845
 603	3.0100e-01	15.9509	21.517469	0.000818	8.179823	2.771399	-0.065535
 604	3.0150e-01	15.8819	22.172823	-0.001636	-16.359646	-5.542798	0.131071
 605	3.0200e-01	15.8739	21.699512	0.001182	11.815300	4.003132	-0.094662
 606	3.0250e-01	15.8081	21.299018	0.001000	9.997561	3.387265	-0.080099
 607	3.0300e-01	15.7857	21.663103	-0.000909	-9.088692	-3.079332	0.072817
 608	3.0350e-01	15.7504	21.699512	-0.000091	-0.908869	-0.307933	0.007282
 609	3.0400e-01	15.7038	21.553878	0.000364	3.635477	1.231733	-0.029127
 610	3.0450e-01	15.6637	21.153383	0.001000	9.997561	3.387265	-0.080099
 611	3.0500e-01	15.6156	21.299018	-0.000364	-3.635477	-1.231733	0.029127
 612	3.0550e-01	15.5899	20.898523	0.001000	9.997561	3.387265	-0.080099
 613	3.0600e-01	15.5450	20.862115	0.000091	0.908869	0.307933	-0.007282
 614	3.0650e-01	15.5097	20.898523	-0.000091	-0.908869	-0.307933	0.007282
 615	3.0700e-01	15.4760	21.116975	-0.000545	-5.453215	-1.847599	0.043690
 616	3.0750e-01	15.4327	20.461620	0.001636	16.359646	5.542798	-0.131071
 617	3.0800e-01	15.3910	20.425212	0.000091	0.908869	0.307933	-0.007282
 618	3.0850e-01	15.3541	20.279577	0.000364	3.635477	1.231733	-0.029127
 619	3.0900e-01	15.2996	20.825706	-0.001363	-13.633038	-4.618998	0.109226
 620	3.0950e-01	15.2546	20.279577	0.001363	13.633038	4.618998	-0.109226
 621	3.1000e-01	15.2178	20.315986	-0.000091	-0.908869	-0.307933	0.007282
 622	3.1050e-01	15.1664	19.988309	0.000818	8.179823	2.771399	-0.065535
 623	3.1100e-01	15.1359	20.133943	-0.000364	-3.635477	-1.231733	0.029127
 624	3.1150e-01	15.1135	19.806266	0.000818	8.179823	2.771399	-0.065535
 625	3.1200e-01	15.1006	19.769857	0.000091	0.908869	0.307933	-0.007282
 626	3.1250e-01	15.0333	19.769857	-0.000000	-0.000000	-0.000000	0.000000
 627	3.1300e-01	14.9883	19.697040	0.000182	1.817738	0.615866	-0.014563
 628	3.1350e-01	14.9595	19.223729	0.001182	11.815300	4.003132	-0.094662
 629	3.1400e-01	14.9097	19.733449	-0.001272	-12.724169	-4.311065	0.101944
 630	3.1450e-01	14.8712	19.587814	0.000364	3.635477	1.231733	-0.029127
 631	3.1500e-01	14.8295	19.187320	0.001000	9.997561	3.387265	-0.080099
 632	3.1550e-01	14.7798	19.442180	-0.000636	-6.362084	-2.155533	0.050972
 633	3.1600e-01	14.7477	18.968869	0.001182	11.815300	4.003132	-0.094662
 634	3.1650e-01	14.7140	19.478589	-0.001272	-12.724169	-4.311065	0.101944
 635	3.1700e-01	14.6595	18.932460	0.001363	13.633038	4.618998	-0.109226
 636	3.1750e-01	14.6146	18.714009	0.000545	5.453215	1.847599	-0.043690
 637	3.1800e-01	14.5729	19.187320	-0.001182	-11.815300	-4.003132	0.094662
 638	3.1850e-01	14.5424	18.495557	0.001727	17.268515	5.850731	-0.138353
 639	3.1900e-01	14.4942	18.823234	-0.000818	-8.179823	-2.771399	0.065535
 640	3.1950e-01	14.4622	18.604783	0.000545	5.453215	1.847599	-0.043690
 641	3.2000e-01	14.4172	18.604783	-0.000000	-0.000000	-0.000000	0.000000
 642	3.2050e-01	14.3675	18.422740	0.000454	4.544346	1.539666	-0.036409
 643	3.2100e-01	14.3499	18.422740	-0.000000	-0.000000	-0.000000	0.000000
 644	3.2150e-01	14.3146	18.204288	0.000545	5.453215	1.847599	-0.043690
 645	3.2200e-01	14.2472	18.459149	-0.000636	-6.362084	-2.155533	0.050972
 646	3.2250e-01	14.2215	17.985837	0.001182	11.815300	4.003132	-0.094662
 647	3.2300e-01	14.1910	17.548934	0.001091	10.906431	3.695199	-0.087381
 648	3.2350e-01	14.1349	17.767386	-0.000545	-5.453215	-1.847599	0.043690
 649	3.2400e-01	14.1044	17.840203	-0.000182	-1.817738	-0.615866	0.014563
 650	3.2450e-01	14.0643	17.694568	0.000364	3.635477	1.231733	-0.029127
 651	3.2500e-01	14.0098	17.330483	0.000909	9.088692	3.079332	-0.072817
 652	3.2550e-01	13.9665	17.294074	0.000091	0.908869	0.307933	-0.007282
 653	3.2600e-01	13.9312	17.257665	0.000091	0.908869	0.307933	-0.007282
 654	3.2650e-01	13.8959	17.002805	0.000636	6.362084	2.155533	-0.050972
 655	3.2700e-01	13.8606	17.330483	-0.000818	-8.179823	-2.771399	0.065535
 656	3.2750e-01	13.8060	17.112031	0.000545	5.453215	1.847599	-0.043690
 657	3.2800e-01	13.7980	16.857171	0.000636	6.362084	2.155533	-0.050972
 658	3.2850e-01	13.7403	16.456677	0.001000	9.997561	3.387265	-0.080099
 659	3.2900e-01	13.7066	16.784354	-0.000818	-8.179823	-2.771399	0.065535
 660	3.2950e-01	13.6568	16.675128	0.000273	2.726608	0.923800	-0.021845
 661	3.3000e-01	13.6280	16.311042	0.000909	9.088692	3.079332	-0.072817
 662	3.3050e-01	13.5943	16.274634	0.000091	0.908869	0.307933	-0.007282
 663	3.3100e-01	13.5429	16.675128	-0.001000	-9.997561	-3.387265	0.080099
 664	3.3150e-01	13.5012	16.201817	0.001182	11.815300	4.003132	-0.094662
 665	3.3200e-01	13.4563	16.420268	-0.000545	-5.453215	-1.847599	0.043690
 666	3.3250e-01	13.4210	16.092591	0.000818	8.179823	2.771399	-0.065535
 667	3.3300e-01	13.3937	15.619280	0.001182	11.815300	4.003132	-0.094662
 668	3.3350e-01	13.3488	15.473645	0.000364	3.635477	1.231733	-0.029127
 669	3.3400e-01	13.2991	16.420268	-0.002363	-23.630600	-8.006264	0.189325
 670	3.3450e-01	13.2542	15.619280	0.002000	19.995123	6.774531	-0.160198
 671	3.3500e-01	13.2205	15.582871	0.000091	0.908869	0.307933	-0.007282
 672	3.3550e-01	13.1724	15.328011	0.000636	6.362084	2.155533	-0.050972
 673	3.3600e-01	13.1387	15.546462	-0.000545	-5.453215	-1.847599	0.043690
 674	3.3650e-01	13.1082	14.563431	0.002454	24.539469	8.314197	-0.196606
 675	3.3700e-01	13.0585	15.109559	-0.001363	-13.633038	-4.618998	0.109226
 676	3.3750e-01	13.0135	14.891108	0.000545	5.453215	1.847599	-0.043690
 677	3.3800e-01	12.9831	14.745474	0.000364	3.635477	1.231733	-0.029127
 678	3.3850e-01	12.9782	14.854699	-0.000273	-2.726608	-0.923800	0.021845
 679	3.3900e-01	12.9558	14.672657	0.000454	4.544346	1.539666	-0.036409
 680	3.3950e-01	12.8820	14.563431	0.000273	2.726608	0.923800	-0.021845
 681	3.4000e-01	12.8178	14.891108	-0.000818	-8.179823	-2.771399	0.065535
 682	3.4050e-01	12.7761	14.745474	0.000364	3.635477	1.231733	-0.029127
 683	3.4100e-01	12.7537	14.709065	0.000091	0.908869	0.307933	-0.007282
 684	3.4150e-01	12.7119	14.344979	0.000909	9.088692	3.079332	-0.072817
 685	3.4200e-01	12.6734	13.871668	0.001182	11.815300	4.003132	-0.094662
 686	3.4250e-01	12.6510	14.199345	-0.000818	-8.179823	-2.771399	0.065535
 687	3.4300e-01	12.5788	14.417796	-0.000545	-5.453215	-1.847599	0.043690
 688	3.4350e-01	12.5291	13.580399	0.002090	20.903992	7.082464	-0.167479
 689	3.4400e-01	12.5194	14.053711	-0.001182	-11.815300	-4.003132	0.094662
 690	3.4450e-01	12.4745	13.944485	0.000273	2.726608	0.923800	-0.021845
 691	3.4500e-01	12.4328	13.762442	0.000454	4.544346	1.539666	-0.036409
 692	3.4550e-01	12.3927	13.580399	0.000454	4.544346	1.539666	-0.036409
 693	3.4600e-01	12.3526	13.653216	-0.000182	-1.817738	-0.615866	0.014563
 694	3.4650e-01	12.2948	13.434765	0.000545	5.453215	1.847599	-0.043690
 695	3.4700e-01	12.2644	13.179905	0.000636	6.362084	2.155533	-0.050972
 696	3.4750e-01	12.2307	13.107088	0.000182	1.817738	0.615866	-0.014563
 697	3.4800e-01	12.1761	13.398356	-0.000727	-7.270954	-2.463466	0.058254
 698	3.4850e-01	12.1456	12.997862	0.001000	9.997561	3.387265	-0.080099
 699	3.4900e-01	12.0991	13.143496	-0.000364	-3.635477	-1.231733	0.029127
 700	3.4950e-01	12.0670	12.670185	0.001182	11.815300	4.003132	-0.094662
 701	3.5000e-01	12.0350	12.888636	-0.000545	-5.453215	-1.847599	0.043690
 702	3.5050e-01	11.9900	12.560959	0.000818	8.179823	2.771399	-0.065535
 703	3.5100e-01	11.9403	12.706593	-0.000364	-3.635477	-1.231733	0.029127
 704	3.5150e-01	11.9178	12.451733	0.000636	6.362084	2.155533	-0.050972
 705	3.5200e-01	11.8713	12.233282	0.000545	5.453215	1.847599	-0.043690
 706	3.5250e-01	11.8152	12.051239	0.000454	4.544346	1.539666	-0.036409
 707	3.5300e-01	11.7799	11.978422	0.000182	1.817738	0.615866	-0.014563
 708	3.5350e-01	11.7558	11.650745	0.000818	8.179823	2.771399	-0.065535
 709	3.5400e-01	11.7029	11.869196	-0.000545	-5.453215	-1.847599	0.043690
 710	3.5450e-01	11.6692	11.614336	0.000636	6.362084	2.155533	-0.050972
 711	3.5500e-01	11.6307	11.323067	0.000727	7.270954	2.463466	-0.058254
 712	3.5550e-01	11.5890	11.432293	-0.000273	-2.726608	-0.923800	0.021845
 713	3.5600e-01	11.5328	11.577927	-0.000364	-3.635477	-1.231733	0.029127
 714	3.5650e-01	11.5023	11.286659	0.000727	7.270954	2.463466	-0.058254
 715	3.5700e-01	11.4671	11.468702	-0.000454	-4.544346	-1.539666	0.036409
 716	3.5750e-01	11.4334	10.958982	0.001272	12.724169	4.311065	-0.101944
 717	3.5800e-01	11.4125	10.813347	0.000364	3.635477	1.231733	-0.029127
 718	3.5850e-01	11.3467	10.886165	-0.000182	-1.817738	-0.615866	0.014563
 719	3.5900e-01	11.2922	11.250250	-0.000909	-9.088692	-3.079332	0.072817
 720	3.5950e-01	11.2649	10.412853	0.002090	20.903992	7.082464	-0.167479
 721	3.6000e-01	11.2088	10.776939	-0.000909	-9.088692	-3.079332	0.072817
 722	3.6050e-01	11.1943	10.376444	0.001000	9.997561	3.387265	-0.080099
 723	3.6100e-01	11.1478	10.303627	0.000182	1.817738	0.615866	-0.014563
 724	3.6150e-01	11.0981	10.340036	-0.000091	-0.908869	-0.307933	0.007282
 725	3.6200e-01	11.0628	10.340036	-0.000000	-0.000000	-0.000000	0.000000
 726	3.6250e-01	11.0323	10.194402	0.000364	3.635477	1.231733	-0.029127
 727	3.6300e-01	10.9858	9.939542	0.000636	6.362084	2.155533	-0.050972
 728	3.6350e-01	10.9633	9.939542	-0.000000	-0.000000	-0.000000	0.000000
 729	3.6400e-01	10.8959	9.502639	0.001091	10.906431	3.695199	-0.087381
 730	3.6450e-01	10.8751	9.721090	-0.000545	-5.453215	-1.847599	0.043690
 731	3.6500e-01	10.8270	9.320596	0.001000	9.997561	3.387265	-0.080099
 732	3.6550e-01	10.7804	9.648273	-0.000818	-8.179823	-2.771399	0.065535
 733	3.6600e-01	10.7243	9.793907	-0.000364	-3.635477	-1.231733	0.029127
 734	3.6650e-01	10.7083	8.883693	0.002272	22.721730	7.698331	-0.182043
 735	3.6700e-01	10.6553	9.102144	-0.000545	-5.453215	-1.847599	0.043690
 736	3.6750e-01	10.6056	9.502639	-0.001000	-9.997561	-3.387265	0.080099
 737	3.6800e-01	10.5767	8.774467	0.001818	18.177384	6.158665	-0.145634
 738	3.6850e-01	10.5430	9.211370	-0.001091	-10.906431	-3.695199	0.087381
 739	3.6900e-01	10.4949	8.592424	0.001545	15.450777	5.234865	-0.123789
 740	3.6950e-01	10.4596	8.665241	-0.000182	-1.817738	-0.615866	0.014563
 741	3.7000e-01	10.4179	8.556016	0.000273	2.726608	0.923800	-0.021845
 742	3.7050e-01	10.3826	8.373973	0.000454	4.544346	1.539666	-0.036409
 743	3.7100e-01	10.3329	8.337564	0.000091	0.908869	0.307933	-0.007282
 744	3.7150e-01	10.2976	8.155521	0.000454	4.544346	1.539666	-0.036409
 745	3.7200e-01	10.2510	8.483198	-0.000818	-8.179823	-2.771399	0.065535
 746	3.7250e-01	10.2174	7.645801	0.002090	20.903992	7.082464	-0.167479
 747	3.7300e-01	10.1901	7.864253	-0.000545	-5.453215	-1.847599	0.043690
 748	3.7350e-01	10.1628	7.536575	0.000818	8.179823	2.771399	-0.065535
 749	3.7400e-01	10.1019	7.718618	-0.000454	-4.544346	-1.539666	0.036409
 750	3.7450e-01	10.0698	7.864253	-0.000364	-3.635477	-1.231733	0.029127
 751	3.7500e-01	10.0409	7.099673	0.001909	19.086253	6.466598	-0.152916
 752	3.7550e-01	9.9751	7.536575	-0.001091	-10.906431	-3.695199	0.087381
 753	3.7600e-01	9.9511	7.172490	0.000909	9.088692	3.079332	-0.072817
 754	3.7650e-01	9.9029	6.990447	0.000454	4.544346	1.539666	-0.036409
 755	3.7700e-01	9.8596	6.954038	0.000091	0.908869	0.307933	-0.007282
 756	3.7750e-01	9.8307	7.281715	-0.000818	-8.179823	-2.771399	0.065535
 757	3.7800e-01	9.7922	6.262275	0.002545	25.448338	8.622130	-0.203888
 758	3.7850e-01	9.7553	7.026855	-0.001909	-19.086253	-6.466598	0.152916
 759	3.7900e-01	9.7265	6.225867	0.002000	19.995123	6.774531	-0.160198
 760	3.7950e-01	9.6687	6.553544	-0.000818	-8.179823	-2.771399	0.065535
 761	3.8000e-01	9.6158	6.662770	-0.000273	-2.726608	-0.923800	0.021845
 762	3.8050e-01	9.5725	6.699178	-0.000091	-0.908869	-0.307933	0.007282
 763	3.8100e-01	9.5372	6.153050	0.001363	13.633038	4.618998	-0.109226
 764	3.8150e-01	9.5003	5.861781	0.000727	7.270954	2.463466	-0.058254
 765	3.8200e-01	9.4393	5.971007	-0.000273	-2.726608	-0.923800	0.021845
 766	3.8250e-01	9.4072	5.898189	0.000182	1.817738	0.615866	-0.014563
 767	3.8300e-01	9.3832	5.716147	0.000454	4.544346	1.539666	-0.036409
 768	3.8350e-01	9.3174	5.898189	-0.000454	-4.544346	-1.539666	0.036409
 769	3.8400e-01	9.2885	5.388469	0.001272	12.724169	4.311065	-0.101944
 770	3.8450e-01	9.2741	5.097201	0.000727	7.270954	2.463466	-0.058254
 771	3.8500e-01	9.2227	5.388469	-0.000727	-7.270954	-2.463466	0.058254
 772	3.8550e-01	9.2051	5.060792	0.000818	8.179823	2.771399	-0.065535
 773	3.8600e-01	9.1457	5.352061	-0.000727	-7.270954	-2.463466	0.058254
 774	3.8650e-01	9.0671	5.060792	0.000727	7.270954	2.463466	-0.058254
 775	3.8700e-01	9.0543	5.206427	-0.000364	-3.635477	-1.231733	0.029127
 776	3.8750e-01	9.0334	4.805932	0.001000	9.997561	3.387265	-0.080099
 777	3.8800e-01	8.9933	4.587481	0.000545	5.453215	1.847599	-0.043690
 778	3.8850e-01	8.9484	4.660298	-0.000182	-1.817738	-0.615866	0.014563
 779	3.8900e-01	8.9099	4.769524	-0.000273	-2.726608	-0.923800	0.021845
 780	3.8950e-01	8.8810	3.968535	0.002000	19.995123	6.774531	-0.160198
 781	3.9000e-01	8.8281	4.223395	-0.000636	-6.362084	-2.155533	0.050972
 782	3.9050e-01	8.7976	3.932126	0.000727	7.270954	2.463466	-0.058254
 783	3.9100e-01	8.7431	4.004943	-0.000182	-1.817738	-0.615866	0.014563
 784	3.9150e-01	8.6869	3.968535	0.000091	0.908869	0.307933	-0.007282
 785	3.9200e-01	8.6677	3.640858	0.000818	8.179823	2.771399	-0.065535
 786	3.9250e-01	8.6340	3.531632	0.000273	2.726608	0.923800	-0.021845
 787	3.9300e-01	8.5634	3.458815	0.000182	1.817738	0.615866	-0.014563
 788	3.9350e-01	8.5393	3.094729	0.000909	9.088692	3.079332	-0.072817
 789	3.9400e-01	8.4976	3.313181	-0.000545	-5.453215	-1.847599	0.043690
 790	3.9450e-01	8.4736	3.094729	0.000545	5.453215	1.847599	-0.043690
 791	3.9500e-01	8.4270	2.912686	0.000454	4.544346	1.539666	-0.036409
 792	3.9550e-01	8.3757	2.585009	0.000818	8.179823	2.771399	-0.065535
 793	3.9600e-01	8.3324	2.876278	-0.000727	-7.270954	-2.463466	0.058254
 794	3.9650e-01	8.2843	2.730643	0.000364	3.635477	1.231733	-0.029127
 795	3.9700e-01	8.2538	2.512192	0.000545	5.453215	1.847599	-0.043690
 796	3.9750e-01	8.2361	2.512192	-0.000000	-0.000000	-0.000000	0.000000
 797	3.9800e-01	8.1928	2.330149	0.000454	4.544346	1.539666	-0.036409
 798	3.9850e-01	8.1479	1.674795	0.001636	16.359646	5.542798	-0.131071
 799	3.9900e-01	8.1206	1.966063	-0.000727	-7.270954	-2.463466	0.058254
 800	3.9950e-01	8.0725	1.966063	-0.000000	-0.000000	-0.000000	0.000000
 801	4.0000e-01	8.0292	1.820429	0.000364	3.635477	1.231733	-0.029127
 802	4.0050e-01	7.9923	1.747612	0.000182	1.817738	0.615866	-0.014563
 803	4.0100e-01	7.9522	1.784020	-0.000091	-0.908869	-0.307933	0.007282
 804	4.0150e-01	7.9201	2.002472	-0.000545	-5.453215	-1.847599	0.043690
 805	4.0200e-01	7.8784	1.128666	0.002181	21.812861	7.390397	-0.174761
 806	4.0250e-01	7.8158	0.764580	0.000909	9.088692	3.079332	-0.072817
 807	4.0300e-01	7.7725	1.092257	-0.000818	-8.179823	-2.771399	0.065535
 808	4.0350e-01	7.7260	0.509720	0.001454	14.541907	4.926932	-0.116507
 809	4.0400e-01	7.6875	1.456343	-0.002363	-23.630600	-8.006264	0.189325
 810	4.0450e-01	7.6586	0.910214	0.001363	13.633038	4.618998	-0.109226
 811	4.0500e-01	7.6426	0.691763	0.000545	5.453215	1.847599	-0.043690
 812	4.0550e-01	7.5912	0.400494	0.000727	7.270954	2.463466	-0.058254
 813	4.0600e-01	7.5463	0.327677	0.000182	1.817738	0.615866	-0.014563
 814	4.0650e-01	7.4934	0.546129	-0.000545	-5.453215	-1.847599	0.043690
 815	4.0700e-01	7.4613	-0.072817	0.001545	15.450777	5.234865	-0.123789
 816	4.0750e-01	7.4372	0.182043	-0.000636	-6.362084	-2.155533	0.050972
 817	4.0800e-01	7.4132	-0.327677	0.001272	12.724169	4.311065	-0.101944
 818	4.0850e-01	7.3410	-0.473312	0.000364	3.635477	1.231733	-0.029127
 819	4.0900e-01	7.2816	-0.254860	-0.000545	-5.453215	-1.847599	0.043690
 820	4.0950e-01	7.2543	-0.582537	0.000818	8.179823	2.771399	-0.065535
 821	4.1000e-01	7.2351	-0.327677	-0.000636	-6.362084	-2.155533	0.050972
 822	4.1050e-01	7.1902	-0.764580	0.001091	10.906431	3.695199	-0.087381
 823	4.1100e-01	7.1485	-0.254860	-0.001272	-12.724169	-4.311065	0.101944
 824	4.1150e-01	7.0859	-0.764580	0.001272	12.724169	4.311065	-0.101944
 825	4.1200e-01	7.0682	-1.092257	0.000818	8.179823	2.771399	-0.065535
 826	4.1250e-01	7.0169	-1.237892	0.000364	3.635477	1.231733	-0.029127
 827	4.1300e-01	6.9656	-0.983032	-0.000636	-6.362084	-2.155533	0.050972
 828	4.1350e-01	6.9463	-1.747612	0.001909	19.086253	6.466598	-0.152916
 829	4.1400e-01	6.8645	-1.674795	-0.000182	-1.817738	-0.615866	0.014563
 830	4.1450e-01	6.8340	-1.237892	-0.001091	-10.906431	-3.695199	0.087381
 831	4.1500e-01	6.8276	-1.529160	0.000727	7.270954	2.463466	-0.058254
 832	4.1550e-01	6.7955	-1.929655	0.001000	9.997561	3.387265	-0.080099
 833	4.1600e-01	6.7314	-2.148106	0.000545	5.453215	1.847599	-0.043690
 834	4.1650e-01	6.7217	-2.111697	-0.000091	-0.908869	-0.307933	0.007282
 835	4.1700e-01	6.6688	-2.293740	0.000454	4.544346	1.539666	-0.036409
 836	4.1750e-01	6.6143	-2.621418	0.000818	8.179823	2.771399	-0.065535
 837	4.1800e-01	6.5806	-2.402966	-0.000545	-5.453215	-1.847599	0.043690
 838	4.1850e-01	6.5389	-2.548600	0.000364	3.635477	1.231733	-0.029127
 839	4.1900e-01	6.5164	-3.021912	0.001182	11.815300	4.003132	-0.094662
 840	4.1950e-01	6.4843	-3.131138	0.000273	2.726608	0.923800	-0.021845
 841	4.2000e-01	6.4378	-2.730643	-0.001000	-9.997561	-3.387265	0.080099
 842	4.2050e-01	6.3961	-3.349589	0.001545	15.450777	5.234865	-0.123789
 843	4.2100e-01	6.3191	-3.203955	-0.000364	-3.635477	-1.231733	0.029127
 844	4.2150e-01	6.2902	-3.094729	-0.000273	-2.726608	-0.923800	0.021845
 845	4.2200e-01	6.2758	-3.422406	0.000818	8.179823	2.771399	-0.065535
 846	4.2250e-01	6.2196	-3.859309	0.001091	10.906431	3.695199	-0.087381
 847	4.2300e-01	6.1699	-3.640858	-0.000545	-5.453215	-1.847599	0.043690
 848	4.2350e-01	6.1169	-3.422406	-0.000545	-5.453215	-1.847599	0.043690
 849	4.2400e-01	6.1121	-3.932126	0.001272	12.724169	4.311065	-0.101944
 850	4.2450e-01	6.0512	-3.895718	-0.000091	-0.908869	-0.307933	0.007282
 851	4.2500e-01	6.0175	-4.332621	0.001091	10.906431	3.695199	-0.087381
 852	4.2550e-01	5.9982	-4.259804	-0.000182	-1.817738	-0.615866	0.014563
 853	4.2600e-01	5.9565	-4.805932	0.001363	13.633038	4.618998	-0.109226
 854	4.2650e-01	5.9004	-4.514664	-0.000727	-7.270954	-2.463466	0.058254
 855	4.2700e-01	5.8635	-4.951566	0.001091	10.906431	3.695199	-0.087381
 856	4.2750e-01	5.8186	-4.696706	-0.000636	-6.362084	-2.155533	0.050972
 857	4.2800e-01	5.7768	-4.660298	-0.000091	-0.908869	-0.307933	0.007282
 858	4.2850e-01	5.7496	-4.842341	0.000454	4.544346	1.539666	-0.036409
 859	4.2900e-01	5.7207	-5.206427	0.000909	9.088692	3.079332	-0.072817
 860	4.2950e-01	5.6790	-5.570512	0.000909	9.088692	3.079332	-0.072817
 861	4.3000e-01	5.6517	-5.643329	0.000182	1.817738	0.615866	-0.014563
 862	4.3050e-01	5.6148	-5.788964	0.000364	3.635477	1.231733	-0.029127
 863	4.3100e-01	5.5426	-5.934598	0.000364	3.635477	1.231733	-0.029127
 864	4.3150e-01	5.4993	-5.825372	-0.000273	-2.726608	-0.923800	0.021845
 865	4.3200e-01	5.4496	-5.934598	0.000273	2.726608	0.923800	-0.021845
 866	4.3250e-01	5.4111	-5.825372	-0.000273	-2.726608	-0.923800	0.021845
 867	4.3300e-01	5.3774	-6.444318	0.001545	15.450777	5.234865	-0.123789
 868	4.3350e-01	5.3469	-6.043824	-0.001000	-9.997561	-3.387265	0.080099
 869	4.3400e-01	5.3084	-6.517135	0.001182	11.815300	4.003132	-0.094662
 870	4.3450e-01	5.2908	-6.954038	0.001091	10.906431	3.695199	-0.087381
 871	4.3500e-01	5.2394	-6.589952	-0.000909	-9.088692	-3.079332	0.072817
 872	4.3550e-01	5.1961	-7.026855	0.001091	10.906431	3.695199	-0.087381
 873	4.3600e-01	5.1528	-6.771995	-0.000636	-6.362084	-2.155533	0.050972
 874	4.3650e-01	5.1095	-7.572984	0.002000	19.995123	6.774531	-0.160198
 875	4.3700e-01	5.0662	-7.245307	-0.000818	-8.179823	-2.771399	0.065535
 876	4.3750e-01	5.0229	-7.536575	0.000727	7.270954	2.463466	-0.058254
 877	4.3800e-01	4.9699	-7.354533	-0.000454	-4.544346	-1.539666	0.036409
 878	4.3850e-01	4.9635	-7.390941	0.000091	0.908869	0.307933	-0.007282
 879	4.3900e-01	4.9138	-7.718618	0.000818	8.179823	2.771399	-0.065535
 880	4.3950e-01	4.8801	-8.228338	0.001272	12.724169	4.311065	-0.101944
 881	4.4000e-01	4.8175	-8.082704	-0.000364	-3.635477	-1.231733	0.029127
 882	4.4050e-01	4.7662	-8.665241	0.001454	14.541907	4.926932	-0.116507
 883	4.4100e-01	4.7437	-8.082704	-0.001454	-14.541907	-4.926932	0.116507
 884	4.4150e-01	4.7036	-8.810876	0.001818	18.177384	6.158665	-0.145634
 885	4.4200e-01	4.6507	-8.628833	-0.000454	-4.544346	-1.539666	0.036409
 886	4.4250e-01	4.6218	-8.992919	0.000909	9.088692	3.079332	-0.072817
 887	4.4300e-01	4.6025	-9.029327	0.000091	0.908869	0.307933	-0.007282
 888	4.4350e-01	4.5416	-9.284187	0.000636	6.362084	2.155533	-0.050972
 889	4.4400e-01	4.5191	-9.247779	-0.000091	-0.908869	-0.307933	0.007282
 890	4.4450e-01	4.4806	-9.065736	-0.000454	-4.544346	-1.539666	0.036409
 891	4.4500e-01	4.4389	-9.502639	0.001091	10.906431	3.695199	-0.087381
 892	4.4550e-01	4.3699	-9.721090	0.000545	5.453215	1.847599	-0.043690
 893	4.4600e-01	4.3218	-9.502639	-0.000545	-5.453215	-1.847599	0.043690
 894	4.4650e-01	4.2977	-9.648273	0.000364	3.635477	1.231733	-0.029127
 895	4.4700e-01	4.2592	-10.303627	0.001636	16.359646	5.542798	-0.131071
 896	4.4750e-01	4.2111	-10.048767	-0.000636	-6.362084	-2.155533	0.050972
 897	4.4800e-01	4.1710	-10.157993	0.000273	2.726608	0.923800	-0.021845
 898	4.4850e-01	4.1485	-10.340036	0.000454	4.544346	1.539666	-0.036409
 899	4.4900e-01	4.1165	-10.740530	0.001000	9.997561	3.387265	-0.080099
 900	4.4950e-01	4.0683	-10.886165	0.000364	3.635477	1.231733	-0.029127
 901	4.5000e-01	4.0202	-10.849756	-0.000091	-0.908869	-0.307933	0.007282
 902	4.5050e-01	3.9721	-11.141025	0.000727	7.270954	2.463466	-0.058254
 903	4.5100e-01	3.9480	-11.177433	0.000091	0.908869	0.307933	-0.007282
 904	4.5150e-01	3.9207	-11.432293	0.000636	6.362084	2.155533	-0.050972
 905	4.5200e-01	3.8646	-11.068207	-0.000909	-9.088692	-3.079332	0.072817
 906	4.5250e-01	3.8309	-11.250250	0.000454	4.544346	1.539666	-0.036409
 907	4.5300e-01	3.7876	-11.796379	0.001363	13.633038	4.618998	-0.109226
 908	4.5350e-01	3.7363	-11.832788	0.000091	0.908869	0.307933	-0.007282
 909	4.5400e-01	3.6994	-11.978422	0.000364	3.635477	1.231733	-0.029127
 910	4.5450e-01	3.6609	-12.051239	0.000182	1.817738	0.615866	-0.014563
 911	4.5500e-01	3.6400	-12.415325	0.000909	9.088692	3.079332	-0.072817
 912	4.5550e-01	3.6015	-12.233282	-0.000454	-4.544346	-1.539666	0.036409
 913	4.5600e-01	3.5229	-11.942013	-0.000727	-7.270954	-2.463466	0.058254
 914	4.5650e-01	3.5085	-12.597368	0.001636	16.359646	5.542798	-0.131071
 915	4.5700e-01	3.4523	-12.815819	0.000545	5.453215	1.847599	-0.043690
 916	4.5750e-01	3.4202	-12.779411	-0.000091	-0.908869	-0.307933	0.007282
 917	4.5800e-01	3.3833	-12.888636	0.000273	2.726608	0.923800	-0.021845
 918	4.5850e-01	3.3577	-13.434765	0.001363	13.633038	4.618998	-0.109226
 919	4.5900e-01	3.3320	-13.361948	-0.000182	-1.817738	-0.615866	0.014563
 920	4.5950e-01	3.2919	-13.434765	0.000182	1.817738	0.615866	-0.014563
 921	4.6000e-01	3.2389	-13.653216	0.000545	5.453215	1.847599	-0.043690
 922	4.6050e-01	3.2229	-14.053711	0.001000	9.997561	3.387265	-0.080099
 923	4.6100e-01	3.1539	-13.944485	-0.000273	-2.726608	-0.923800	0.021845
 924	4.6150e-01	3.1074	-14.126528	0.000454	4.544346	1.539666	-0.036409
 925	4.6200e-01	3.0833	-13.871668	-0.000636	-6.362084	-2.155533	0.050972
 926	4.6250e-01	3.0272	-14.235754	0.000909	9.088692	3.079332	-0.072817
 927	4.6300e-01	3.0160	-14.563431	0.000818	8.179823	2.771399	-0.065535
 928	4.6350e-01	2.9374	-14.672657	0.000273	2.726608	0.923800	-0.021845
 929	4.6400e-01	2.9245	-14.599839	-0.000182	-1.817738	-0.615866	0.014563
 930	4.6450e-01	2.8748	-14.891108	0.000727	7.270954	2.463466	-0.058254
 931	4.6500e-01	2.8347	-14.963925	0.000182	1.817738	0.615866	-0.014563
 932	4.6550e-01	2.7833	-15.036742	0.000182	1.817738	0.615866	-0.014563
 933	4.6600e-01	2.7545	-15.145968	0.000273	2.726608	0.923800	-0.021845
 934	4.6650e-01	2.7112	-15.655688	0.001272	12.724169	4.311065	-0.101944
 935	4.6700e-01	2.6694	-15.582871	-0.000182	-1.817738	-0.615866	0.014563
 936	4.6750e-01	2.6502	-15.619280	0.000091	0.908869	0.307933	-0.007282
 937	4.6800e-01	2.5892	-15.983365	0.000909	9.088692	3.079332	-0.072817
 938	4.6850e-01	2.5475	-16.056182	0.000182	1.817738	0.615866	-0.014563
 939	4.6900e-01	2.5106	-16.129000	0.000182	1.817738	0.615866	-0.014563
 940	4.6950e-01	2.4673	-16.201817	0.000182	1.817738	0.615866	-0.014563
 941	4.7000e-01	2.4641	-16.966397	0.001909	19.086253	6.466598	-0.152916
 942	4.7050e-01	2.3711	-16.420268	-0.001363	-13.633038	-4.618998	0.109226
 943	4.7100e-01	2.3310	-16.784354	0.000909	9.088692	3.079332	-0.072817
 944	4.7150e-01	2.3085	-16.820763	0.000091	0.908869	0.307933	-0.007282
 945	4.7200e-01	2.2732	-17.075623	0.000636	6.362084	2.155533	-0.050972
 946	4.7250e-01	2.2491	-16.929988	-0.000364	-3.635477	-1.231733	0.029127
 947	4.7300e-01	2.1994	-17.476117	0.001363	13.633038	4.618998	-0.109226
 948	4.7350e-01	2.1625	-17.294074	-0.000454	-4.544346	-1.539666	0.036409
 949	4.7400e-01	2.0999	-17.476117	0.000454	4.544346	1.539666	-0.036409
 950	4.7450e-01	2.0582	-17.913020	0.001091	10.906431	3.695199	-0.087381
 951	4.7500e-01	2.0229	-17.512526	-0.001000	-9.997561	-3.387265	0.080099
 952	4.7550e-01	1.9459	-18.095063	0.001454	14.541907	4.926932	-0.116507
 953	4.7600e-01	1.9331	-18.167880	0.000182	1.817738	0.615866	-0.014563
 954	4.7650e-01	1.9187	-18.058654	-0.000273	-2.726608	-0.923800	0.021845
 955	4.7700e-01	1.8930	-18.495557	0.001091	10.906431	3.695199	-0.087381
 956	4.7750e-01	1.8288	-18.641191	0.000364	3.635477	1.231733	-0.029127
 957	4.7800e-01	1.7935	-18.896051	0.000636	6.362084	2.155533	-0.050972
 958	4.7850e-01	1.7294	-19.260137	0.000909	9.088692	3.079332	-0.072817
 959	4.7900e-01	1.6844	-19.005277	-0.000636	-6.362084	-2.155533	0.050972
 960	4.7950e-01	1.6716	-19.260137	0.000636	6.362084	2.155533	-0.050972
 961	4.8000e-01	1.6315	-19.769857	0.001272	12.724169	4.311065	-0.101944
 962	4.8050e-01	1.6171	-20.170352	0.001000	9.997561	3.387265	-0.080099
 963	4.8100e-01	1.5609	-19.806266	-0.000909	-9.088692	-3.079332	0.072817
 964	4.8150e-01	1.4919	-19.842674	0.000091	0.908869	0.307933	-0.007282
 965	4.8200e-01	1.4582	-20.206760	0.000909	9.088692	3.079332	-0.072817
 966	4.8250e-01	1.3925	-19.915492	-0.000727	-7.270954	-2.463466	0.058254
 967	4.8300e-01	1.3877	-20.570846	0.001636	16.359646	5.542798	-0.131071
 968	4.8350e-01	1.3652	-20.825706	0.000636	6.362084	2.155533	-0.050972
 969	4.8400e-01	1.3139	-20.716480	-0.000273	-2.726608	-0.923800	0.021845
 970	4.8450e-01	1.2834	-20.752889	0.000091	0.908869	0.307933	-0.007282
 971	4.8500e-01	1.2272	-21.116975	0.000909	9.088692	3.079332	-0.072817
 972	4.8550e-01	1.2128	-21.371835	0.000636	6.362084	2.155533	-0.050972
 973	4.8600e-01	1.1342	-21.044157	-0.000818	-8.179823	-2.771399	0.065535
 974	4.8650e-01	1.0957	-21.408243	0.000909	9.088692	3.079332	-0.072817
 975	4.8700e-01	1.0460	-21.553878	0.000364	3.635477	1.231733	-0.029127
 976	4.8750e-01	1.0395	-21.990780	0.001091	10.906431	3.695199	-0.087381
 977	4.8800e-01	0.9706	-21.845146	-0.000364	-3.635477	-1.231733	0.029127
 978	4.8850e-01	0.9289	-22.063598	0.000545	5.453215	1.847599	-0.043690
 979	4.8900e-01	0.9096	-21.990780	-0.000182	-1.817738	-0.615866	0.014563
 980	4.8950e-01	0.8663	-22.354866	0.000909	9.088692	3.079332	-0.072817
 981	4.9000e-01	0.8230	-22.573318	0.000545	5.453215	1.847599	-0.043690
 982	4.9050e-01	0.7652	-22.500501	-0.000182	-1.817738	-0.615866	0.014563
 983	4.9100e-01	0.7492	-23.556349	0.002636	26.357207	8.930064	-0.211170
 984	4.9150e-01	0.6914	-23.046629	-0.001272	-12.724169	-4.311065	0.101944
 985	4.9200e-01	0.6481	-23.447124	0.001000	9.997561	3.387265	-0.080099
 986	4.9250e-01	0.6064	-23.483532	0.000091	0.908869	0.307933	-0.007282
 987	4.9300e-01	0.5855	-23.774801	0.000727	7.270954	2.463466	-0.058254
 988	4.9350e-01	0.5342	-23.774801	-0.000000	-0.000000	-0.000000	0.000000
 989	4.9400e-01	0.4893	-23.556349	-0.000545	-5.453215	-1.847599	0.043690
 990	4.9450e-01	0.4412	-24.102478	0.001363	13.633038	4.618998	-0.109226
 991	4.9500e-01	0.4171	-24.430155	0.000818	8.179823	2.771399	-0.065535
 992	4.9550e-01	0.3930	-23.847618	-0.001454	-14.541907	-4.926932	0.116507
 993	4.9600e-01	0.3738	-24.794241	0.002363	23.630600	8.006264	-0.189325
 994	4.9650e-01	0.2968	-24.685015	-0.000273	-2.726608	-0.923800	0.021845
 995	4.9700e-01	0.2599	-25.049101	0.000909	9.088692	3.079332	-0.072817
 996	4.9750e-01	0.2358	-24.867058	-0.000454	-4.544346	-1.539666	0.036409
 997	4.9800e-01	0.2069	-25.558821	0.001727	17.268515	5.850731	-0.138353
 998	4.9850e-01	0.1620	-25.413187	-0.000364	-3.635477	-1.231733	0.029127
 999	4.9900e-01	0.1171	-25.194735	-0.000545	-5.453215	-1.847599	0.043690
1000	4.9950e-01	0.0914	-25.777272	0.001454	14.541907	4.926932	-0.116507
1001	5.0000e-01	0.0882	-26.068541	0.001454	14.541907	4.926932	-0.058254

PMax (uC/cm2):	6.02e+01
Pr (uC/cm2):	4.11e+00
-Pr (uC/cm2):	0.00e+00
PLoss (uC/cm2):	0.00e+00
C (Max-Eff) (nF):	3.00e-01
K (Eff):	1.02e+03
Vert. (+/-Pr) Shift (uC/cm2):	2.06e+00
Offset (uC/cm2):	3.02e+01

A (Loop Area - uC/cm2·Volts):	4.81e-01



Hysteresis Version: 5.48.1 - Radiant Technologies, Inc., 1999 - 9/12/24

