»»»»»»»»»»»»»»»»»»»»»»»»»»»»»»»»»»»» Hysteresis ««««««««««««««««««««««««««««««««««««
»»»  Executed Version:	5.48.1
»»»  Vision Version:	5.48.4 (R)
»»»  Vision Compiled:	9/18/24
»»»  Driver Version:	5.47.0
»»»  Windows Version:	Windows 8 or 8.1
»»»  Processor Information:	x86 (AMD or Intel) - 32 Processors
»»»  Tester Name:	PMF21124-494 (100V)
»»»  Tester S/N:	PMF21124-494
»»»  Internal Amp Type:	100V RevK 270k
»»»  Internal Amp S/N:	iAB2-596/K     
»»»  Execution Count:	1
»»»»»»»»»»»»»»»»»»»»»»»»»»»»»»»»»»»»»»»»»»««««««««««««««««««««««««««««««««««««««««««

Stored:	10/10/2025 - 15:11:55
Configured:	10/10/25 10:37:25 AM
Executed:	10/10/25 03:11:24 PM

»»»»»»»»»»»»»»»»»»»»»»»»»»»»»»»»»»» Sample Info ««««««««««««««««««««««««««««««««««««
Sample Name:	Int. Ref. Ferroelectric
Lot Name:	N/A
Wafer Name:	N/A
Die Row/Column:	0/0
Capacitor Number:	0
Sample Area (cm2):	1.00e-04
Sample Thickness (microns):	3.00e-01

Amplifier:	Internal

»»»»»»»»»»»»»»»»»»»»»»»»»»»»»»»»»»» Tester Info «««««««««««««««««««««««««««««««««««
Tester Name:	PMF21124-494 (100V)
Tester Serial Number:	PMF21124-494
Return Signal Amp. Level:	0.02 [Index: 2]

»»»»»»»»»»»»»»»»»»»»»»»»»»»»»»»» Hysteresis Info ««««««««««««««««««««««««««««««««««
Task Name:	Hyst-170
Volts:	20.00
Field:	666.67 (kV/cm)
DCBias:	0.00
DCField:	0.00 (kV/cm)
Hysteresis Period (ms):	5.00e-01
Preset:	Enabled
Preset Delay (ms):	1.00e+03
Profile:	Standard Monopolar

»»»»»»»»»»»»»»»»»»»»»»»»»»»»»»»»»»»»»» Data «««««««««««««««««««««««««««««««««««««««
Points:	1001

Valid Data

Point	Time (ms)	Drive Voltage	Measured Polarization (uC/cm2)	Capacitance (uF)	Normalized Capacitance (uF/cm2)	Dielectric Constant	Instantaneous Current (mA)
   1	0.0000e+00	0.0545	-30.856269	-0.002997	-29.972224	-10.154864	0.240297
   2	5.0000e-04	0.0529	-29.654786	-0.002997	-29.972224	-10.154864	0.240297
   3	1.0000e-03	0.1348	-30.128097	-0.001181	-11.807240	-4.000401	-0.094662
   4	1.5000e-03	0.1588	-29.691195	0.001090	10.898990	3.692678	0.087381
   5	2.0000e-03	0.2134	-29.691195	0.000000	0.000000	0.000000	0.000000
   6	2.5000e-03	0.2262	-29.145066	0.001362	13.623738	4.615847	0.109226
   7	3.0000e-03	0.2727	-29.217883	-0.000182	-1.816498	-0.615446	-0.014563
   8	3.5000e-03	0.3064	-28.999432	0.000545	5.449495	1.846339	0.043690
   9	4.0000e-03	0.3545	-28.744572	0.000636	6.357744	2.154062	0.050972
  10	4.5000e-03	0.3995	-28.780980	-0.000091	-0.908249	-0.307723	-0.007282
  11	5.0000e-03	0.4396	-28.598937	0.000454	4.541246	1.538616	0.036409
  12	5.5000e-03	0.4765	-28.416894	0.000454	4.541246	1.538616	0.036409
  13	6.0000e-03	0.5406	-28.234851	0.000454	4.541246	1.538616	0.036409
  14	6.5000e-03	0.5551	-27.979991	0.000636	6.357744	2.154062	0.050972
  15	7.0000e-03	0.6128	-27.797949	0.000454	4.541246	1.538616	0.036409
  16	7.5000e-03	0.6609	-27.870766	-0.000182	-1.816498	-0.615446	-0.014563
  17	8.0000e-03	0.6754	-27.688723	0.000454	4.541246	1.538616	0.036409
  18	8.5000e-03	0.7075	-27.142594	0.001362	13.623738	4.615847	0.109226
  19	9.0000e-03	0.7363	-26.996960	0.000363	3.632997	1.230893	0.029127
  20	9.5000e-03	0.8262	-27.215411	-0.000545	-5.449495	-1.846339	-0.043690
  21	1.0000e-02	0.8358	-26.814917	0.000999	9.990741	3.384955	0.080099
  22	1.0500e-02	0.8775	-26.632874	0.000454	4.541246	1.538616	0.036409
  23	1.1000e-02	0.8711	-26.305197	-0.000817	-8.174243	-2.769508	0.065535
  24	1.1500e-02	0.9625	-26.378014	-0.000182	-1.816498	-0.615446	-0.014563
  25	1.2000e-02	0.9962	-26.232380	0.000363	3.632997	1.230893	0.029127
  26	1.2500e-02	1.0347	-26.123154	0.000272	2.724748	0.923169	0.021845
  27	1.3000e-02	1.0748	-26.050337	0.000182	1.816498	0.615446	0.014563
  28	1.3500e-02	1.1037	-25.759068	0.000727	7.265994	2.461785	0.058254
  29	1.4000e-02	1.1406	-25.759068	0.000000	0.000000	0.000000	0.000000
  30	1.4500e-02	1.1839	-25.831885	-0.000182	-1.816498	-0.615446	-0.014563
  31	1.5000e-02	1.2369	-25.140122	0.001726	17.256735	5.846740	0.138353
  32	1.5500e-02	1.2593	-25.467800	-0.000817	-8.174243	-2.769508	-0.065535
  33	1.6000e-02	1.3139	-24.739628	0.001816	18.164984	6.154463	0.145634
  34	1.6500e-02	1.3540	-24.776037	-0.000091	-0.908249	-0.307723	-0.007282
  35	1.7000e-02	1.4005	-24.885262	-0.000272	-2.724748	-0.923169	-0.021845
  36	1.7500e-02	1.4246	-24.302725	0.001453	14.531987	4.923571	0.116507
  37	1.8000e-02	1.4759	-24.484768	-0.000454	-4.541246	-1.538616	-0.036409
  38	1.8500e-02	1.5272	-24.375542	0.000272	2.724748	0.923169	0.021845
  39	1.9000e-02	1.5529	-24.557585	-0.000454	-4.541246	-1.538616	-0.036409
  40	1.9500e-02	1.5898	-23.756596	0.001998	19.981483	6.769910	0.160198
  41	2.0000e-02	1.6395	-23.829414	-0.000182	-1.816498	-0.615446	-0.014563
  42	2.0500e-02	1.6844	-23.975048	-0.000363	-3.632997	-1.230893	-0.029127
  43	2.1000e-02	1.7197	-23.501736	0.001181	11.807240	4.000401	0.094662
  44	2.1500e-02	1.7438	-23.137651	0.000908	9.082492	3.077232	0.072817
  45	2.2000e-02	1.7967	-23.283285	-0.000363	-3.632997	-1.230893	-0.029127
  46	2.2500e-02	1.8336	-23.064834	0.000545	5.449495	1.846339	0.043690
  47	2.3000e-02	1.8545	-22.846382	0.000545	5.449495	1.846339	0.043690
  48	2.3500e-02	1.9187	-22.737156	0.000272	2.724748	0.923169	0.021845
  49	2.4000e-02	1.9620	-22.882791	-0.000363	-3.632997	-1.230893	-0.029127
  50	2.4500e-02	1.9941	-22.518705	0.000908	9.082492	3.077232	0.072817
  51	2.5000e-02	2.0502	-22.045393	0.001181	11.807240	4.000401	0.094662
  52	2.5500e-02	2.0791	-22.373071	-0.000817	-8.174243	-2.769508	-0.065535
  53	2.6000e-02	2.0711	-21.936168	-0.001090	-10.898990	-3.692678	0.087381
  54	2.6500e-02	2.1320	-21.936168	0.000000	0.000000	0.000000	0.000000
  55	2.7000e-02	2.1898	-22.008985	-0.000182	-1.816498	-0.615446	-0.014563
  56	2.7500e-02	2.2523	-21.535673	0.001181	11.807240	4.000401	0.094662
  57	2.8000e-02	2.2716	-21.644899	-0.000272	-2.724748	-0.923169	-0.021845
  58	2.8500e-02	2.3085	-21.135179	0.001272	12.715489	4.308124	0.101944
  59	2.9000e-02	2.3422	-21.353630	-0.000545	-5.449495	-1.846339	-0.043690
  60	2.9500e-02	2.4192	-21.135179	0.000545	5.449495	1.846339	0.043690
  61	3.0000e-02	2.4432	-21.025953	0.000272	2.724748	0.923169	0.021845
  62	3.0500e-02	2.4721	-21.062362	-0.000091	-0.908249	-0.307723	-0.007282
  63	3.1000e-02	2.5267	-20.261373	0.001998	19.981483	6.769910	0.160198
  64	3.1500e-02	2.5860	-20.334190	-0.000182	-1.816498	-0.615446	-0.014563
  65	3.2000e-02	2.5989	-20.516233	-0.000454	-4.541246	-1.538616	-0.036409
  66	3.2500e-02	2.6245	-20.115739	0.000999	9.990741	3.384955	0.080099
  67	3.3000e-02	2.6614	-19.788062	0.000817	8.174243	2.769508	0.065535
  68	3.3500e-02	2.7047	-20.006513	-0.000545	-5.449495	-1.846339	-0.043690
  69	3.4000e-02	2.7416	-19.678836	0.000817	8.174243	2.769508	0.065535
  70	3.4500e-02	2.8267	-19.860879	-0.000454	-4.541246	-1.538616	-0.036409
  71	3.5000e-02	2.8347	-19.387567	0.001181	11.807240	4.000401	0.094662
  72	3.5500e-02	2.8876	-19.569610	-0.000454	-4.541246	-1.538616	-0.036409
  73	3.6000e-02	2.9197	-18.586579	0.002452	24.522729	8.308525	0.196606
  74	3.6500e-02	2.9486	-19.059890	-0.001181	-11.807240	-4.000401	-0.094662
  75	3.7000e-02	3.0144	-19.132707	-0.000182	-1.816498	-0.615446	-0.014563
  76	3.7500e-02	3.0400	-18.622987	0.001272	12.715489	4.308124	0.101944
  77	3.8000e-02	3.0865	-18.695804	-0.000182	-1.816498	-0.615446	-0.014563
  78	3.8500e-02	3.1170	-18.586579	0.000272	2.724748	0.923169	0.021845
  79	3.9000e-02	3.1603	-18.258901	0.000817	8.174243	2.769508	0.065535
  80	3.9500e-02	3.2181	-18.149676	0.000272	2.724748	0.923169	0.021845
  81	4.0000e-02	3.2454	-17.967633	0.000454	4.541246	1.538616	0.036409
  82	4.0500e-02	3.2630	-17.785590	0.000454	4.541246	1.538616	0.036409
  83	4.1000e-02	3.3336	-17.749181	0.000091	0.908249	0.307723	0.007282
  84	4.1500e-02	3.3849	-17.312278	0.001090	10.898990	3.692678	0.087381
  85	4.2000e-02	3.4170	-17.385096	-0.000182	-1.816498	-0.615446	-0.014563
  86	4.2500e-02	3.4539	-17.312278	0.000182	1.816498	0.615446	0.014563
  87	4.3000e-02	3.4667	-17.093827	0.000545	5.449495	1.846339	0.043690
  88	4.3500e-02	3.5085	-16.838967	0.000636	6.357744	2.154062	0.050972
  89	4.4000e-02	3.5470	-16.511290	0.000817	8.174243	2.769508	0.065535
  90	4.4500e-02	3.5999	-16.547698	-0.000091	-0.908249	-0.307723	-0.007282
  91	4.5000e-02	3.6256	-16.365655	0.000454	4.541246	1.538616	0.036409
  92	4.5500e-02	3.6801	-16.256430	0.000272	2.724748	0.923169	0.021845
  93	4.6000e-02	3.7395	-16.183612	0.000182	1.816498	0.615446	0.014563
  94	4.6500e-02	3.7571	-16.183612	0.000000	0.000000	0.000000	0.000000
  95	4.7000e-02	3.8068	-15.855935	0.000817	8.174243	2.769508	0.065535
  96	4.7500e-02	3.8389	-15.819527	0.000091	0.908249	0.307723	0.007282
  97	4.8000e-02	3.8742	-15.637484	0.000454	4.541246	1.538616	0.036409
  98	4.8500e-02	3.9272	-15.491849	0.000363	3.632997	1.230893	0.029127
  99	4.9000e-02	3.9592	-15.346215	0.000363	3.632997	1.230893	0.029127
 100	4.9500e-02	3.9994	-15.200581	0.000363	3.632997	1.230893	0.029127
 101	5.0000e-02	4.0282	-15.054947	0.000363	3.632997	1.230893	0.029127
 102	5.0500e-02	4.0796	-14.836495	0.000545	5.449495	1.846339	0.043690
 103	5.1000e-02	4.0988	-14.581635	0.000636	6.357744	2.154062	0.050972
 104	5.1500e-02	4.1485	-14.436001	0.000363	3.632997	1.230893	0.029127
 105	5.2000e-02	4.1935	-13.999098	0.001090	10.898990	3.692678	0.087381
 106	5.2500e-02	4.2448	-14.253958	-0.000636	-6.357744	-2.154062	-0.050972
 107	5.3000e-02	4.2961	-14.290366	-0.000091	-0.908249	-0.307723	-0.007282
 108	5.3500e-02	4.3138	-14.108324	0.000454	4.541246	1.538616	0.036409
 109	5.4000e-02	4.3555	-13.780646	0.000817	8.174243	2.769508	0.065535
 110	5.4500e-02	4.3940	-13.962689	-0.000454	-4.541246	-1.538616	-0.036409
 111	5.5000e-02	4.4197	-13.707829	0.000636	6.357744	2.154062	0.050972
 112	5.5500e-02	4.4822	-13.817055	-0.000272	-2.724748	-0.923169	-0.021845
 113	5.6000e-02	4.5336	-13.016066	0.001998	19.981483	6.769910	0.160198
 114	5.6500e-02	4.5656	-13.525786	-0.001272	-12.715489	-4.308124	-0.101944
 115	5.7000e-02	4.5785	-13.052475	0.001181	11.807240	4.000401	0.094662
 116	5.7500e-02	4.6298	-12.761206	0.000727	7.265994	2.461785	0.058254
 117	5.8000e-02	4.6892	-12.579163	0.000454	4.541246	1.538616	0.036409
 118	5.8500e-02	4.7068	-12.542755	0.000091	0.908249	0.307723	0.007282
 119	5.9000e-02	4.7517	-12.651980	-0.000272	-2.724748	-0.923169	-0.021845
 120	5.9500e-02	4.8239	-12.397120	0.000636	6.357744	2.154062	0.050972
 121	6.0000e-02	4.8544	-12.360712	0.000091	0.908249	0.307723	0.007282
 122	6.0500e-02	4.8753	-12.033035	0.000817	8.174243	2.769508	0.065535
 123	6.1000e-02	4.9138	-11.741766	0.000727	7.265994	2.461785	0.058254
 124	6.1500e-02	4.9683	-11.960218	-0.000545	-5.449495	-1.846339	-0.043690
 125	6.2000e-02	5.0148	-11.414089	0.001362	13.623738	4.615847	0.109226
 126	6.2500e-02	5.0501	-11.523315	-0.000272	-2.724748	-0.923169	-0.021845
 127	6.3000e-02	5.0854	-11.159229	0.000908	9.082492	3.077232	0.072817
 128	6.3500e-02	5.1560	-11.450497	-0.000727	-7.265994	-2.461785	-0.058254
 129	6.4000e-02	5.1528	-11.050003	-0.000999	-9.990741	-3.384955	0.080099
 130	6.4500e-02	5.1929	-11.159229	-0.000272	-2.724748	-0.923169	-0.021845
 131	6.5000e-02	5.2394	-10.540283	0.001544	15.440237	5.231294	0.123789
 132	6.5500e-02	5.2587	-10.613100	-0.000182	-1.816498	-0.615446	-0.014563
 133	6.6000e-02	5.2924	-10.285423	0.000817	8.174243	2.769508	0.065535
 134	6.6500e-02	5.3581	-10.139789	0.000363	3.632997	1.230893	0.029127
 135	6.7000e-02	5.4063	-10.394649	-0.000636	-6.357744	-2.154062	-0.050972
 136	6.7500e-02	5.4383	-10.103380	0.000727	7.265994	2.461785	0.058254
 137	6.8000e-02	5.4576	-10.030563	0.000182	1.816498	0.615446	0.014563
 138	6.8500e-02	5.4945	-9.739294	0.000727	7.265994	2.461785	0.058254
 139	6.9000e-02	5.5474	-9.520843	0.000545	5.449495	1.846339	0.043690
 140	6.9500e-02	5.5940	-9.702886	-0.000454	-4.541246	-1.538616	-0.036409
 141	7.0000e-02	5.6389	-9.448026	0.000636	6.357744	2.154062	0.050972
 142	7.0500e-02	5.7030	-9.557251	-0.000272	-2.724748	-0.923169	-0.021845
 143	7.1000e-02	5.7223	-9.229574	0.000817	8.174243	2.769508	0.065535
 144	7.1500e-02	5.7865	-9.302391	-0.000182	-1.816498	-0.615446	-0.014563
 145	7.2000e-02	5.8186	-9.083940	0.000545	5.449495	1.846339	0.043690
 146	7.2500e-02	5.8619	-8.719854	0.000908	9.082492	3.077232	0.072817
 147	7.3000e-02	5.8699	-8.610628	0.000272	2.724748	0.923169	0.021845
 148	7.3500e-02	5.9052	-8.719854	-0.000272	-2.724748	-0.923169	-0.021845
 149	7.4000e-02	5.9373	-7.809640	0.002271	22.706230	7.693079	0.182043
 150	7.4500e-02	6.0095	-8.501403	-0.001726	-17.256735	-5.846740	-0.138353
 151	7.5000e-02	6.0768	-8.064500	0.001090	10.898990	3.692678	0.087381
 152	7.5500e-02	6.1089	-7.955274	0.000272	2.724748	0.923169	0.021845
 153	7.6000e-02	6.1105	-7.736823	0.000545	5.449495	1.846339	0.043690
 154	7.6500e-02	6.1474	-7.409145	0.000817	8.174243	2.769508	0.065535
 155	7.7000e-02	6.2100	-7.882457	-0.001181	-11.807240	-4.000401	-0.094662
 156	7.7500e-02	6.2549	-7.336328	0.001362	13.623738	4.615847	0.109226
 157	7.8000e-02	6.2774	-7.336328	0.000000	0.000000	0.000000	0.000000
 158	7.8500e-02	6.3255	-7.081468	0.000636	6.357744	2.154062	0.050972
 159	7.9000e-02	6.3672	-7.045060	0.000091	0.908249	0.307723	0.007282
 160	7.9500e-02	6.3736	-6.462522	0.001453	14.531987	4.923571	0.116507
 161	8.0000e-02	6.4330	-6.644565	-0.000454	-4.541246	-1.538616	-0.036409
 162	8.0500e-02	6.4747	-6.863017	-0.000545	-5.449495	-1.846339	-0.043690
 163	8.1000e-02	6.4859	-5.697942	0.002906	29.063975	9.847141	0.233015
 164	8.1500e-02	6.5356	-6.353297	-0.001635	-16.348486	-5.539017	-0.131071
 165	8.2000e-02	6.5822	-6.462522	-0.000272	-2.724748	-0.923169	-0.021845
 166	8.2500e-02	6.6110	-5.807168	0.001635	16.348486	5.539017	0.131071
 167	8.3000e-02	6.6608	-5.916394	-0.000272	-2.724748	-0.923169	-0.021845
 168	8.3500e-02	6.7009	-5.625125	0.000727	7.265994	2.461785	0.058254
 169	8.4000e-02	6.7442	-5.552308	0.000182	1.816498	0.615446	0.014563
 170	8.4500e-02	6.7763	-5.515899	0.000091	0.908249	0.307723	0.007282
 171	8.5000e-02	6.8340	-5.078996	0.001090	10.898990	3.692678	0.087381
 172	8.5500e-02	6.8741	-5.515899	-0.001090	-10.898990	-3.692678	-0.087381
 173	8.6000e-02	6.9158	-5.151814	0.000908	9.082492	3.077232	0.072817
 174	8.6500e-02	6.9335	-4.496459	0.001635	16.348486	5.539017	0.131071
 175	8.7000e-02	6.9912	-4.678502	-0.000454	-4.541246	-1.538616	-0.036409
 176	8.7500e-02	7.0265	-4.387234	0.000727	7.265994	2.461785	0.058254
 177	8.8000e-02	7.0666	-4.569276	-0.000454	-4.541246	-1.538616	-0.036409
 178	8.8500e-02	7.0971	-4.278008	0.000727	7.265994	2.461785	0.058254
 179	8.9000e-02	7.1469	-3.950331	0.000817	8.174243	2.769508	0.065535
 180	8.9500e-02	7.2014	-4.095965	-0.000363	-3.632997	-1.230893	-0.029127
 181	9.0000e-02	7.2046	-3.841105	0.000636	6.357744	2.154062	0.050972
 182	9.0500e-02	7.2656	-4.314416	-0.001181	-11.807240	-4.000401	-0.094662
 183	9.1000e-02	7.3169	-4.132373	0.000454	4.541246	1.538616	0.036409
 184	9.1500e-02	7.3586	-3.622653	0.001272	12.715489	4.308124	0.101944
 185	9.2000e-02	7.3795	-3.731879	-0.000272	-2.724748	-0.923169	-0.021845
 186	9.2500e-02	7.4340	-3.622653	0.000272	2.724748	0.923169	0.021845
 187	9.3000e-02	7.4886	-3.222159	0.000999	9.990741	3.384955	0.080099
 188	9.3500e-02	7.5287	-3.222159	0.000000	0.000000	0.000000	0.000000
 189	9.4000e-02	7.5720	-2.639622	0.001453	14.531987	4.923571	0.116507
 190	9.4500e-02	7.5640	-2.785256	0.000363	3.632997	1.230893	-0.029127
 191	9.5000e-02	7.6313	-2.603213	0.000454	4.541246	1.538616	0.036409
 192	9.5500e-02	7.6714	-2.712439	-0.000272	-2.724748	-0.923169	-0.021845
 193	9.6000e-02	7.7051	-2.384762	0.000817	8.174243	2.769508	0.065535
 194	9.6500e-02	7.7436	-2.129902	0.000636	6.357744	2.154062	0.050972
 195	9.7000e-02	7.7869	-2.057085	0.000182	1.816498	0.615446	0.014563
 196	9.7500e-02	7.8271	-2.057085	0.000000	0.000000	0.000000	0.000000
 197	9.8000e-02	7.8976	-1.729407	0.000817	8.174243	2.769508	0.065535
 198	9.8500e-02	7.9602	-2.020676	-0.000727	-7.265994	-2.461785	-0.058254
 199	9.9000e-02	7.9682	-1.802225	0.000545	5.449495	1.846339	0.043690
 200	9.9500e-02	7.9843	-1.838633	-0.000091	-0.908249	-0.307723	-0.007282
 201	1.0000e-01	8.0260	-1.438139	0.000999	9.990741	3.384955	0.080099
 202	1.0050e-01	8.0741	-1.328913	0.000272	2.724748	0.923169	0.021845
 203	1.0100e-01	8.0998	-1.256096	0.000182	1.816498	0.615446	0.014563
 204	1.0150e-01	8.1463	-1.183279	0.000182	1.816498	0.615446	0.014563
 205	1.0200e-01	8.1768	-0.819193	0.000908	9.082492	3.077232	0.072817
 206	1.0250e-01	8.2281	-0.637150	0.000454	4.541246	1.538616	0.036409
 207	1.0300e-01	8.2923	-0.564333	0.000182	1.816498	0.615446	0.014563
 208	1.0350e-01	8.2987	-0.382290	0.000454	4.541246	1.538616	0.036409
 209	1.0400e-01	8.3452	-0.782784	-0.000999	-9.990741	-3.384955	-0.080099
 210	1.0450e-01	8.3821	0.054613	0.002089	20.889732	7.077633	0.167479
 211	1.0500e-01	8.4399	0.018204	-0.000091	-0.908249	-0.307723	-0.007282
 212	1.0550e-01	8.4832	-0.309473	-0.000817	-8.174243	-2.769508	-0.065535
 213	1.0600e-01	8.5137	0.018204	0.000817	8.174243	2.769508	0.065535
 214	1.0650e-01	8.5425	0.091021	0.000182	1.816498	0.615446	0.014563
 215	1.0700e-01	8.5907	0.163839	0.000182	1.816498	0.615446	0.014563
 216	1.0750e-01	8.6372	0.491516	0.000817	8.174243	2.769508	0.065535
 217	1.0800e-01	8.6837	0.600742	0.000272	2.724748	0.923169	0.021845
 218	1.0850e-01	8.6885	0.819193	0.000545	5.449495	1.846339	0.043690
 219	1.0900e-01	8.7623	0.819193	0.000000	0.000000	0.000000	0.000000
 220	1.0950e-01	8.7976	1.256096	0.001090	10.898990	3.692678	0.087381
 221	1.1000e-01	8.8217	1.183279	-0.000182	-1.816498	-0.615446	-0.014563
 222	1.1050e-01	8.8778	0.746376	-0.001090	-10.898990	-3.692678	-0.087381
 223	1.1100e-01	8.9324	1.292504	0.001362	13.623738	4.615847	0.109226
 224	1.1150e-01	8.9308	1.765816	-0.001181	-11.807240	-4.000401	0.094662
 225	1.1200e-01	8.9885	1.547365	-0.000545	-5.449495	-1.846339	-0.043690
 226	1.1250e-01	9.0286	1.802225	0.000636	6.357744	2.154062	0.050972
 227	1.1300e-01	9.0671	1.838633	0.000091	0.908249	0.307723	0.007282
 228	1.1350e-01	9.1249	2.020676	0.000454	4.541246	1.538616	0.036409
 229	1.1400e-01	9.1425	2.275536	0.000636	6.357744	2.154062	0.050972
 230	1.1450e-01	9.2115	2.057085	-0.000545	-5.449495	-1.846339	-0.043690
 231	1.1500e-01	9.2564	2.275536	0.000545	5.449495	1.846339	0.043690
 232	1.1550e-01	9.2997	2.384762	0.000272	2.724748	0.923169	0.021845
 233	1.1600e-01	9.2949	2.712439	-0.000817	-8.174243	-2.769508	0.065535
 234	1.1650e-01	9.3366	2.530396	-0.000454	-4.541246	-1.538616	-0.036409
 235	1.1700e-01	9.3751	2.967299	0.001090	10.898990	3.692678	0.087381
 236	1.1750e-01	9.4201	3.040116	0.000182	1.816498	0.615446	0.014563
 237	1.1800e-01	9.4553	2.930890	-0.000272	-2.724748	-0.923169	-0.021845
 238	1.1850e-01	9.4987	3.440611	0.001272	12.715489	4.308124	0.101944
 239	1.1900e-01	9.5259	3.331385	-0.000272	-2.724748	-0.923169	-0.021845
 240	1.1950e-01	9.5773	3.440611	0.000272	2.724748	0.923169	0.021845
 241	1.2000e-01	9.6463	3.622653	0.000454	4.541246	1.538616	0.036409
 242	1.2050e-01	9.6864	3.222159	-0.000999	-9.990741	-3.384955	-0.080099
 243	1.2100e-01	9.7265	3.804696	0.001453	14.531987	4.923571	0.116507
 244	1.2150e-01	9.7634	4.460051	0.001635	16.348486	5.539017	0.131071
 245	1.2200e-01	9.8179	3.950331	-0.001272	-12.715489	-4.308124	-0.101944
 246	1.2250e-01	9.8484	4.168782	0.000545	5.449495	1.846339	0.043690
 247	1.2300e-01	9.8805	4.205191	0.000091	0.908249	0.307723	0.007282
 248	1.2350e-01	9.9093	4.350825	0.000363	3.632997	1.230893	0.029127
 249	1.2400e-01	9.9478	4.896954	0.001362	13.623738	4.615847	0.109226
 250	1.2450e-01	9.9928	4.605685	-0.000727	-7.265994	-2.461785	-0.058254
 251	1.2500e-01	10.0377	4.933362	0.000817	8.174243	2.769508	0.065535
 252	1.2550e-01	10.0826	5.042588	0.000272	2.724748	0.923169	0.021845
 253	1.2600e-01	10.1099	5.297448	0.000636	6.357744	2.154062	0.050972
 254	1.2650e-01	10.1259	5.042588	-0.000636	-6.357744	-2.154062	-0.050972
 255	1.2700e-01	10.1724	5.625125	0.001453	14.531987	4.923571	0.116507
 256	1.2750e-01	10.2270	5.479491	-0.000363	-3.632997	-1.230893	-0.029127
 257	1.2800e-01	10.2655	5.697942	0.000545	5.449495	1.846339	0.043690
 258	1.2850e-01	10.3216	5.188222	-0.001272	-12.715489	-4.308124	-0.101944
 259	1.2900e-01	10.3762	5.661534	0.001181	11.807240	4.000401	0.094662
 260	1.2950e-01	10.4034	5.916394	0.000636	6.357744	2.154062	0.050972
 261	1.3000e-01	10.4307	5.879985	-0.000091	-0.908249	-0.307723	-0.007282
 262	1.3050e-01	10.4821	5.989211	0.000272	2.724748	0.923169	0.021845
 263	1.3100e-01	10.5045	6.316888	0.000817	8.174243	2.769508	0.065535
 264	1.3150e-01	10.5430	6.462522	0.000363	3.632997	1.230893	0.029127
 265	1.3200e-01	10.5976	6.790200	0.000817	8.174243	2.769508	0.065535
 266	1.3250e-01	10.6393	6.244071	-0.001362	-13.623738	-4.615847	-0.109226
 267	1.3300e-01	10.6714	6.535340	0.000727	7.265994	2.461785	0.058254
 268	1.3350e-01	10.7291	7.045060	0.001272	12.715489	4.308124	0.101944
 269	1.3400e-01	10.7548	6.644565	-0.000999	-9.990741	-3.384955	-0.080099
 270	1.3450e-01	10.8093	7.045060	0.000999	9.990741	3.384955	0.080099
 271	1.3500e-01	10.8558	7.299920	0.000636	6.357744	2.154062	0.050972
 272	1.3550e-01	10.8751	7.263511	-0.000091	-0.908249	-0.307723	-0.007282
 273	1.3600e-01	10.9056	7.445554	0.000454	4.541246	1.538616	0.036409
 274	1.3650e-01	10.9521	7.918865	0.001181	11.807240	4.000401	0.094662
 275	1.3700e-01	10.9938	7.809640	-0.000272	-2.724748	-0.923169	-0.021845
 276	1.3750e-01	11.0371	7.664005	-0.000363	-3.632997	-1.230893	-0.029127
 277	1.3800e-01	11.0852	8.137317	0.001181	11.807240	4.000401	0.094662
 278	1.3850e-01	11.1430	7.918865	-0.000545	-5.449495	-1.846339	-0.043690
 279	1.3900e-01	11.1751	8.210134	0.000727	7.265994	2.461785	0.058254
 280	1.3950e-01	11.2152	8.064500	-0.000363	-3.632997	-1.230893	-0.029127
 281	1.4000e-01	11.2328	8.574220	0.001272	12.715489	4.308124	0.101944
 282	1.4050e-01	11.2473	8.282951	-0.000727	-7.265994	-2.461785	-0.058254
 283	1.4100e-01	11.2794	9.047531	0.001907	19.073233	6.462186	0.152916
 284	1.4150e-01	11.3323	8.865488	-0.000454	-4.541246	-1.538616	-0.036409
 285	1.4200e-01	11.3772	9.047531	0.000454	4.541246	1.538616	0.036409
 286	1.4250e-01	11.4173	9.229574	0.000454	4.541246	1.538616	0.036409
 287	1.4300e-01	11.4703	8.974714	-0.000636	-6.357744	-2.154062	-0.050972
 288	1.4350e-01	11.5312	9.011123	0.000091	0.908249	0.307723	0.007282
 289	1.4400e-01	11.5521	9.593660	0.001453	14.531987	4.923571	0.116507
 290	1.4450e-01	11.5986	9.083940	-0.001272	-12.715489	-4.308124	-0.101944
 291	1.4500e-01	11.6259	9.448026	0.000908	9.082492	3.077232	0.072817
 292	1.4550e-01	11.6692	9.702886	0.000636	6.357744	2.154062	0.050972
 293	1.4600e-01	11.7061	9.593660	-0.000272	-2.724748	-0.923169	-0.021845
 294	1.4650e-01	11.7269	10.139789	0.001362	13.623738	4.615847	0.109226
 295	1.4700e-01	11.7719	9.921337	-0.000545	-5.449495	-1.846339	-0.043690
 296	1.4750e-01	11.8360	10.030563	0.000272	2.724748	0.923169	0.021845
 297	1.4800e-01	11.8617	10.212606	0.000454	4.541246	1.538616	0.036409
 298	1.4850e-01	11.8954	10.613100	0.000999	9.990741	3.384955	0.080099
 299	1.4900e-01	11.9660	10.649509	0.000091	0.908249	0.307723	0.007282
 300	1.4950e-01	11.9932	10.649509	0.000000	0.000000	0.000000	0.000000
 301	1.5000e-01	12.0189	11.050003	0.000999	9.990741	3.384955	0.080099
 302	1.5050e-01	12.0702	10.867960	-0.000454	-4.541246	-1.538616	-0.036409
 303	1.5100e-01	12.1248	10.758734	-0.000272	-2.724748	-0.923169	-0.021845
 304	1.5150e-01	12.1505	10.685917	-0.000182	-1.816498	-0.615446	-0.014563
 305	1.5200e-01	12.1745	11.232046	0.001362	13.623738	4.615847	0.109226
 306	1.5250e-01	12.2387	11.450497	0.000545	5.449495	1.846339	0.043690
 307	1.5300e-01	12.2772	11.268455	-0.000454	-4.541246	-1.538616	-0.036409
 308	1.5350e-01	12.3157	11.486906	0.000545	5.449495	1.846339	0.043690
 309	1.5400e-01	12.3494	11.486906	0.000000	0.000000	0.000000	0.000000
 310	1.5450e-01	12.3831	11.887400	0.000999	9.990741	3.384955	0.080099
 311	1.5500e-01	12.4360	11.741766	-0.000363	-3.632997	-1.230893	-0.029127
 312	1.5550e-01	12.4825	12.033035	0.000727	7.265994	2.461785	0.058254
 313	1.5600e-01	12.5178	11.705357	-0.000817	-8.174243	-2.769508	-0.065535
 314	1.5650e-01	12.5467	12.105852	0.000999	9.990741	3.384955	0.080099
 315	1.5700e-01	12.5804	12.251486	0.000363	3.632997	1.230893	0.029127
 316	1.5750e-01	12.6189	12.506346	0.000636	6.357744	2.154062	0.050972
 317	1.5800e-01	12.6702	12.324303	-0.000454	-4.541246	-1.538616	-0.036409
 318	1.5850e-01	12.7087	12.287895	-0.000091	-0.908249	-0.307723	-0.007282
 319	1.5900e-01	12.7408	12.797615	0.001272	12.715489	4.308124	0.101944
 320	1.5950e-01	12.7986	13.088883	0.000727	7.265994	2.461785	0.058254
 321	1.6000e-01	12.8162	13.125292	0.000091	0.908249	0.307723	0.007282
 322	1.6050e-01	12.8643	12.870432	-0.000636	-6.357744	-2.154062	-0.050972
 323	1.6100e-01	12.9109	13.125292	0.000636	6.357744	2.154062	0.050972
 324	1.6150e-01	12.9285	13.052475	-0.000182	-1.816498	-0.615446	-0.014563
 325	1.6200e-01	12.9638	13.270926	0.000545	5.449495	1.846339	0.043690
 326	1.6250e-01	13.0183	13.525786	0.000636	6.357744	2.154062	0.050972
 327	1.6300e-01	13.0761	13.307335	-0.000545	-5.449495	-1.846339	-0.043690
 328	1.6350e-01	13.1066	13.707829	0.000999	9.990741	3.384955	0.080099
 329	1.6400e-01	13.1547	14.108324	0.000999	9.990741	3.384955	0.080099
 330	1.6450e-01	13.1852	14.253958	0.000363	3.632997	1.230893	0.029127
 331	1.6500e-01	13.2173	13.962689	-0.000727	-7.265994	-2.461785	-0.058254
 332	1.6550e-01	13.2766	14.144732	0.000454	4.541246	1.538616	0.036409
 333	1.6600e-01	13.3055	14.035506	-0.000272	-2.724748	-0.923169	-0.021845
 334	1.6650e-01	13.3568	14.144732	0.000272	2.724748	0.923169	0.021845
 335	1.6700e-01	13.3681	14.472409	0.000817	8.174243	2.769508	0.065535
 336	1.6750e-01	13.4162	14.836495	0.000908	9.082492	3.077232	0.072817
 337	1.6800e-01	13.4772	14.872904	0.000091	0.908249	0.307723	0.007282
 338	1.6850e-01	13.5301	15.091355	0.000545	5.449495	1.846339	0.043690
 339	1.6900e-01	13.5638	14.945721	-0.000363	-3.632997	-1.230893	-0.029127
 340	1.6950e-01	13.5991	14.982129	0.000091	0.908249	0.307723	0.007282
 341	1.7000e-01	13.6312	15.491849	0.001272	12.715489	4.308124	0.101944
 342	1.7050e-01	13.6520	15.236989	-0.000636	-6.357744	-2.154062	-0.050972
 343	1.7100e-01	13.6809	15.419032	0.000454	4.541246	1.538616	0.036409
 344	1.7150e-01	13.7515	15.455441	0.000091	0.908249	0.307723	0.007282
 345	1.7200e-01	13.7980	15.601075	0.000363	3.632997	1.230893	0.029127
 346	1.7250e-01	13.8301	15.564667	-0.000091	-0.908249	-0.307723	-0.007282
 347	1.7300e-01	13.8846	15.673892	0.000272	2.724748	0.923169	0.021845
 348	1.7350e-01	13.9071	15.783118	0.000272	2.724748	0.923169	0.021845
 349	1.7400e-01	13.9472	16.110795	0.000817	8.174243	2.769508	0.065535
 350	1.7450e-01	13.9953	16.147204	0.000091	0.908249	0.307723	0.007282
 351	1.7500e-01	14.0306	16.292838	0.000363	3.632997	1.230893	0.029127
 352	1.7550e-01	14.0515	16.547698	0.000636	6.357744	2.154062	0.050972
 353	1.7600e-01	14.1156	16.183612	-0.000908	-9.082492	-3.077232	-0.072817
 354	1.7650e-01	14.1670	16.547698	0.000908	9.082492	3.077232	0.072817
 355	1.7700e-01	14.2007	16.584107	0.000091	0.908249	0.307723	0.007282
 356	1.7750e-01	14.2247	16.984601	0.000999	9.990741	3.384955	0.080099
 357	1.7800e-01	14.2504	16.911784	-0.000182	-1.816498	-0.615446	-0.014563
 358	1.7850e-01	14.3194	16.875375	-0.000091	-0.908249	-0.307723	-0.007282
 359	1.7900e-01	14.3579	17.093827	0.000545	5.449495	1.846339	0.043690
 360	1.7950e-01	14.3948	17.239461	0.000363	3.632997	1.230893	0.029127
 361	1.8000e-01	14.4365	17.312278	0.000182	1.816498	0.615446	0.014563
 362	1.8050e-01	14.4750	16.875375	-0.001090	-10.898990	-3.692678	-0.087381
 363	1.8100e-01	14.5199	17.894816	0.002543	25.430978	8.616249	0.203888
 364	1.8150e-01	14.5552	17.166644	-0.001816	-18.164984	-6.154463	-0.145634
 365	1.8200e-01	14.5841	17.712773	0.001362	13.623738	4.615847	0.109226
 366	1.8250e-01	14.6226	17.312278	-0.000999	-9.990741	-3.384955	-0.080099
 367	1.8300e-01	14.6659	18.149676	0.002089	20.889732	7.077633	0.167479
 368	1.8350e-01	14.7076	18.040450	-0.000272	-2.724748	-0.923169	-0.021845
 369	1.8400e-01	14.7413	18.113267	0.000182	1.816498	0.615446	0.014563
 370	1.8450e-01	14.7974	17.858407	-0.000636	-6.357744	-2.154062	-0.050972
 371	1.8500e-01	14.8231	18.113267	0.000636	6.357744	2.154062	0.050972
 372	1.8550e-01	14.8696	18.222493	0.000272	2.724748	0.923169	0.021845
 373	1.8600e-01	14.8969	18.550170	0.000817	8.174243	2.769508	0.065535
 374	1.8650e-01	14.9434	18.659396	0.000272	2.724748	0.923169	0.021845
 375	1.8700e-01	14.9980	18.695804	0.000091	0.908249	0.307723	0.007282
 376	1.8750e-01	15.0477	18.987073	0.000727	7.265994	2.461785	0.058254
 377	1.8800e-01	15.0670	19.023481	0.000091	0.908249	0.307723	0.007282
 378	1.8850e-01	15.1087	19.059890	0.000091	0.908249	0.307723	0.007282
 379	1.8900e-01	15.1600	18.914256	-0.000363	-3.632997	-1.230893	-0.029127
 380	1.8950e-01	15.2017	19.423976	0.001272	12.715489	4.308124	0.101944
 381	1.9000e-01	15.2338	19.132707	-0.000727	-7.265994	-2.461785	-0.058254
 382	1.9050e-01	15.2595	19.496793	0.000908	9.082492	3.077232	0.072817
 383	1.9100e-01	15.2883	19.533202	0.000091	0.908249	0.307723	0.007282
 384	1.9150e-01	15.3477	19.678836	0.000363	3.632997	1.230893	0.029127
 385	1.9200e-01	15.3974	19.678836	0.000000	0.000000	0.000000	0.000000
 386	1.9250e-01	15.4263	19.788062	0.000272	2.724748	0.923169	0.021845
 387	1.9300e-01	15.4632	19.824470	0.000091	0.908249	0.307723	0.007282
 388	1.9350e-01	15.5097	19.751653	-0.000182	-1.816498	-0.615446	-0.014563
 389	1.9400e-01	15.5514	20.443416	0.001726	17.256735	5.846740	0.138353
 390	1.9450e-01	15.5835	20.261373	-0.000454	-4.541246	-1.538616	-0.036409
 391	1.9500e-01	15.6124	20.698276	0.001090	10.898990	3.692678	0.087381
 392	1.9550e-01	15.6557	20.843910	0.000363	3.632997	1.230893	0.029127
 393	1.9600e-01	15.7167	20.516233	-0.000817	-8.174243	-2.769508	-0.065535
 394	1.9650e-01	15.7407	21.025953	0.001272	12.715489	4.308124	0.101944
 395	1.9700e-01	15.7873	20.698276	-0.000817	-8.174243	-2.769508	-0.065535
 396	1.9750e-01	15.8258	20.843910	0.000363	3.632997	1.230893	0.029127
 397	1.9800e-01	15.8707	21.244405	0.000999	9.990741	3.384955	0.080099
 398	1.9850e-01	15.9012	20.916727	-0.000817	-8.174243	-2.769508	-0.065535
 399	1.9900e-01	15.9605	21.317222	0.000999	9.990741	3.384955	0.080099
 400	1.9950e-01	16.0022	21.098770	-0.000545	-5.449495	-1.846339	-0.043690
 401	2.0000e-01	16.0471	21.390039	0.000727	7.265994	2.461785	0.058254
 402	2.0050e-01	16.0889	21.390039	0.000000	0.000000	0.000000	0.000000
 403	2.0100e-01	16.1241	21.280813	-0.000272	-2.724748	-0.923169	-0.021845
 404	2.0150e-01	16.1498	21.317222	0.000091	0.908249	0.307723	0.007282
 405	2.0200e-01	16.1771	22.008985	0.001726	17.256735	5.846740	0.138353
 406	2.0250e-01	16.2300	21.972576	-0.000091	-0.908249	-0.307723	-0.007282
 407	2.0300e-01	16.2846	21.754125	-0.000545	-5.449495	-1.846339	-0.043690
 408	2.0350e-01	16.3247	21.863350	0.000272	2.724748	0.923169	0.021845
 409	2.0400e-01	16.3568	22.081802	0.000545	5.449495	1.846339	0.043690
 410	2.0450e-01	16.3937	21.972576	-0.000272	-2.724748	-0.923169	-0.021845
 411	2.0500e-01	16.4354	22.191028	0.000545	5.449495	1.846339	0.043690
 412	2.0550e-01	16.4723	22.191028	0.000000	0.000000	0.000000	0.000000
 413	2.0600e-01	16.5268	22.627931	0.001090	10.898990	3.692678	0.087381
 414	2.0650e-01	16.5461	22.627931	0.000000	0.000000	0.000000	0.000000
 415	2.0700e-01	16.5765	22.955608	0.000817	8.174243	2.769508	0.065535
 416	2.0750e-01	16.6407	22.809973	-0.000363	-3.632997	-1.230893	-0.029127
 417	2.0800e-01	16.6920	22.809973	0.000000	0.000000	0.000000	0.000000
 418	2.0850e-01	16.7225	23.101242	0.000727	7.265994	2.461785	0.058254
 419	2.0900e-01	16.7514	23.174059	0.000182	1.816498	0.615446	0.014563
 420	2.0950e-01	16.7963	23.210468	0.000091	0.908249	0.307723	0.007282
 421	2.1000e-01	16.8268	22.992016	-0.000545	-5.449495	-1.846339	-0.043690
 422	2.1050e-01	16.8300	23.538145	0.001362	13.623738	4.615847	0.109226
 423	2.1100e-01	16.9006	23.865822	0.000817	8.174243	2.769508	0.065535
 424	2.1150e-01	16.9503	23.538145	-0.000817	-8.174243	-2.769508	-0.065535
 425	2.1200e-01	16.9760	23.574554	0.000091	0.908249	0.307723	0.007282
 426	2.1250e-01	17.0353	23.865822	0.000727	7.265994	2.461785	0.058254
 427	2.1300e-01	17.0562	23.647371	-0.000545	-5.449495	-1.846339	-0.043690
 428	2.1350e-01	17.1027	24.120682	0.001181	11.807240	4.000401	0.094662
 429	2.1400e-01	17.1541	24.157091	0.000091	0.908249	0.307723	0.007282
 430	2.1450e-01	17.1974	24.157091	0.000000	0.000000	0.000000	0.000000
 431	2.1500e-01	17.2439	24.411951	0.000636	6.357744	2.154062	0.050972
 432	2.1550e-01	17.2648	23.975048	-0.001090	-10.898990	-3.692678	-0.087381
 433	2.1600e-01	17.3049	24.848854	0.002180	21.797981	7.385356	0.174761
 434	2.1650e-01	17.3578	24.703219	-0.000363	-3.632997	-1.230893	-0.029127
 435	2.1700e-01	17.3867	24.739628	0.000091	0.908249	0.307723	0.007282
 436	2.1750e-01	17.4492	25.030897	0.000727	7.265994	2.461785	0.058254
 437	2.1800e-01	17.4685	24.448359	-0.001453	-14.531987	-4.923571	-0.116507
 438	2.1850e-01	17.5246	25.140122	0.001726	17.256735	5.846740	0.138353
 439	2.1900e-01	17.5423	25.176531	0.000091	0.908249	0.307723	0.007282
 440	2.1950e-01	17.5728	25.431391	0.000636	6.357744	2.154062	0.050972
 441	2.2000e-01	17.6417	25.394982	-0.000091	-0.908249	-0.307723	-0.007282
 442	2.2050e-01	17.6851	25.176531	-0.000545	-5.449495	-1.846339	-0.043690
 443	2.2100e-01	17.7268	25.467800	0.000727	7.265994	2.461785	0.058254
 444	2.2150e-01	17.7605	25.759068	0.000727	7.265994	2.461785	0.058254
 445	2.2200e-01	17.7909	25.831885	0.000182	1.816498	0.615446	0.014563
 446	2.2250e-01	17.8343	25.504208	-0.000817	-8.174243	-2.769508	-0.065535
 447	2.2300e-01	17.8760	25.795477	0.000727	7.265994	2.461785	0.058254
 448	2.2350e-01	17.8984	26.086745	0.000727	7.265994	2.461785	0.058254
 449	2.2400e-01	17.9514	25.722660	-0.000908	-9.082492	-3.077232	-0.072817
 450	2.2450e-01	17.9867	25.868294	0.000363	3.632997	1.230893	0.029127
 451	2.2500e-01	18.0284	26.013928	0.000363	3.632997	1.230893	0.029127
 452	2.2550e-01	18.0797	26.487240	0.001181	11.807240	4.000401	0.094662
 453	2.2600e-01	18.1070	26.814917	0.000817	8.174243	2.769508	0.065535
 454	2.2650e-01	18.1503	26.305197	-0.001272	-12.715489	-4.308124	-0.101944
 455	2.2700e-01	18.1936	26.487240	0.000454	4.541246	1.538616	0.036409
 456	2.2750e-01	18.2161	26.960551	0.001181	11.807240	4.000401	0.094662
 457	2.2800e-01	18.2498	26.596465	-0.000908	-9.082492	-3.077232	-0.072817
 458	2.2850e-01	18.3123	26.960551	0.000908	9.082492	3.077232	0.072817
 459	2.2900e-01	18.3492	26.924143	-0.000091	-0.908249	-0.307723	-0.007282
 460	2.2950e-01	18.3733	27.069777	0.000363	3.632997	1.230893	0.029127
 461	2.3000e-01	18.4439	27.179003	0.000272	2.724748	0.923169	0.021845
 462	2.3050e-01	18.4952	27.069777	-0.000272	-2.724748	-0.923169	-0.021845
 463	2.3100e-01	18.5064	27.397454	0.000817	8.174243	2.769508	0.065535
 464	2.3150e-01	18.5417	27.470271	0.000182	1.816498	0.615446	0.014563
 465	2.3200e-01	18.5882	27.579497	0.000272	2.724748	0.923169	0.021845
 466	2.3250e-01	18.6284	27.797949	0.000545	5.449495	1.846339	0.043690
 467	2.3300e-01	18.6636	27.361046	-0.001090	-10.898990	-3.692678	-0.087381
 468	2.3350e-01	18.7102	27.979991	0.001544	15.440237	5.231294	0.123789
 469	2.3400e-01	18.7567	27.506680	-0.001181	-11.807240	-4.000401	-0.094662
 470	2.3450e-01	18.8032	28.162034	0.001635	16.348486	5.539017	0.131071
 471	2.3500e-01	18.8385	27.870766	-0.000727	-7.265994	-2.461785	-0.058254
 472	2.3550e-01	18.8866	28.016400	0.000363	3.632997	1.230893	0.029127
 473	2.3600e-01	18.8963	28.271260	0.000636	6.357744	2.154062	0.050972
 474	2.3650e-01	18.9476	28.489711	0.000545	5.449495	1.846339	0.043690
 475	2.3700e-01	18.9925	28.526120	0.000091	0.908249	0.307723	0.007282
 476	2.3750e-01	19.0262	28.853797	0.000817	8.174243	2.769508	0.065535
 477	2.3800e-01	19.0583	28.999432	0.000363	3.632997	1.230893	0.029127
 478	2.3850e-01	19.1016	28.780980	-0.000545	-5.449495	-1.846339	-0.043690
 479	2.3900e-01	19.1529	28.926614	0.000363	3.632997	1.230893	0.029127
 480	2.3950e-01	19.1979	28.708163	-0.000545	-5.449495	-1.846339	-0.043690
 481	2.4000e-01	19.2123	28.635346	-0.000182	-1.816498	-0.615446	-0.014563
 482	2.4050e-01	19.2572	29.181474	0.001362	13.623738	4.615847	0.109226
 483	2.4100e-01	19.3085	29.399926	0.000545	5.449495	1.846339	0.043690
 484	2.4150e-01	19.3727	29.145066	-0.000636	-6.357744	-2.154062	-0.050972
 485	2.4200e-01	19.3839	29.217883	0.000182	1.816498	0.615446	0.014563
 486	2.4250e-01	19.4064	29.217883	0.000000	0.000000	0.000000	0.000000
 487	2.4300e-01	19.4497	29.545560	0.000817	8.174243	2.769508	0.065535
 488	2.4350e-01	19.4946	29.618377	0.000182	1.816498	0.615446	0.014563
 489	2.4400e-01	19.5508	29.873237	0.000636	6.357744	2.154062	0.050972
 490	2.4450e-01	19.5989	29.836829	-0.000091	-0.908249	-0.307723	-0.007282
 491	2.4500e-01	19.6294	30.018872	0.000454	4.541246	1.538616	0.036409
 492	2.4550e-01	19.6519	29.982463	-0.000091	-0.908249	-0.307723	-0.007282
 493	2.4600e-01	19.6968	29.836829	-0.000363	-3.632997	-1.230893	-0.029127
 494	2.4650e-01	19.7497	30.128097	0.000727	7.265994	2.461785	0.058254
 495	2.4700e-01	19.7914	30.565000	0.001090	10.898990	3.692678	0.087381
 496	2.4750e-01	19.8444	30.674226	0.000272	2.724748	0.923169	0.021845
 497	2.4800e-01	19.8813	30.419366	-0.000636	-6.357744	-2.154062	-0.050972
 498	2.4850e-01	19.9117	30.565000	0.000363	3.632997	1.230893	0.029127
 499	2.4900e-01	19.9390	30.565000	0.000000	0.000000	0.000000	0.000000
 500	2.4950e-01	19.9887	30.528592	-0.000091	-0.908249	-0.307723	-0.007282
 501	2.5000e-01	20.0224	30.819860	0.000727	7.265994	2.461785	0.058254
 502	2.5050e-01	19.9759	30.747043	0.000182	1.816498	0.615446	-0.014563
 503	2.5100e-01	19.9230	30.856269	-0.000272	-2.724748	-0.923169	0.021845
 504	2.5150e-01	19.8877	30.637818	0.000545	5.449495	1.846339	-0.043690
 505	2.5200e-01	19.8540	30.200915	0.001090	10.898990	3.692678	-0.087381
 506	2.5250e-01	19.8075	30.237323	-0.000091	-0.908249	-0.307723	0.007282
 507	2.5300e-01	19.7914	30.346549	-0.000272	-2.724748	-0.923169	0.021845
 508	2.5350e-01	19.7321	30.200915	0.000363	3.632997	1.230893	-0.029127
 509	2.5400e-01	19.7000	29.982463	0.000545	5.449495	1.846339	-0.043690
 510	2.5450e-01	19.6583	29.509152	0.001181	11.807240	4.000401	-0.094662
 511	2.5500e-01	19.6198	29.764012	-0.000636	-6.357744	-2.154062	0.050972
 512	2.5550e-01	19.5861	29.946055	-0.000454	-4.541246	-1.538616	0.036409
 513	2.5600e-01	19.5540	30.055280	-0.000272	-2.724748	-0.923169	0.021845
 514	2.5650e-01	19.5139	29.764012	0.000727	7.265994	2.461785	-0.058254
 515	2.5700e-01	19.4577	29.472743	0.000727	7.265994	2.461785	-0.058254
 516	2.5750e-01	19.4224	29.290700	0.000454	4.541246	1.538616	-0.036409
 517	2.5800e-01	19.4064	29.654786	-0.000908	-9.082492	-3.077232	0.072817
 518	2.5850e-01	19.3454	29.072249	0.001453	14.531987	4.923571	-0.116507
 519	2.5900e-01	19.3037	29.545560	-0.001181	-11.807240	-4.000401	0.094662
 520	2.5950e-01	19.2716	29.399926	0.000363	3.632997	1.230893	-0.029127
 521	2.6000e-01	19.2267	28.817389	0.001453	14.531987	4.923571	-0.116507
 522	2.6050e-01	19.1754	28.853797	-0.000091	-0.908249	-0.307723	0.007282
 523	2.6100e-01	19.1561	29.035840	-0.000454	-4.541246	-1.538616	0.036409
 524	2.6150e-01	19.1016	28.708163	0.000817	8.174243	2.769508	-0.065535
 525	2.6200e-01	19.0856	29.145066	-0.001090	-10.898990	-3.692678	0.087381
 526	2.6250e-01	19.0262	28.380486	0.001907	19.073233	6.462186	-0.152916
 527	2.6300e-01	18.9877	28.562529	-0.000454	-4.541246	-1.538616	0.036409
 528	2.6350e-01	18.9412	28.635346	-0.000182	-1.816498	-0.615446	0.014563
 529	2.6400e-01	18.9059	28.453303	0.000454	4.541246	1.538616	-0.036409
 530	2.6450e-01	18.8529	28.853797	-0.000999	-9.990741	-3.384955	0.080099
 531	2.6500e-01	18.8209	27.943583	0.002271	22.706230	7.693079	-0.182043
 532	2.6550e-01	18.7631	27.870766	0.000182	1.816498	0.615446	-0.014563
 533	2.6600e-01	18.7599	28.307669	-0.001090	-10.898990	-3.692678	0.087381
 534	2.6650e-01	18.7038	28.052809	0.000636	6.357744	2.154062	-0.050972
 535	2.6700e-01	18.6556	28.016400	0.000091	0.908249	0.307723	-0.007282
 536	2.6750e-01	18.6187	27.943583	0.000182	1.816498	0.615446	-0.014563
 537	2.6800e-01	18.5931	28.089217	-0.000363	-3.632997	-1.230893	0.029127
 538	2.6850e-01	18.5321	27.761540	0.000817	8.174243	2.769508	-0.065535
 539	2.6900e-01	18.4936	27.543088	0.000545	5.449495	1.846339	-0.043690
 540	2.6950e-01	18.4535	27.761540	-0.000545	-5.449495	-1.846339	0.043690
 541	2.7000e-01	18.4294	27.179003	0.001453	14.531987	4.923571	-0.116507
 542	2.7050e-01	18.3685	27.251820	-0.000182	-1.816498	-0.615446	0.014563
 543	2.7100e-01	18.3348	27.142594	0.000272	2.724748	0.923169	-0.021845
 544	2.7150e-01	18.3332	26.887734	0.000636	6.357744	2.154062	-0.050972
 545	2.7200e-01	18.2899	27.142594	-0.000636	-6.357744	-2.154062	0.050972
 546	2.7250e-01	18.2209	27.288228	-0.000363	-3.632997	-1.230893	0.029127
 547	2.7300e-01	18.1840	26.523648	0.001907	19.073233	6.462186	-0.152916
 548	2.7350e-01	18.1423	27.142594	-0.001544	-15.440237	-5.231294	0.123789
 549	2.7400e-01	18.0909	26.851326	0.000727	7.265994	2.461785	-0.058254
 550	2.7450e-01	18.0460	26.596465	0.000636	6.357744	2.154062	-0.050972
 551	2.7500e-01	18.0187	26.742100	-0.000363	-3.632997	-1.230893	0.029127
 552	2.7550e-01	17.9802	26.778508	-0.000091	-0.908249	-0.307723	0.007282
 553	2.7600e-01	17.9449	26.596465	0.000454	4.541246	1.538616	-0.036409
 554	2.7650e-01	17.8936	26.560057	0.000091	0.908249	0.307723	-0.007282
 555	2.7700e-01	17.8535	26.669283	-0.000272	-2.724748	-0.923169	0.021845
 556	2.7750e-01	17.8310	26.195971	0.001181	11.807240	4.000401	-0.094662
 557	2.7800e-01	17.7893	26.050337	0.000363	3.632997	1.230893	-0.029127
 558	2.7850e-01	17.7476	26.159563	-0.000272	-2.724748	-0.923169	0.021845
 559	2.7900e-01	17.7155	25.941111	0.000545	5.449495	1.846339	-0.043690
 560	2.7950e-01	17.6578	25.795477	0.000363	3.632997	1.230893	-0.029127
 561	2.8000e-01	17.6225	26.195971	-0.000999	-9.990741	-3.384955	0.080099
 562	2.8050e-01	17.5936	25.759068	0.001090	10.898990	3.692678	-0.087381
 563	2.8100e-01	17.5455	25.358574	0.000999	9.990741	3.384955	-0.080099
 564	2.8150e-01	17.5230	26.123154	-0.001907	-19.073233	-6.462186	0.152916
 565	2.8200e-01	17.4412	25.140122	0.002452	24.522729	8.308525	-0.196606
 566	2.8250e-01	17.4091	25.540617	-0.000999	-9.990741	-3.384955	0.080099
 567	2.8300e-01	17.3915	25.285757	0.000636	6.357744	2.154062	-0.050972
 568	2.8350e-01	17.3482	25.140122	0.000363	3.632997	1.230893	-0.029127
 569	2.8400e-01	17.2824	25.176531	-0.000091	-0.908249	-0.307723	0.007282
 570	2.8450e-01	17.2439	25.322165	-0.000363	-3.632997	-1.230893	0.029127
 571	2.8500e-01	17.2214	24.885262	0.001090	10.898990	3.692678	-0.087381
 572	2.8550e-01	17.1861	24.812445	0.000182	1.816498	0.615446	-0.014563
 573	2.8600e-01	17.1396	24.776037	0.000091	0.908249	0.307723	-0.007282
 574	2.8650e-01	17.1011	24.448359	0.000817	8.174243	2.769508	-0.065535
 575	2.8700e-01	17.0674	24.666811	-0.000545	-5.449495	-1.846339	0.043690
 576	2.8750e-01	17.0305	24.047865	0.001544	15.440237	5.231294	-0.123789
 577	2.8800e-01	16.9856	24.339134	-0.000727	-7.265994	-2.461785	0.058254
 578	2.8850e-01	16.9455	23.865822	0.001181	11.807240	4.000401	-0.094662
 579	2.8900e-01	16.9054	24.157091	-0.000727	-7.265994	-2.461785	0.058254
 580	2.8950e-01	16.8589	24.011457	0.000363	3.632997	1.230893	-0.029127
 581	2.9000e-01	16.8332	24.157091	-0.000363	-3.632997	-1.230893	0.029127
 582	2.9050e-01	16.7867	23.756596	0.000999	9.990741	3.384955	-0.080099
 583	2.9100e-01	16.7402	23.902231	-0.000363	-3.632997	-1.230893	0.029127
 584	2.9150e-01	16.7049	23.756596	0.000363	3.632997	1.230893	-0.029127
 585	2.9200e-01	16.6728	23.756596	-0.000000	-0.000000	-0.000000	0.000000
 586	2.9250e-01	16.6215	23.975048	-0.000545	-5.449495	-1.846339	0.043690
 587	2.9300e-01	16.5733	23.501736	0.001181	11.807240	4.000401	-0.094662
 588	2.9350e-01	16.5348	23.756596	-0.000636	-6.357744	-2.154062	0.050972
 589	2.9400e-01	16.4851	23.647371	0.000272	2.724748	0.923169	-0.021845
 590	2.9450e-01	16.4626	23.465328	0.000454	4.541246	1.538616	-0.036409
 591	2.9500e-01	16.4161	23.064834	0.000999	9.990741	3.384955	-0.080099
 592	2.9550e-01	16.3808	22.773565	0.000727	7.265994	2.461785	-0.058254
 593	2.9600e-01	16.3455	22.992016	-0.000545	-5.449495	-1.846339	0.043690
 594	2.9650e-01	16.2990	23.137651	-0.000363	-3.632997	-1.230893	0.029127
 595	2.9700e-01	16.2509	22.518705	0.001544	15.440237	5.231294	-0.123789
 596	2.9750e-01	16.2204	22.518705	-0.000000	-0.000000	-0.000000	0.000000
 597	2.9800e-01	16.1979	22.627931	-0.000272	-2.724748	-0.923169	0.021845
 598	2.9850e-01	16.1659	22.373071	0.000636	6.357744	2.154062	-0.050972
 599	2.9900e-01	16.1129	22.482296	-0.000272	-2.724748	-0.923169	0.021845
 600	2.9950e-01	16.0600	22.373071	0.000272	2.724748	0.923169	-0.021845
 601	3.0000e-01	16.0135	22.118211	0.000636	6.357744	2.154062	-0.050972
 602	3.0050e-01	15.9862	22.118211	-0.000000	-0.000000	-0.000000	0.000000
 603	3.0100e-01	15.9316	22.263845	-0.000363	-3.632997	-1.230893	0.029127
 604	3.0150e-01	15.8931	21.972576	0.000727	7.265994	2.461785	-0.058254
 605	3.0200e-01	15.8659	21.863350	0.000272	2.724748	0.923169	-0.021845
 606	3.0250e-01	15.8258	21.754125	0.000272	2.724748	0.923169	-0.021845
 607	3.0300e-01	15.7792	21.754125	-0.000000	-0.000000	-0.000000	0.000000
 608	3.0350e-01	15.7327	21.280813	0.001181	11.807240	4.000401	-0.094662
 609	3.0400e-01	15.7054	21.754125	-0.001181	-11.807240	-4.000401	0.094662
 610	3.0450e-01	15.6477	21.171588	0.001453	14.531987	4.923571	-0.116507
 611	3.0500e-01	15.6028	21.499265	-0.000817	-8.174243	-2.769508	0.065535
 612	3.0550e-01	15.6012	21.390039	0.000272	2.724748	0.923169	-0.021845
 613	3.0600e-01	15.5514	21.135179	0.000636	6.357744	2.154062	-0.050972
 614	3.0650e-01	15.5113	20.843910	0.000727	7.265994	2.461785	-0.058254
 615	3.0700e-01	15.4423	21.171588	-0.000817	-8.174243	-2.769508	0.065535
 616	3.0750e-01	15.4327	21.207996	-0.000091	-0.908249	-0.307723	0.007282
 617	3.0800e-01	15.3830	21.135179	0.000182	1.816498	0.615446	-0.014563
 618	3.0850e-01	15.3284	20.698276	0.001090	10.898990	3.692678	-0.087381
 619	3.0900e-01	15.2948	20.916727	-0.000545	-5.449495	-1.846339	0.043690
 620	3.0950e-01	15.2563	20.479825	0.001090	10.898990	3.692678	-0.087381
 621	3.1000e-01	15.2178	20.552642	-0.000182	-1.816498	-0.615446	0.014563
 622	3.1050e-01	15.1889	20.188556	0.000908	9.082492	3.077232	-0.072817
 623	3.1100e-01	15.1600	19.970104	0.000545	5.449495	1.846339	-0.043690
 624	3.1150e-01	15.1039	20.297782	-0.000817	-8.174243	-2.769508	0.065535
 625	3.1200e-01	15.0814	20.079330	0.000545	5.449495	1.846339	-0.043690
 626	3.1250e-01	15.0317	20.115739	-0.000091	-0.908249	-0.307723	0.007282
 627	3.1300e-01	14.9980	19.715244	0.000999	9.990741	3.384955	-0.080099
 628	3.1350e-01	14.9434	19.788062	-0.000182	-1.816498	-0.615446	0.014563
 629	3.1400e-01	14.9129	19.824470	-0.000091	-0.908249	-0.307723	0.007282
 630	3.1450e-01	14.8696	19.860879	-0.000091	-0.908249	-0.307723	0.007282
 631	3.1500e-01	14.8231	19.278342	0.001453	14.531987	4.923571	-0.116507
 632	3.1550e-01	14.7974	19.460384	-0.000454	-4.541246	-1.538616	0.036409
 633	3.1600e-01	14.7429	19.314750	0.000363	3.632997	1.230893	-0.029127
 634	3.1650e-01	14.7124	18.987073	0.000817	8.174243	2.769508	-0.065535
 635	3.1700e-01	14.6611	18.950664	0.000091	0.908249	0.307723	-0.007282
 636	3.1750e-01	14.6338	19.059890	-0.000272	-2.724748	-0.923169	0.021845
 637	3.1800e-01	14.5793	18.987073	0.000182	1.816498	0.615446	-0.014563
 638	3.1850e-01	14.5392	18.805030	0.000454	4.541246	1.538616	-0.036409
 639	3.1900e-01	14.5167	18.513761	0.000727	7.265994	2.461785	-0.058254
 640	3.1950e-01	14.4718	18.186084	0.000817	8.174243	2.769508	-0.065535
 641	3.2000e-01	14.4076	18.622987	-0.001090	-10.898990	-3.692678	0.087381
 642	3.2050e-01	14.3803	18.841439	-0.000545	-5.449495	-1.846339	0.043690
 643	3.2100e-01	14.3338	18.295310	0.001362	13.623738	4.615847	-0.109226
 644	3.2150e-01	14.3065	18.331719	-0.000091	-0.908249	-0.307723	0.007282
 645	3.2200e-01	14.2568	18.222493	0.000272	2.724748	0.923169	-0.021845
 646	3.2250e-01	14.2311	18.040450	0.000454	4.541246	1.538616	-0.036409
 647	3.2300e-01	14.1975	17.967633	0.000182	1.816498	0.615446	-0.014563
 648	3.2350e-01	14.1558	18.113267	-0.000363	-3.632997	-1.230893	0.029127
 649	3.2400e-01	14.1060	17.676364	0.001090	10.898990	3.692678	-0.087381
 650	3.2450e-01	14.0659	17.894816	-0.000545	-5.449495	-1.846339	0.043690
 651	3.2500e-01	14.0178	17.749181	0.000363	3.632997	1.230893	-0.029127
 652	3.2550e-01	14.0017	17.603547	0.000363	3.632997	1.230893	-0.029127
 653	3.2600e-01	13.9488	17.348687	0.000636	6.357744	2.154062	-0.050972
 654	3.2650e-01	13.9039	17.166644	0.000454	4.541246	1.538616	-0.036409
 655	3.2700e-01	13.8686	16.911784	0.000636	6.357744	2.154062	-0.050972
 656	3.2750e-01	13.8140	17.312278	-0.000999	-9.990741	-3.384955	0.080099
 657	3.2800e-01	13.7868	17.021010	0.000727	7.265994	2.461785	-0.058254
 658	3.2850e-01	13.7467	17.057418	-0.000091	-0.908249	-0.307723	0.007282
 659	3.2900e-01	13.7130	16.656924	0.000999	9.990741	3.384955	-0.080099
 660	3.2950e-01	13.6649	16.511290	0.000363	3.632997	1.230893	-0.029127
 661	3.3000e-01	13.6119	17.021010	-0.001272	-12.715489	-4.308124	0.101944
 662	3.3050e-01	13.5718	16.402064	0.001544	15.440237	5.231294	-0.123789
 663	3.3100e-01	13.5301	16.620515	-0.000545	-5.449495	-1.846339	0.043690
 664	3.3150e-01	13.4996	16.402064	0.000545	5.449495	1.846339	-0.043690
 665	3.3200e-01	13.4932	16.329247	0.000182	1.816498	0.615446	-0.014563
 666	3.3250e-01	13.4403	16.329247	-0.000000	-0.000000	-0.000000	0.000000
 667	3.3300e-01	13.3745	16.001570	0.000817	8.174243	2.769508	-0.065535
 668	3.3350e-01	13.3248	16.037978	-0.000091	-0.908249	-0.307723	0.007282
 669	3.3400e-01	13.2975	16.001570	0.000091	0.908249	0.307723	-0.007282
 670	3.3450e-01	13.2750	16.001570	-0.000000	-0.000000	-0.000000	0.000000
 671	3.3500e-01	13.2365	15.455441	0.001362	13.623738	4.615847	-0.109226
 672	3.3550e-01	13.1708	16.110795	-0.001635	-16.348486	-5.539017	0.131071
 673	3.3600e-01	13.1403	15.491849	0.001544	15.440237	5.231294	-0.123789
 674	3.3650e-01	13.1050	14.800087	0.001726	17.256735	5.846740	-0.138353
 675	3.3700e-01	13.0761	15.564667	-0.001907	-19.073233	-6.462186	0.152916
 676	3.3750e-01	13.0440	15.309807	0.000636	6.357744	2.154062	-0.050972
 677	3.3800e-01	13.0039	15.200581	0.000272	2.724748	0.923169	-0.021845
 678	3.3850e-01	12.9574	15.091355	0.000272	2.724748	0.923169	-0.021845
 679	3.3900e-01	12.9349	14.800087	0.000727	7.265994	2.461785	-0.058254
 680	3.3950e-01	12.8740	14.654452	0.000363	3.632997	1.230893	-0.029127
 681	3.4000e-01	12.8162	14.982129	-0.000817	-8.174243	-2.769508	0.065535
 682	3.4050e-01	12.7809	14.618044	0.000908	9.082492	3.077232	-0.072817
 683	3.4100e-01	12.7472	14.545226	0.000182	1.816498	0.615446	-0.014563
 684	3.4150e-01	12.7039	14.181141	0.000908	9.082492	3.077232	-0.072817
 685	3.4200e-01	12.6526	14.108324	0.000182	1.816498	0.615446	-0.014563
 686	3.4250e-01	12.6414	14.144732	-0.000091	-0.908249	-0.307723	0.007282
 687	3.4300e-01	12.5772	13.780646	0.000908	9.082492	3.077232	-0.072817
 688	3.4350e-01	12.5660	13.853464	-0.000182	-1.816498	-0.615446	0.014563
 689	3.4400e-01	12.5018	13.671421	0.000454	4.541246	1.538616	-0.036409
 690	3.4450e-01	12.4665	13.889872	-0.000545	-5.449495	-1.846339	0.043690
 691	3.4500e-01	12.4200	13.635012	0.000636	6.357744	2.154062	-0.050972
 692	3.4550e-01	12.3783	13.525786	0.000272	2.724748	0.923169	-0.021845
 693	3.4600e-01	12.3237	13.598603	-0.000182	-1.816498	-0.615446	0.014563
 694	3.4650e-01	12.2916	13.343743	0.000636	6.357744	2.154062	-0.050972
 695	3.4700e-01	12.2676	13.125292	0.000545	5.449495	1.846339	-0.043690
 696	3.4750e-01	12.2114	13.016066	0.000272	2.724748	0.923169	-0.021845
 697	3.4800e-01	12.1890	13.562195	-0.001362	-13.623738	-4.615847	0.109226
 698	3.4850e-01	12.1585	12.797615	0.001907	19.073233	6.462186	-0.152916
 699	3.4900e-01	12.1248	12.797615	-0.000000	-0.000000	-0.000000	0.000000
 700	3.4950e-01	12.0799	12.761206	0.000091	0.908249	0.307723	-0.007282
 701	3.5000e-01	12.0414	12.287895	0.001181	11.807240	4.000401	-0.094662
 702	3.5050e-01	11.9997	12.615572	-0.000817	-8.174243	-2.769508	0.065535
 703	3.5100e-01	11.9596	12.287895	0.000817	8.174243	2.769508	-0.065535
 704	3.5150e-01	11.9002	12.469938	-0.000454	-4.541246	-1.538616	0.036409
 705	3.5200e-01	11.8424	11.923809	0.001362	13.623738	4.615847	-0.109226
 706	3.5250e-01	11.8216	11.923809	-0.000000	-0.000000	-0.000000	0.000000
 707	3.5300e-01	11.7959	11.996626	-0.000182	-1.816498	-0.615446	0.014563
 708	3.5350e-01	11.7366	11.814583	0.000454	4.541246	1.538616	-0.036409
 709	3.5400e-01	11.6997	12.033035	-0.000545	-5.449495	-1.846339	0.043690
 710	3.5450e-01	11.6596	11.705357	0.000817	8.174243	2.769508	-0.065535
 711	3.5500e-01	11.6066	11.850992	-0.000363	-3.632997	-1.230893	0.029127
 712	3.5550e-01	11.5826	11.559723	0.000727	7.265994	2.461785	-0.058254
 713	3.5600e-01	11.5441	11.050003	0.001272	12.715489	4.308124	-0.101944
 714	3.5650e-01	11.5184	11.450497	-0.000999	-9.990741	-3.384955	0.080099
 715	3.5700e-01	11.4638	11.086412	0.000908	9.082492	3.077232	-0.072817
 716	3.5750e-01	11.4077	10.940777	0.000363	3.632997	1.230893	-0.029127
 717	3.5800e-01	11.3628	11.159229	-0.000545	-5.449495	-1.846339	0.043690
 718	3.5850e-01	11.3516	11.013595	0.000363	3.632997	1.230893	-0.029127
 719	3.5900e-01	11.2938	10.940777	0.000182	1.816498	0.615446	-0.014563
 720	3.5950e-01	11.2393	10.904369	0.000091	0.908249	0.307723	-0.007282
 721	3.6000e-01	11.2393	10.431057	0.001181	11.807240	4.000401	-0.094662
 722	3.6050e-01	11.1831	10.685917	-0.000636	-6.357744	-2.154062	0.050972
 723	3.6100e-01	11.1221	10.358240	0.000817	8.174243	2.769508	-0.065535
 724	3.6150e-01	11.0965	10.467466	-0.000272	-2.724748	-0.923169	0.021845
 725	3.6200e-01	11.0516	10.503874	-0.000091	-0.908249	-0.307723	0.007282
 726	3.6250e-01	11.0419	9.666477	0.002089	20.889732	7.077633	-0.167479
 727	3.6300e-01	10.9842	9.775703	-0.000272	-2.724748	-0.923169	0.021845
 728	3.6350e-01	10.9489	9.775703	-0.000000	-0.000000	-0.000000	0.000000
 729	3.6400e-01	10.9040	10.176197	-0.000999	-9.990741	-3.384955	0.080099
 730	3.6450e-01	10.8815	9.156757	0.002543	25.430978	8.616249	-0.203888
 731	3.6500e-01	10.8382	9.193166	-0.000091	-0.908249	-0.307723	0.007282
 732	3.6550e-01	10.7933	9.302391	-0.000272	-2.724748	-0.923169	0.021845
 733	3.6600e-01	10.7468	9.265983	0.000091	0.908249	0.307723	-0.007282
 734	3.6650e-01	10.7034	9.047531	0.000545	5.449495	1.846339	-0.043690
 735	3.6700e-01	10.7002	9.120349	-0.000182	-1.816498	-0.615446	0.014563
 736	3.6750e-01	10.6313	8.901897	0.000545	5.449495	1.846339	-0.043690
 737	3.6800e-01	10.5992	8.610628	0.000727	7.265994	2.461785	-0.058254
 738	3.6850e-01	10.5687	8.392177	0.000545	5.449495	1.846339	-0.043690
 739	3.6900e-01	10.5077	8.501403	-0.000272	-2.724748	-0.923169	0.021845
 740	3.6950e-01	10.4772	8.792671	-0.000727	-7.265994	-2.461785	0.058254
 741	3.7000e-01	10.4339	8.246543	0.001362	13.623738	4.615847	-0.109226
 742	3.7050e-01	10.3954	7.955274	0.000727	7.265994	2.461785	-0.058254
 743	3.7100e-01	10.3297	7.955274	-0.000000	-0.000000	-0.000000	0.000000
 744	3.7150e-01	10.2960	8.064500	-0.000272	-2.724748	-0.923169	0.021845
 745	3.7200e-01	10.2478	8.028091	0.000091	0.908249	0.307723	-0.007282
 746	3.7250e-01	10.2222	7.700414	0.000817	8.174243	2.769508	-0.065535
 747	3.7300e-01	10.1708	7.809640	-0.000272	-2.724748	-0.923169	0.021845
 748	3.7350e-01	10.1484	7.627597	0.000454	4.541246	1.538616	-0.036409
 749	3.7400e-01	10.1115	7.336328	0.000727	7.265994	2.461785	-0.058254
 750	3.7450e-01	10.0682	7.227103	0.000272	2.724748	0.923169	-0.021845
 751	3.7500e-01	10.0425	7.372737	-0.000363	-3.632997	-1.230893	0.029127
 752	3.7550e-01	10.0008	7.117877	0.000636	6.357744	2.154062	-0.050972
 753	3.7600e-01	9.9495	7.409145	-0.000727	-7.265994	-2.461785	0.058254
 754	3.7650e-01	9.8821	6.972242	0.001090	10.898990	3.692678	-0.087381
 755	3.7700e-01	9.8484	7.227103	-0.000636	-6.357744	-2.154062	0.050972
 756	3.7750e-01	9.8452	6.207662	0.002543	25.430978	8.616249	-0.203888
 757	3.7800e-01	9.7762	6.498931	-0.000727	-7.265994	-2.461785	0.058254
 758	3.7850e-01	9.7602	6.717382	-0.000545	-5.449495	-1.846339	0.043690
 759	3.7900e-01	9.7056	6.353297	0.000908	9.082492	3.077232	-0.072817
 760	3.7950e-01	9.6831	6.316888	0.000091	0.908249	0.307723	-0.007282
 761	3.8000e-01	9.6013	6.353297	-0.000091	-0.908249	-0.307723	0.007282
 762	3.8050e-01	9.5757	5.588717	0.001907	19.073233	6.462186	-0.152916
 763	3.8100e-01	9.5388	5.734351	-0.000363	-3.632997	-1.230893	0.029127
 764	3.8150e-01	9.5019	5.552308	0.000454	4.541246	1.538616	-0.036409
 765	3.8200e-01	9.4778	5.697942	-0.000363	-3.632997	-1.230893	0.029127
 766	3.8250e-01	9.4521	5.078996	0.001544	15.440237	5.231294	-0.123789
 767	3.8300e-01	9.4072	5.479491	-0.000999	-9.990741	-3.384955	0.080099
 768	3.8350e-01	9.3479	5.297448	0.000454	4.541246	1.538616	-0.036409
 769	3.8400e-01	9.2997	5.224631	0.000182	1.816498	0.615446	-0.014563
 770	3.8450e-01	9.2677	4.787728	0.001090	10.898990	3.692678	-0.087381
 771	3.8500e-01	9.2083	5.078996	-0.000727	-7.265994	-2.461785	0.058254
 772	3.8550e-01	9.1730	4.714911	0.000908	9.082492	3.077232	-0.072817
 773	3.8600e-01	9.1377	5.042588	-0.000817	-8.174243	-2.769508	0.065535
 774	3.8650e-01	9.1040	4.642094	0.000999	9.990741	3.384955	-0.080099
 775	3.8700e-01	9.0623	4.278008	0.000908	9.082492	3.077232	-0.072817
 776	3.8750e-01	9.0078	4.751319	-0.001181	-11.807240	-4.000401	0.094662
 777	3.8800e-01	8.9853	3.877513	0.002180	21.797981	7.385356	-0.174761
 778	3.8850e-01	8.9356	4.423642	-0.001362	-13.623738	-4.615847	0.109226
 779	3.8900e-01	8.8939	4.314416	0.000272	2.724748	0.923169	-0.021845
 780	3.8950e-01	8.8618	3.877513	0.001090	10.898990	3.692678	-0.087381
 781	3.9000e-01	8.8265	3.659062	0.000545	5.449495	1.846339	-0.043690
 782	3.9050e-01	8.7687	3.549836	0.000272	2.724748	0.923169	-0.021845
 783	3.9100e-01	8.7302	3.659062	-0.000272	-2.724748	-0.923169	0.021845
 784	3.9150e-01	8.7062	3.404202	0.000636	6.357744	2.154062	-0.050972
 785	3.9200e-01	8.6789	3.367793	0.000091	0.908249	0.307723	-0.007282
 786	3.9250e-01	8.6260	3.294976	0.000182	1.816498	0.615446	-0.014563
 787	3.9300e-01	8.5859	3.185750	0.000272	2.724748	0.923169	-0.021845
 788	3.9350e-01	8.5313	3.003708	0.000454	4.541246	1.538616	-0.036409
 789	3.9400e-01	8.4928	2.785256	0.000545	5.449495	1.846339	-0.043690
 790	3.9450e-01	8.4768	2.603213	0.000454	4.541246	1.538616	-0.036409
 791	3.9500e-01	8.4351	2.566805	0.000091	0.908249	0.307723	-0.007282
 792	3.9550e-01	8.4110	2.311945	0.000636	6.357744	2.154062	-0.050972
 793	3.9600e-01	8.3548	2.129902	0.000454	4.541246	1.538616	-0.036409
 794	3.9650e-01	8.3372	2.493988	-0.000908	-9.082492	-3.077232	0.072817
 795	3.9700e-01	8.2730	2.202719	0.000727	7.265994	2.461785	-0.058254
 796	3.9750e-01	8.2137	1.765816	0.001090	10.898990	3.692678	-0.087381
 797	3.9800e-01	8.1816	2.348353	-0.001453	-14.531987	-4.923571	0.116507
 798	3.9850e-01	8.1511	1.692999	0.001635	16.348486	5.539017	-0.131071
 799	3.9900e-01	8.1046	1.620182	0.000182	1.816498	0.615446	-0.014563
 800	3.9950e-01	8.0741	1.765816	-0.000363	-3.632997	-1.230893	0.029127
 801	4.0000e-01	8.0356	1.401730	0.000908	9.082492	3.077232	-0.072817
 802	4.0050e-01	7.9795	1.110462	0.000727	7.265994	2.461785	-0.058254
 803	4.0100e-01	7.9458	1.256096	-0.000363	-3.632997	-1.230893	0.029127
 804	4.0150e-01	7.9233	0.928419	0.000817	8.174243	2.769508	-0.065535
 805	4.0200e-01	7.8816	1.037644	-0.000272	-2.724748	-0.923169	0.021845
 806	4.0250e-01	7.8367	1.037644	-0.000000	-0.000000	-0.000000	0.000000
 807	4.0300e-01	7.7918	0.782784	0.000636	6.357744	2.154062	-0.050972
 808	4.0350e-01	7.7661	0.600742	0.000454	4.541246	1.538616	-0.036409
 809	4.0400e-01	7.6939	1.037644	-0.001090	-10.898990	-3.692678	0.087381
 810	4.0450e-01	7.6458	0.018204	0.002543	25.430978	8.616249	-0.203888
 811	4.0500e-01	7.6185	-0.054613	0.000182	1.816498	0.615446	-0.014563
 812	4.0550e-01	7.5864	0.309473	-0.000908	-9.082492	-3.077232	0.072817
 813	4.0600e-01	7.5367	0.127430	0.000454	4.541246	1.538616	-0.036409
 814	4.0650e-01	7.5062	-0.200247	0.000817	8.174243	2.769508	-0.065535
 815	4.0700e-01	7.4709	-0.309473	0.000272	2.724748	0.923169	-0.021845
 816	4.0750e-01	7.4228	-0.418699	0.000272	2.724748	0.923169	-0.021845
 817	4.0800e-01	7.3731	-0.163839	-0.000636	-6.357744	-2.154062	0.050972
 818	4.0850e-01	7.3442	-0.928419	0.001907	19.073233	6.462186	-0.152916
 819	4.0900e-01	7.2961	-0.673559	-0.000636	-6.357744	-2.154062	0.050972
 820	4.0950e-01	7.2303	-0.709967	0.000091	0.908249	0.307723	-0.007282
 821	4.1000e-01	7.2335	-0.892010	-0.000454	-4.541246	-1.538616	-0.036409
 822	4.1050e-01	7.1854	-0.746376	-0.000363	-3.632997	-1.230893	0.029127
 823	4.1100e-01	7.1453	-1.692999	0.002361	23.614479	8.000802	-0.189325
 824	4.1150e-01	7.1003	-1.365322	-0.000817	-8.174243	-2.769508	0.065535
 825	4.1200e-01	7.0570	-1.583773	0.000545	5.449495	1.846339	-0.043690
 826	4.1250e-01	7.0009	-1.292504	-0.000727	-7.265994	-2.461785	0.058254
 827	4.1300e-01	6.9672	-1.438139	0.000363	3.632997	1.230893	-0.029127
 828	4.1350e-01	6.9447	-1.947859	0.001272	12.715489	4.308124	-0.101944
 829	4.1400e-01	6.9046	-2.129902	0.000454	4.541246	1.538616	-0.036409
 830	4.1450e-01	6.8565	-2.020676	-0.000272	-2.724748	-0.923169	0.021845
 831	4.1500e-01	6.8212	-2.202719	0.000454	4.541246	1.538616	-0.036409
 832	4.1550e-01	6.7650	-2.311945	0.000272	2.724748	0.923169	-0.021845
 833	4.1600e-01	6.7330	-2.202719	-0.000272	-2.724748	-0.923169	0.021845
 834	4.1650e-01	6.6913	-2.639622	0.001090	10.898990	3.692678	-0.087381
 835	4.1700e-01	6.6656	-2.967299	0.000817	8.174243	2.769508	-0.065535
 836	4.1750e-01	6.6255	-2.639622	-0.000817	-8.174243	-2.769508	0.065535
 837	4.1800e-01	6.5693	-2.894482	0.000636	6.357744	2.154062	-0.050972
 838	4.1850e-01	6.5725	-3.622653	-0.001816	-18.164984	-6.154463	-0.145634
 839	4.1900e-01	6.4875	-2.639622	-0.002452	-24.522729	-8.308525	0.196606
 840	4.1950e-01	6.4795	-3.768288	0.002816	28.155725	9.539418	-0.225733
 841	4.2000e-01	6.4346	-3.440611	-0.000817	-8.174243	-2.769508	0.065535
 842	4.2050e-01	6.3816	-3.768288	0.000817	8.174243	2.769508	-0.065535
 843	4.2100e-01	6.3351	-3.731879	-0.000091	-0.908249	-0.307723	0.007282
 844	4.2150e-01	6.3046	-4.168782	0.001090	10.898990	3.692678	-0.087381
 845	4.2200e-01	6.2565	-3.877513	-0.000727	-7.265994	-2.461785	0.058254
 846	4.2250e-01	6.2405	-4.205191	0.000817	8.174243	2.769508	-0.065535
 847	4.2300e-01	6.1683	-4.387234	0.000454	4.541246	1.538616	-0.036409
 848	4.2350e-01	6.1218	-3.986739	-0.000999	-9.990741	-3.384955	0.080099
 849	4.2400e-01	6.0913	-4.860545	0.002180	21.797981	7.385356	-0.174761
 850	4.2450e-01	6.0704	-4.387234	-0.001181	-11.807240	-4.000401	0.094662
 851	4.2500e-01	6.0127	-4.896954	0.001272	12.715489	4.308124	-0.101944
 852	4.2550e-01	6.0014	-4.896954	-0.000000	-0.000000	-0.000000	0.000000
 853	4.2600e-01	5.9517	-5.115405	0.000545	5.449495	1.846339	-0.043690
 854	4.2650e-01	5.9148	-5.115405	-0.000000	-0.000000	-0.000000	0.000000
 855	4.2700e-01	5.8474	-5.188222	0.000182	1.816498	0.615446	-0.014563
 856	4.2750e-01	5.8137	-5.224631	0.000091	0.908249	0.307723	-0.007282
 857	4.2800e-01	5.7608	-5.697942	0.001181	11.807240	4.000401	-0.094662
 858	4.2850e-01	5.7528	-5.297448	-0.000999	-9.990741	-3.384955	0.080099
 859	4.2900e-01	5.7079	-5.989211	0.001726	17.256735	5.846740	-0.138353
 860	4.2950e-01	5.6838	-6.062028	0.000182	1.816498	0.615446	-0.014563
 861	4.3000e-01	5.6164	-5.989211	-0.000182	-1.816498	-0.615446	0.014563
 862	4.3050e-01	5.5940	-6.244071	0.000636	6.357744	2.154062	-0.050972
 863	4.3100e-01	5.5186	-5.952802	-0.000727	-7.265994	-2.461785	0.058254
 864	4.3150e-01	5.4736	-6.062028	0.000272	2.724748	0.923169	-0.021845
 865	4.3200e-01	5.4640	-6.644565	0.001453	14.531987	4.923571	-0.116507
 866	4.3250e-01	5.4416	-6.571748	-0.000182	-1.816498	-0.615446	0.014563
 867	4.3300e-01	5.3501	-6.790200	0.000545	5.449495	1.846339	-0.043690
 868	4.3350e-01	5.3373	-7.045060	0.000636	6.357744	2.154062	-0.050972
 869	4.3400e-01	5.2795	-7.081468	0.000091	0.908249	0.307723	-0.007282
 870	4.3450e-01	5.2571	-6.972242	-0.000272	-2.724748	-0.923169	0.021845
 871	4.3500e-01	5.2362	-7.190694	0.000545	5.449495	1.846339	-0.043690
 872	4.3550e-01	5.1817	-7.627597	0.001090	10.898990	3.692678	-0.087381
 873	4.3600e-01	5.1560	-7.591188	-0.000091	-0.908249	-0.307723	0.007282
 874	4.3650e-01	5.0870	-7.991683	0.000999	9.990741	3.384955	-0.080099
 875	4.3700e-01	5.0437	-7.664005	-0.000817	-8.174243	-2.769508	0.065535
 876	4.3750e-01	5.0229	-8.064500	0.000999	9.990741	3.384955	-0.080099
 877	4.3800e-01	4.9972	-8.282951	0.000545	5.449495	1.846339	-0.043690
 878	4.3850e-01	4.9539	-8.282951	-0.000000	-0.000000	-0.000000	0.000000
 879	4.3900e-01	4.8961	-8.464994	0.000454	4.541246	1.538616	-0.036409
 880	4.3950e-01	4.8785	-8.829080	0.000908	9.082492	3.077232	-0.072817
 881	4.4000e-01	4.8175	-8.829080	-0.000000	-0.000000	-0.000000	0.000000
 882	4.4050e-01	4.7774	-8.865488	0.000091	0.908249	0.307723	-0.007282
 883	4.4100e-01	4.7437	-8.792671	-0.000182	-1.816498	-0.615446	0.014563
 884	4.4150e-01	4.7357	-9.193166	0.000999	9.990741	3.384955	-0.080099
 885	4.4200e-01	4.6795	-8.829080	-0.000908	-9.082492	-3.077232	0.072817
 886	4.4250e-01	4.6426	-9.702886	0.002180	21.797981	7.385356	-0.174761
 887	4.4300e-01	4.6106	-9.666477	-0.000091	-0.908249	-0.307723	0.007282
 888	4.4350e-01	4.5673	-9.739294	0.000182	1.816498	0.615446	-0.014563
 889	4.4400e-01	4.5079	-9.884929	0.000363	3.632997	1.230893	-0.029127
 890	4.4450e-01	4.4919	-10.249014	0.000908	9.082492	3.077232	-0.072817
 891	4.4500e-01	4.4309	-9.848520	-0.000999	-9.990741	-3.384955	0.080099
 892	4.4550e-01	4.3844	-10.467466	0.001544	15.440237	5.231294	-0.123789
 893	4.4600e-01	4.3443	-9.775703	-0.001726	-17.256735	-5.846740	0.138353
 894	4.4650e-01	4.3026	-10.285423	0.001272	12.715489	4.308124	-0.101944
 895	4.4700e-01	4.2496	-10.394649	0.000272	2.724748	0.923169	-0.021845
 896	4.4750e-01	4.2079	-10.394649	-0.000000	-0.000000	-0.000000	0.000000
 897	4.4800e-01	4.1903	-10.576692	0.000454	4.541246	1.538616	-0.036409
 898	4.4850e-01	4.1694	-10.831552	0.000636	6.357744	2.154062	-0.050972
 899	4.4900e-01	4.1229	-11.232046	0.000999	9.990741	3.384955	-0.080099
 900	4.4950e-01	4.0667	-10.867960	-0.000908	-9.082492	-3.077232	0.072817
 901	4.5000e-01	4.0362	-11.814583	0.002361	23.614479	8.000802	-0.189325
 902	4.5050e-01	3.9929	-11.596132	-0.000545	-5.449495	-1.846339	0.043690
 903	4.5100e-01	3.9480	-11.559723	-0.000091	-0.908249	-0.307723	0.007282
 904	4.5150e-01	3.9031	-12.105852	0.001362	13.623738	4.615847	-0.109226
 905	4.5200e-01	3.8421	-12.215078	0.000272	2.724748	0.923169	-0.021845
 906	4.5250e-01	3.8020	-12.360712	0.000363	3.632997	1.230893	-0.029127
 907	4.5300e-01	3.7780	-12.251486	-0.000272	-2.724748	-0.923169	0.021845
 908	4.5350e-01	3.7475	-12.433529	0.000454	4.541246	1.538616	-0.036409
 909	4.5400e-01	3.6897	-12.215078	-0.000545	-5.449495	-1.846339	0.043690
 910	4.5450e-01	3.6625	-12.834023	0.001544	15.440237	5.231294	-0.123789
 911	4.5500e-01	3.6304	-12.870432	0.000091	0.908249	0.307723	-0.007282
 912	4.5550e-01	3.5823	-13.161701	0.000727	7.265994	2.461785	-0.058254
 913	4.5600e-01	3.5309	-12.979658	-0.000454	-4.541246	-1.538616	0.036409
 914	4.5650e-01	3.4892	-12.943249	-0.000091	-0.908249	-0.307723	0.007282
 915	4.5700e-01	3.4523	-13.598603	0.001635	16.348486	5.539017	-0.131071
 916	4.5750e-01	3.4170	-13.635012	0.000091	0.908249	0.307723	-0.007282
 917	4.5800e-01	3.3930	-13.853464	0.000545	5.449495	1.846339	-0.043690
 918	4.5850e-01	3.3721	-13.817055	-0.000091	-0.908249	-0.307723	0.007282
 919	4.5900e-01	3.3127	-14.108324	0.000727	7.265994	2.461785	-0.058254
 920	4.5950e-01	3.2630	-14.144732	0.000091	0.908249	0.307723	-0.007282
 921	4.6000e-01	3.2502	-14.690861	0.001362	13.623738	4.615847	-0.109226
 922	4.6050e-01	3.1603	-14.181141	-0.001272	-12.715489	-4.308124	0.101944
 923	4.6100e-01	3.1652	-14.399592	-0.000545	-5.449495	-1.846339	-0.043690
 924	4.6150e-01	3.1202	-14.727269	0.000817	8.174243	2.769508	-0.065535
 925	4.6200e-01	3.0833	-14.800087	0.000182	1.816498	0.615446	-0.014563
 926	4.6250e-01	3.0224	-14.654452	-0.000363	-3.632997	-1.230893	0.029127
 927	4.6300e-01	2.9839	-15.273398	0.001544	15.440237	5.231294	-0.123789
 928	4.6350e-01	2.9438	-14.909312	-0.000908	-9.082492	-3.077232	0.072817
 929	4.6400e-01	2.9133	-15.382624	0.001181	11.807240	4.000401	-0.094662
 930	4.6450e-01	2.8652	-15.746710	0.000908	9.082492	3.077232	-0.072817
 931	4.6500e-01	2.8347	-15.928752	0.000454	4.541246	1.538616	-0.036409
 932	4.6550e-01	2.7946	-15.710301	-0.000545	-5.449495	-1.846339	0.043690
 933	4.6600e-01	2.7288	-15.819527	0.000272	2.724748	0.923169	-0.021845
 934	4.6650e-01	2.7112	-16.329247	0.001272	12.715489	4.308124	-0.101944
 935	4.6700e-01	2.6662	-16.110795	-0.000545	-5.449495	-1.846339	0.043690
 936	4.6750e-01	2.6277	-16.584107	0.001181	11.807240	4.000401	-0.094662
 937	4.6800e-01	2.6085	-16.329247	-0.000636	-6.357744	-2.154062	0.050972
 938	4.6850e-01	2.5235	-16.547698	0.000545	5.449495	1.846339	-0.043690
 939	4.6900e-01	2.4850	-16.656924	0.000272	2.724748	0.923169	-0.021845
 940	4.6950e-01	2.4705	-17.385096	0.001816	18.164984	6.154463	-0.145634
 941	4.7000e-01	2.4304	-17.021010	-0.000908	-9.082492	-3.077232	0.072817
 942	4.7050e-01	2.3967	-17.494321	0.001181	11.807240	4.000401	-0.094662
 943	4.7100e-01	2.3598	-17.348687	-0.000363	-3.632997	-1.230893	0.029127
 944	4.7150e-01	2.3005	-17.749181	0.000999	9.990741	3.384955	-0.080099
 945	4.7200e-01	2.2604	-17.785590	0.000091	0.908249	0.307723	-0.007282
 946	4.7250e-01	2.2058	-17.639956	-0.000363	-3.632997	-1.230893	0.029127
 947	4.7300e-01	2.1657	-17.931224	0.000727	7.265994	2.461785	-0.058254
 948	4.7350e-01	2.1272	-18.004041	0.000182	1.816498	0.615446	-0.014563
 949	4.7400e-01	2.0999	-18.222493	0.000545	5.449495	1.846339	-0.043690
 950	4.7450e-01	2.0839	-18.841439	0.001544	15.440237	5.231294	-0.123789
 951	4.7500e-01	2.0598	-18.659396	-0.000454	-4.541246	-1.538616	0.036409
 952	4.7550e-01	2.0181	-18.841439	0.000454	4.541246	1.538616	-0.036409
 953	4.7600e-01	1.9700	-19.387567	0.001362	13.623738	4.615847	-0.109226
 954	4.7650e-01	1.9058	-18.841439	-0.001362	-13.623738	-4.615847	0.109226
 955	4.7700e-01	1.8609	-19.023481	0.000454	4.541246	1.538616	-0.036409
 956	4.7750e-01	1.8160	-19.278342	0.000636	6.357744	2.154062	-0.050972
 957	4.7800e-01	1.7631	-19.496793	0.000545	5.449495	1.846339	-0.043690
 958	4.7850e-01	1.7566	-19.642427	0.000363	3.632997	1.230893	-0.029127
 959	4.7900e-01	1.7133	-19.788062	0.000363	3.632997	1.230893	-0.029127
 960	4.7950e-01	1.6524	-20.042922	0.000636	6.357744	2.154062	-0.050972
 961	4.8000e-01	1.6267	-19.897287	-0.000363	-3.632997	-1.230893	0.029127
 962	4.8050e-01	1.5898	-20.625459	0.001816	18.164984	6.154463	-0.145634
 963	4.8100e-01	1.5625	-20.188556	-0.001090	-10.898990	-3.692678	0.087381
 964	4.8150e-01	1.5240	-20.734685	0.001362	13.623738	4.615847	-0.109226
 965	4.8200e-01	1.4534	-20.843910	0.000272	2.724748	0.923169	-0.021845
 966	4.8250e-01	1.4069	-20.443416	-0.000999	-9.990741	-3.384955	0.080099
 967	4.8300e-01	1.3780	-21.135179	0.001726	17.256735	5.846740	-0.138353
 968	4.8350e-01	1.3572	-20.989545	-0.000363	-3.632997	-1.230893	0.029127
 969	4.8400e-01	1.3074	-21.207996	0.000545	5.449495	1.846339	-0.043690
 970	4.8450e-01	1.2609	-21.390039	0.000454	4.541246	1.538616	-0.036409
 971	4.8500e-01	1.2208	-21.608490	0.000545	5.449495	1.846339	-0.043690
 972	4.8550e-01	1.1855	-21.826942	0.000545	5.449495	1.846339	-0.043690
 973	4.8600e-01	1.1262	-21.608490	-0.000545	-5.449495	-1.846339	0.043690
 974	4.8650e-01	1.0909	-21.972576	0.000908	9.082492	3.077232	-0.072817
 975	4.8700e-01	1.0732	-22.336662	0.000908	9.082492	3.077232	-0.072817
 976	4.8750e-01	1.0123	-22.445888	0.000272	2.724748	0.923169	-0.021845
 977	4.8800e-01	0.9754	-22.300253	-0.000363	-3.632997	-1.230893	0.029127
 978	4.8850e-01	0.9289	-22.336662	0.000091	0.908249	0.307723	-0.007282
 979	4.8900e-01	0.9032	-22.773565	0.001090	10.898990	3.692678	-0.087381
 980	4.8950e-01	0.8615	-23.101242	0.000817	8.174243	2.769508	-0.065535
 981	4.9000e-01	0.8246	-23.064834	-0.000091	-0.908249	-0.307723	0.007282
 982	4.9050e-01	0.8133	-23.356102	0.000727	7.265994	2.461785	-0.058254
 983	4.9100e-01	0.7476	-23.756596	0.000999	9.990741	3.384955	-0.080099
 984	4.9150e-01	0.7107	-23.501736	-0.000636	-6.357744	-2.154062	0.050972
 985	4.9200e-01	0.6674	-23.610962	0.000272	2.724748	0.923169	-0.021845
 986	4.9250e-01	0.6080	-23.501736	-0.000272	-2.724748	-0.923169	0.021845
 987	4.9300e-01	0.5807	-24.047865	0.001362	13.623738	4.615847	-0.109226
 988	4.9350e-01	0.5551	-24.339134	0.000727	7.265994	2.461785	-0.058254
 989	4.9400e-01	0.5037	-24.666811	0.000817	8.174243	2.769508	-0.065535
 990	4.9450e-01	0.4588	-24.703219	0.000091	0.908249	0.307723	-0.007282
 991	4.9500e-01	0.4331	-24.739628	0.000091	0.908249	0.307723	-0.007282
 992	4.9550e-01	0.3898	-25.285757	0.001362	13.623738	4.615847	-0.109226
 993	4.9600e-01	0.3577	-24.812445	-0.001181	-11.807240	-4.000401	0.094662
 994	4.9650e-01	0.3160	-25.431391	0.001544	15.440237	5.231294	-0.123789
 995	4.9700e-01	0.2807	-25.394982	-0.000091	-0.908249	-0.307723	0.007282
 996	4.9750e-01	0.2310	-25.431391	0.000091	0.908249	0.307723	-0.007282
 997	4.9800e-01	0.1893	-25.394982	-0.000091	-0.908249	-0.307723	0.007282
 998	4.9850e-01	0.1652	-25.868294	0.001181	11.807240	4.000401	-0.094662
 999	4.9900e-01	0.0754	-25.977520	0.000272	2.724748	0.923169	-0.021845
1000	4.9950e-01	0.0449	-26.632874	0.001635	16.348486	5.539017	-0.131071
1001	5.0000e-01	0.0561	-26.414423	0.001635	16.348486	5.539017	0.043690

PMax (uC/cm2):	6.10e+01
Pr (uC/cm2):	3.79e+00
-Pr (uC/cm2):	0.00e+00
PLoss (uC/cm2):	0.00e+00
C (Max-Eff) (nF):	3.05e-01
K (Eff):	1.03e+03
Vert. (+/-Pr) Shift (uC/cm2):	1.89e+00
Offset (uC/cm2):	3.02e+01

A (Loop Area - uC/cm2·Volts):	3.42e-01



Hysteresis Version: 5.48.1 - Radiant Technologies, Inc., 1999 - 9/12/24

