»»»»»»»»»»»»»»»»»»»»»»»»»»»»»»»»»»»» Hysteresis ««««««««««««««««««««««««««««««««««««
»»»  Executed Version:	5.48.1
»»»  Vision Version:	5.48.4 (R)
»»»  Vision Compiled:	9/18/24
»»»  Driver Version:	5.47.0
»»»  Windows Version:	Windows 8 or 8.1
»»»  Processor Information:	x86 (AMD or Intel) - 32 Processors
»»»  Tester Name:	PMF21124-494 (100V)
»»»  Tester S/N:	PMF21124-494
»»»  Internal Amp Type:	100V RevK 270k
»»»  Internal Amp S/N:	iAB2-596/K     
»»»  Execution Count:	1
»»»»»»»»»»»»»»»»»»»»»»»»»»»»»»»»»»»»»»»»»»««««««««««««««««««««««««««««««««««««««««««

Stored:	10/10/2025 - 16:21:16
Configured:	10/10/25 10:37:25 AM
Executed:	10/10/25 04:20:53 PM

»»»»»»»»»»»»»»»»»»»»»»»»»»»»»»»»»»» Sample Info ««««««««««««««««««««««««««««««««««««
Sample Name:	Int. Ref. Ferroelectric
Lot Name:	N/A
Wafer Name:	N/A
Die Row/Column:	0/0
Capacitor Number:	0
Sample Area (cm2):	1.00e-04
Sample Thickness (microns):	3.00e-01

Amplifier:	Internal

»»»»»»»»»»»»»»»»»»»»»»»»»»»»»»»»»»» Tester Info «««««««««««««««««««««««««««««««««««
Tester Name:	PMF21124-494 (100V)
Tester Serial Number:	PMF21124-494
Return Signal Amp. Level:	0.02 [Index: 2]

»»»»»»»»»»»»»»»»»»»»»»»»»»»»»»»» Hysteresis Info ««««««««««««««««««««««««««««««««««
Task Name:	Hyst-170
Volts:	20.00
Field:	666.67 (kV/cm)
DCBias:	0.00
DCField:	0.00 (kV/cm)
Hysteresis Period (ms):	5.00e-01
Preset:	Enabled
Preset Delay (ms):	1.00e+03
Profile:	Standard Monopolar

»»»»»»»»»»»»»»»»»»»»»»»»»»»»»»»»»»»»»» Data «««««««««««««««««««««««««««««««««««««««
Points:	1001

Valid Data

Point	Time (ms)	Drive Voltage	Measured Polarization (uC/cm2)	Capacitance (uF)	Normalized Capacitance (uF/cm2)	Dielectric Constant	Instantaneous Current (mA)
   1	0.0000e+00	0.0353	-28.617141	0.000181	1.813805	0.614534	-0.014563
   2	5.0000e-04	0.0337	-28.689959	0.000181	1.813805	0.614534	-0.014563
   3	1.0000e-03	0.1043	-28.325873	0.000907	9.069023	3.072668	0.072817
   4	1.5000e-03	0.1460	-28.471507	-0.000363	-3.627609	-1.229067	-0.029127
   5	2.0000e-03	0.2021	-28.289464	0.000453	4.534511	1.536334	0.036409
   6	2.5000e-03	0.2358	-28.180239	0.000272	2.720707	0.921800	0.021845
   7	3.0000e-03	0.2839	-27.852561	0.000816	8.162120	2.765401	0.065535
   8	3.5000e-03	0.3257	-27.852561	0.000000	0.000000	0.000000	0.000000
   9	4.0000e-03	0.3497	-27.706927	0.000363	3.627609	1.229067	0.029127
  10	4.5000e-03	0.4027	-27.415658	0.000726	7.255218	2.458134	0.058254
  11	5.0000e-03	0.4412	-27.270024	0.000363	3.627609	1.229067	0.029127
  12	5.5000e-03	0.4829	-27.415658	-0.000363	-3.627609	-1.229067	-0.029127
  13	6.0000e-03	0.4989	-26.905938	0.001270	12.696632	4.301735	0.101944
  14	6.5000e-03	0.5743	-26.942347	-0.000091	-0.906902	-0.307267	-0.007282
  15	7.0000e-03	0.6080	-26.614670	0.000816	8.162120	2.765401	0.065535
  16	7.5000e-03	0.6417	-26.505444	0.000272	2.720707	0.921800	0.021845
  17	8.0000e-03	0.6770	-26.286993	0.000544	5.441414	1.843601	0.043690
  18	8.5000e-03	0.7107	-26.286993	0.000000	0.000000	0.000000	0.000000
  19	9.0000e-03	0.7396	-26.286993	0.000000	0.000000	0.000000	0.000000
  20	9.5000e-03	0.7861	-26.177767	0.000272	2.720707	0.921800	0.021845
  21	1.0000e-02	0.8342	-25.995724	0.000453	4.534511	1.536334	0.036409
  22	1.0500e-02	0.8775	-25.631638	0.000907	9.069023	3.072668	0.072817
  23	1.1000e-02	0.9240	-25.740864	-0.000272	-2.720707	-0.921800	-0.021845
  24	1.1500e-02	0.9674	-25.121918	0.001542	15.417339	5.223536	0.123789
  25	1.2000e-02	1.0123	-25.231144	-0.000272	-2.720707	-0.921800	-0.021845
  26	1.2500e-02	1.0331	-25.231144	0.000000	0.000000	0.000000	0.000000
  27	1.3000e-02	1.0796	-24.830649	0.000998	9.975925	3.379935	0.080099
  28	1.3500e-02	1.1149	-24.757832	0.000181	1.813805	0.614534	0.014563
  29	1.4000e-02	1.1326	-24.721424	0.000091	0.906902	0.307267	0.007282
  30	1.4500e-02	1.1887	-24.648607	0.000181	1.813805	0.614534	0.014563
  31	1.5000e-02	1.2272	-24.539381	0.000272	2.720707	0.921800	0.021845
  32	1.5500e-02	1.2353	-24.466564	0.000181	1.813805	0.614534	0.014563
  33	1.6000e-02	1.3091	-23.629166	0.002086	20.858752	7.067137	0.167479
  34	1.6500e-02	1.3556	-24.175295	-0.001360	-13.603534	-4.609002	-0.109226
  35	1.7000e-02	1.3748	-24.138887	0.000091	0.906902	0.307267	0.007282
  36	1.7500e-02	1.4246	-23.811209	0.000816	8.162120	2.765401	0.065535
  37	1.8000e-02	1.4791	-23.847618	-0.000091	-0.906902	-0.307267	-0.007282
  38	1.8500e-02	1.5256	-23.228672	0.001542	15.417339	5.223536	0.123789
  39	1.9000e-02	1.5625	-23.447124	-0.000544	-5.441414	-1.843601	-0.043690
  40	1.9500e-02	1.5625	-23.337898	-0.000272	-2.720707	-0.921800	0.021845
  41	2.0000e-02	1.6171	-22.864586	0.001179	11.789729	3.994468	0.094662
  42	2.0500e-02	1.6780	-23.010221	-0.000363	-3.627609	-1.229067	-0.029127
  43	2.1000e-02	1.7197	-22.536909	0.001179	11.789729	3.994468	0.094662
  44	2.1500e-02	1.7614	-22.755361	-0.000544	-5.441414	-1.843601	-0.043690
  45	2.2000e-02	1.7935	-22.391275	0.000907	9.069023	3.072668	0.072817
  46	2.2500e-02	1.8304	-22.464092	-0.000181	-1.813805	-0.614534	-0.014563
  47	2.3000e-02	1.8770	-22.063598	0.000998	9.975925	3.379935	0.080099
  48	2.3500e-02	1.9010	-21.954372	0.000272	2.720707	0.921800	0.021845
  49	2.4000e-02	1.9556	-21.663103	0.000726	7.255218	2.458134	0.058254
  50	2.4500e-02	1.9989	-21.626695	0.000091	0.906902	0.307267	0.007282
  51	2.5000e-02	2.0358	-22.027189	-0.000998	-9.975925	-3.379935	-0.080099
  52	2.5500e-02	2.0919	-21.626695	0.000998	9.975925	3.379935	0.080099
  53	2.6000e-02	2.1336	-21.226200	0.000998	9.975925	3.379935	0.080099
  54	2.6500e-02	2.1497	-21.481060	-0.000635	-6.348316	-2.150868	-0.050972
  55	2.7000e-02	2.2058	-20.971340	0.001270	12.696632	4.301735	0.101944
  56	2.7500e-02	2.2283	-21.080566	-0.000272	-2.720707	-0.921800	-0.021845
  57	2.8000e-02	2.2941	-21.044157	0.000091	0.906902	0.307267	0.007282
  58	2.8500e-02	2.3085	-20.862115	0.000453	4.534511	1.536334	0.036409
  59	2.9000e-02	2.3358	-20.534437	0.000816	8.162120	2.765401	0.065535
  60	2.9500e-02	2.3951	-20.461620	0.000181	1.813805	0.614534	0.014563
  61	3.0000e-02	2.4208	-20.352395	0.000272	2.720707	0.921800	0.021845
  62	3.0500e-02	2.4817	-20.133943	0.000544	5.441414	1.843601	0.043690
  63	3.1000e-02	2.5411	-20.133943	0.000000	0.000000	0.000000	0.000000
  64	3.1500e-02	2.5652	-19.697040	0.001088	10.882827	3.687202	0.087381
  65	3.2000e-02	2.6053	-19.733449	-0.000091	-0.906902	-0.307267	-0.007282
  66	3.2500e-02	2.6534	-19.842674	-0.000272	-2.720707	-0.921800	-0.021845
  67	3.3000e-02	2.6775	-19.769857	0.000181	1.813805	0.614534	0.014563
  68	3.3500e-02	2.7192	-19.260137	0.001270	12.696632	4.301735	0.101944
  69	3.4000e-02	2.7785	-19.223729	0.000091	0.906902	0.307267	0.007282
  70	3.4500e-02	2.8058	-18.968869	0.000635	6.348316	2.150868	0.050972
  71	3.5000e-02	2.8587	-19.296546	-0.000816	-8.162120	-2.765401	-0.065535
  72	3.5500e-02	2.8828	-19.005277	0.000726	7.255218	2.458134	0.058254
  73	3.6000e-02	2.9021	-18.349923	0.001632	16.324241	5.530803	0.131071
  74	3.6500e-02	2.9454	-18.459149	-0.000272	-2.720707	-0.921800	-0.021845
  75	3.7000e-02	2.9887	-18.604783	-0.000363	-3.627609	-1.229067	-0.029127
  76	3.7500e-02	3.0352	-18.204288	0.000998	9.975925	3.379935	0.080099
  77	3.8000e-02	3.0705	-17.949428	0.000635	6.348316	2.150868	0.050972
  78	3.8500e-02	3.1234	-17.913020	0.000091	0.906902	0.307267	0.007282
  79	3.9000e-02	3.1571	-18.022246	-0.000272	-2.720707	-0.921800	-0.021845
  80	3.9500e-02	3.1764	-17.658160	0.000907	9.069023	3.072668	0.072817
  81	4.0000e-02	3.2341	-17.621751	0.000091	0.906902	0.307267	0.007282
  82	4.0500e-02	3.2662	-16.929988	0.001723	17.231143	5.838069	0.138353
  83	4.1000e-02	3.3031	-17.075623	-0.000363	-3.627609	-1.229067	-0.029127
  84	4.1500e-02	3.3368	-17.257665	-0.000453	-4.534511	-1.536334	-0.036409
  85	4.2000e-02	3.3897	-16.929988	0.000816	8.162120	2.765401	0.065535
  86	4.2500e-02	3.4363	-17.039214	-0.000272	-2.720707	-0.921800	-0.021845
  87	4.3000e-02	3.4812	-17.039214	0.000000	0.000000	0.000000	0.000000
  88	4.3500e-02	3.5213	-16.456677	0.001451	14.510436	4.916269	0.116507
  89	4.4000e-02	3.5646	-16.129000	0.000816	8.162120	2.765401	0.065535
  90	4.4500e-02	3.5999	-16.274634	-0.000363	-3.627609	-1.229067	-0.029127
  91	4.5000e-02	3.6304	-15.728505	0.001360	13.603534	4.609002	0.109226
  92	4.5500e-02	3.6753	-16.493085	-0.001904	-19.044948	-6.452603	-0.152916
  93	4.6000e-02	3.7138	-16.019774	0.001179	11.789729	3.994468	0.094662
  94	4.6500e-02	3.7555	-15.946957	0.000181	1.813805	0.614534	0.014563
  95	4.7000e-02	3.8036	-15.837731	0.000272	2.720707	0.921800	0.021845
  96	4.7500e-02	3.8405	-15.692097	0.000363	3.627609	1.229067	0.029127
  97	4.8000e-02	3.8742	-15.619280	0.000181	1.813805	0.614534	0.014563
  98	4.8500e-02	3.9191	-15.328011	0.000726	7.255218	2.458134	0.058254
  99	4.9000e-02	3.9464	-15.000334	0.000816	8.162120	2.765401	0.065535
 100	4.9500e-02	4.0074	-15.328011	-0.000816	-8.162120	-2.765401	-0.065535
 101	5.0000e-02	4.0571	-14.854699	0.001179	11.789729	3.994468	0.094662
 102	5.0500e-02	4.0956	-15.255194	-0.000998	-9.975925	-3.379935	-0.080099
 103	5.1000e-02	4.1229	-14.599839	0.001632	16.324241	5.530803	0.131071
 104	5.1500e-02	4.1758	-14.272162	0.000816	8.162120	2.765401	0.065535
 105	5.2000e-02	4.2031	-14.490614	-0.000544	-5.441414	-1.843601	-0.043690
 106	5.2500e-02	4.2576	-14.308571	0.000453	4.534511	1.536334	0.036409
 107	5.3000e-02	4.2801	-14.126528	0.000453	4.534511	1.536334	0.036409
 108	5.3500e-02	4.3218	-13.980894	0.000363	3.627609	1.229067	0.029127
 109	5.4000e-02	4.3731	-14.017302	-0.000091	-0.906902	-0.307267	-0.007282
 110	5.4500e-02	4.4261	-13.653216	0.000907	9.069023	3.072668	0.072817
 111	5.5000e-02	4.4261	-13.689625	0.000091	0.906902	0.307267	-0.007282
 112	5.5500e-02	4.4790	-13.616808	0.000181	1.813805	0.614534	0.014563
 113	5.6000e-02	4.5287	-13.216313	0.000998	9.975925	3.379935	0.080099
 114	5.6500e-02	4.5801	-13.143496	0.000181	1.813805	0.614534	0.014563
 115	5.7000e-02	4.6314	-13.216313	-0.000181	-1.813805	-0.614534	-0.014563
 116	5.7500e-02	4.6635	-12.815819	0.000998	9.975925	3.379935	0.080099
 117	5.8000e-02	4.6731	-13.143496	-0.000816	-8.162120	-2.765401	-0.065535
 118	5.8500e-02	4.7373	-12.378916	0.001904	19.044948	6.452603	0.152916
 119	5.9000e-02	4.7453	-12.633776	-0.000635	-6.348316	-2.150868	-0.050972
 120	5.9500e-02	4.7501	-12.488142	0.000363	3.627609	1.229067	0.029127
 121	6.0000e-02	4.8175	-12.124056	0.000907	9.069023	3.072668	0.072817
 122	6.0500e-02	4.8929	-12.743002	-0.001542	-15.417339	-5.223536	-0.123789
 123	6.1000e-02	4.9057	-11.942013	0.001995	19.951850	6.759870	0.160198
 124	6.1500e-02	4.9394	-11.614336	0.000816	8.162120	2.765401	0.065535
 125	6.2000e-02	5.0084	-11.541519	0.000181	1.813805	0.614534	0.014563
 126	6.2500e-02	5.0453	-11.723562	-0.000453	-4.534511	-1.536334	-0.036409
 127	6.3000e-02	5.0870	-11.723562	0.000000	0.000000	0.000000	0.000000
 128	6.3500e-02	5.1095	-11.468702	0.000635	6.348316	2.150868	0.050972
 129	6.4000e-02	5.1528	-11.068207	0.000998	9.975925	3.379935	0.080099
 130	6.4500e-02	5.2138	-11.141025	-0.000181	-1.813805	-0.614534	-0.014563
 131	6.5000e-02	5.2587	-10.995390	0.000363	3.627609	1.229067	0.029127
 132	6.5500e-02	5.2859	-10.776939	0.000544	5.441414	1.843601	0.043690
 133	6.6000e-02	5.3469	-10.667713	0.000272	2.720707	0.921800	0.021845
 134	6.6500e-02	5.3694	-10.303627	0.000907	9.069023	3.072668	0.072817
 135	6.7000e-02	5.3870	-10.558487	-0.000635	-6.348316	-2.150868	-0.050972
 136	6.7500e-02	5.4608	-10.449262	0.000272	2.720707	0.921800	0.021845
 137	6.8000e-02	5.4688	-10.121584	0.000816	8.162120	2.765401	0.065535
 138	6.8500e-02	5.5137	-9.866724	0.000635	6.348316	2.150868	0.050972
 139	6.9000e-02	5.5571	-9.830316	0.000091	0.906902	0.307267	0.007282
 140	6.9500e-02	5.6020	-9.793907	0.000091	0.906902	0.307267	0.007282
 141	7.0000e-02	5.6501	-9.939542	-0.000363	-3.627609	-1.229067	-0.029127
 142	7.0500e-02	5.6774	-9.502639	0.001088	10.882827	3.687202	0.087381
 143	7.1000e-02	5.7191	-9.502639	0.000000	0.000000	0.000000	0.000000
 144	7.1500e-02	5.7624	-9.575456	-0.000181	-1.813805	-0.614534	-0.014563
 145	7.2000e-02	5.8057	-8.847284	0.001814	18.138045	6.145336	0.145634
 146	7.2500e-02	5.8635	-8.883693	-0.000091	-0.906902	-0.307267	-0.007282
 147	7.3000e-02	5.8731	-9.102144	-0.000544	-5.441414	-1.843601	-0.043690
 148	7.3500e-02	5.9100	-8.774467	0.000816	8.162120	2.765401	0.065535
 149	7.4000e-02	5.9758	-8.701650	0.000181	1.813805	0.614534	0.014563
 150	7.4500e-02	5.9806	-8.847284	-0.000363	-3.627609	-1.229067	-0.029127
 151	7.5000e-02	6.0560	-8.519607	0.000816	8.162120	2.765401	0.065535
 152	7.5500e-02	6.0624	-8.410381	0.000272	2.720707	0.921800	0.021845
 153	7.6000e-02	6.0961	-8.009887	0.000998	9.975925	3.379935	0.080099
 154	7.6500e-02	6.1667	-7.937070	0.000181	1.813805	0.614534	0.014563
 155	7.7000e-02	6.2132	-8.119113	-0.000453	-4.534511	-1.536334	-0.036409
 156	7.7500e-02	6.2212	-7.609393	0.001270	12.696632	4.301735	0.101944
 157	7.8000e-02	6.2677	-7.609393	0.000000	0.000000	0.000000	0.000000
 158	7.8500e-02	6.3030	-7.136081	0.001179	11.789729	3.994468	0.094662
 159	7.9000e-02	6.3640	-7.500167	-0.000907	-9.069023	-3.072668	-0.072817
 160	7.9500e-02	6.4025	-7.500167	0.000000	0.000000	0.000000	0.000000
 161	8.0000e-02	6.4490	-7.099673	0.000998	9.975925	3.379935	0.080099
 162	8.0500e-02	6.4795	-7.172490	-0.000181	-1.813805	-0.614534	-0.014563
 163	8.1000e-02	6.4891	-6.881221	0.000726	7.255218	2.458134	0.058254
 164	8.1500e-02	6.5517	-6.553544	0.000816	8.162120	2.765401	0.065535
 165	8.2000e-02	6.5918	-6.735587	-0.000453	-4.534511	-1.536334	-0.036409
 166	8.2500e-02	6.6431	-6.262275	0.001179	11.789729	3.994468	0.094662
 167	8.3000e-02	6.6945	-6.517135	-0.000635	-6.348316	-2.150868	-0.050972
 168	8.3500e-02	6.7249	-6.080232	0.001088	10.882827	3.687202	0.087381
 169	8.4000e-02	6.7426	-5.788964	0.000726	7.255218	2.458134	0.058254
 170	8.4500e-02	6.8116	-6.153050	-0.000907	-9.069023	-3.072668	-0.072817
 171	8.5000e-02	6.8453	-6.043824	0.000272	2.720707	0.921800	0.021845
 172	8.5500e-02	6.8838	-5.752555	0.000726	7.255218	2.458134	0.058254
 173	8.6000e-02	6.9126	-5.279244	0.001179	11.789729	3.994468	0.094662
 174	8.6500e-02	6.9640	-5.679738	-0.000998	-9.975925	-3.379935	-0.080099
 175	8.7000e-02	6.9993	-5.424878	0.000635	6.348316	2.150868	0.050972
 176	8.7500e-02	7.0362	-5.024384	0.000998	9.975925	3.379935	0.080099
 177	8.8000e-02	7.0699	-4.696706	0.000816	8.162120	2.765401	0.065535
 178	8.8500e-02	7.1292	-5.206427	-0.001270	-12.696632	-4.301735	-0.101944
 179	8.9000e-02	7.1533	-4.878749	0.000816	8.162120	2.765401	0.065535
 180	8.9500e-02	7.2174	-4.696706	0.000453	4.534511	1.536334	0.036409
 181	9.0000e-02	7.2303	-4.405438	0.000726	7.255218	2.458134	0.058254
 182	9.0500e-02	7.2736	-4.951566	-0.001360	-13.603534	-4.609002	-0.109226
 183	9.1000e-02	7.3025	-4.405438	0.001360	13.603534	4.609002	0.109226
 184	9.1500e-02	7.3634	-4.405438	0.000000	0.000000	0.000000	0.000000
 185	9.2000e-02	7.4164	-4.551072	-0.000363	-3.627609	-1.229067	-0.029127
 186	9.2500e-02	7.4356	-3.750083	0.001995	19.951850	6.759870	0.160198
 187	9.3000e-02	7.4966	-4.150578	-0.000998	-9.975925	-3.379935	-0.080099
 188	9.3500e-02	7.5239	-3.932126	0.000544	5.441414	1.843601	0.043690
 189	9.4000e-02	7.5720	-3.349589	0.001451	14.510436	4.916269	0.116507
 190	9.4500e-02	7.6137	-3.677266	-0.000816	-8.162120	-2.765401	-0.065535
 191	9.5000e-02	7.6361	-3.422406	0.000635	6.348316	2.150868	0.050972
 192	9.5500e-02	7.6730	-3.131138	0.000726	7.255218	2.458134	0.058254
 193	9.6000e-02	7.7244	-3.422406	-0.000726	-7.255218	-2.458134	-0.058254
 194	9.6500e-02	7.7372	-2.912686	0.001270	12.696632	4.301735	0.101944
 195	9.7000e-02	7.7918	-2.402966	0.001270	12.696632	4.301735	0.101944
 196	9.7500e-02	7.8720	-2.730643	-0.000816	-8.162120	-2.765401	-0.065535
 197	9.8000e-02	7.8768	-2.621418	0.000272	2.720707	0.921800	0.021845
 198	9.8500e-02	7.9041	-2.512192	0.000272	2.720707	0.921800	0.021845
 199	9.9000e-02	7.9410	-2.475783	0.000091	0.906902	0.307267	0.007282
 200	9.9500e-02	7.9939	-2.293740	0.000453	4.534511	1.536334	0.036409
 201	1.0000e-01	8.0292	-2.038880	0.000635	6.348316	2.150868	0.050972
 202	1.0050e-01	8.0821	-2.038880	0.000000	0.000000	0.000000	0.000000
 203	1.0100e-01	8.1222	-1.856837	0.000453	4.534511	1.536334	0.036409
 204	1.0150e-01	8.1720	-1.747612	0.000272	2.720707	0.921800	0.021845
 205	1.0200e-01	8.1992	-1.966063	-0.000544	-5.441414	-1.843601	-0.043690
 206	1.0250e-01	8.2425	-1.347117	0.001542	15.417339	5.223536	0.123789
 207	1.0300e-01	8.2875	-1.165074	0.000453	4.534511	1.536334	0.036409
 208	1.0350e-01	8.3276	-1.565569	-0.000998	-9.975925	-3.379935	-0.080099
 209	1.0400e-01	8.3532	-1.128666	0.001088	10.882827	3.687202	0.087381
 210	1.0450e-01	8.4110	-1.092257	0.000091	0.906902	0.307267	0.007282
 211	1.0500e-01	8.4399	-0.946623	0.000363	3.627609	1.229067	0.029127
 212	1.0550e-01	8.4912	-0.691763	0.000635	6.348316	2.150868	0.050972
 213	1.0600e-01	8.5233	-0.618946	0.000181	1.813805	0.614534	0.014563
 214	1.0650e-01	8.5634	-0.728172	-0.000272	-2.720707	-0.921800	-0.021845
 215	1.0700e-01	8.5859	-0.691763	0.000091	0.906902	0.307267	0.007282
 216	1.0750e-01	8.6324	-0.436903	0.000635	6.348316	2.150868	0.050972
 217	1.0800e-01	8.6757	-0.218451	0.000544	5.441414	1.843601	0.043690
 218	1.0850e-01	8.7350	-0.364086	-0.000363	-3.627609	-1.229067	-0.029127
 219	1.0900e-01	8.7543	-0.254860	0.000272	2.720707	0.921800	0.021845
 220	1.0950e-01	8.7912	0.145634	0.000998	9.975925	3.379935	0.080099
 221	1.1000e-01	8.8570	0.109226	-0.000091	-0.906902	-0.307267	-0.007282
 222	1.1050e-01	8.8858	0.218451	0.000272	2.720707	0.921800	0.021845
 223	1.1100e-01	8.9035	0.509720	0.000726	7.255218	2.458134	0.058254
 224	1.1150e-01	8.9468	0.655354	0.000363	3.627609	1.229067	0.029127
 225	1.1200e-01	9.0014	0.728172	0.000181	1.813805	0.614534	0.014563
 226	1.1250e-01	9.0527	0.582537	-0.000363	-3.627609	-1.229067	-0.029127
 227	1.1300e-01	9.0848	1.456343	0.002177	21.765654	7.374403	0.174761
 228	1.1350e-01	9.1120	0.764580	-0.001723	-17.231143	-5.838069	-0.138353
 229	1.1400e-01	9.1570	0.910214	0.000363	3.627609	1.229067	0.029127
 230	1.1450e-01	9.1955	1.456343	0.001360	13.603534	4.609002	0.109226
 231	1.1500e-01	9.2564	1.492752	0.000091	0.906902	0.307267	0.007282
 232	1.1550e-01	9.2965	1.237892	-0.000635	-6.348316	-2.150868	-0.050972
 233	1.1600e-01	9.3222	1.565569	0.000816	8.162120	2.765401	0.065535
 234	1.1650e-01	9.3511	1.966063	0.000998	9.975925	3.379935	0.080099
 235	1.1700e-01	9.4024	1.966063	0.000000	0.000000	0.000000	0.000000
 236	1.1750e-01	9.4521	1.856837	-0.000272	-2.720707	-0.921800	-0.021845
 237	1.1800e-01	9.4762	2.148106	0.000726	7.255218	2.458134	0.058254
 238	1.1850e-01	9.5163	2.257332	0.000272	2.720707	0.921800	0.021845
 239	1.1900e-01	9.5564	2.038880	-0.000544	-5.441414	-1.843601	-0.043690
 240	1.1950e-01	9.5949	2.803460	0.001904	19.044948	6.452603	0.152916
 241	1.2000e-01	9.6463	2.475783	-0.000816	-8.162120	-2.765401	-0.065535
 242	1.2050e-01	9.6703	2.548600	0.000181	1.813805	0.614534	0.014563
 243	1.2100e-01	9.7217	2.657826	0.000272	2.720707	0.921800	0.021845
 244	1.2150e-01	9.7634	3.058320	0.000998	9.975925	3.379935	0.080099
 245	1.2200e-01	9.8083	3.240363	0.000453	4.534511	1.536334	0.036409
 246	1.2250e-01	9.8404	3.385998	0.000363	3.627609	1.229067	0.029127
 247	1.2300e-01	9.8773	3.458815	0.000181	1.813805	0.614534	0.014563
 248	1.2350e-01	9.9061	3.495223	0.000091	0.906902	0.307267	0.007282
 249	1.2400e-01	9.9591	3.385998	-0.000272	-2.720707	-0.921800	-0.021845
 250	1.2450e-01	9.9863	3.895718	0.001270	12.696632	4.301735	0.101944
 251	1.2500e-01	10.0425	3.568041	-0.000816	-8.162120	-2.765401	-0.065535
 252	1.2550e-01	10.1002	3.750083	0.000453	4.534511	1.536334	0.036409
 253	1.2600e-01	10.1179	4.186986	0.001088	10.882827	3.687202	0.087381
 254	1.2650e-01	10.1548	4.186986	0.000000	0.000000	0.000000	0.000000
 255	1.2700e-01	10.1773	4.114169	-0.000181	-1.813805	-0.614534	-0.014563
 256	1.2750e-01	10.2398	4.514664	0.000998	9.975925	3.379935	0.080099
 257	1.2800e-01	10.2783	4.150578	-0.000907	-9.069023	-3.072668	-0.072817
 258	1.2850e-01	10.3024	4.951566	0.001995	19.951850	6.759870	0.160198
 259	1.2900e-01	10.3585	4.951566	0.000000	0.000000	0.000000	0.000000
 260	1.2950e-01	10.3794	4.769524	-0.000453	-4.534511	-1.536334	-0.036409
 261	1.3000e-01	10.4291	4.915158	0.000363	3.627609	1.229067	0.029127
 262	1.3050e-01	10.4692	4.987975	0.000181	1.813805	0.614534	0.014563
 263	1.3100e-01	10.5254	4.987975	0.000000	0.000000	0.000000	0.000000
 264	1.3150e-01	10.5398	5.570512	0.001451	14.510436	4.916269	0.116507
 265	1.3200e-01	10.6056	5.570512	0.000000	0.000000	0.000000	0.000000
 266	1.3250e-01	10.6521	5.497695	-0.000181	-1.813805	-0.614534	-0.014563
 267	1.3300e-01	10.6810	5.643329	0.000363	3.627609	1.229067	0.029127
 268	1.3350e-01	10.7307	5.570512	-0.000181	-1.813805	-0.614534	-0.014563
 269	1.3400e-01	10.7708	6.043824	0.001179	11.789729	3.994468	0.094662
 270	1.3450e-01	10.8045	5.861781	-0.000453	-4.534511	-1.536334	-0.036409
 271	1.3500e-01	10.8286	6.153050	0.000726	7.255218	2.458134	0.058254
 272	1.3550e-01	10.8943	6.043824	-0.000272	-2.720707	-0.921800	-0.021845
 273	1.3600e-01	10.9216	6.189458	0.000363	3.627609	1.229067	0.029127
 274	1.3650e-01	10.9489	6.480727	0.000726	7.255218	2.458134	0.058254
 275	1.3700e-01	10.9986	6.298684	-0.000453	-4.534511	-1.536334	-0.036409
 276	1.3750e-01	11.0371	6.917630	0.001542	15.417339	5.223536	0.123789
 277	1.3800e-01	11.1125	6.954038	0.000091	0.906902	0.307267	0.007282
 278	1.3850e-01	11.1093	6.553544	0.000998	9.975925	3.379935	-0.080099
 279	1.3900e-01	11.1526	6.735587	0.000453	4.534511	1.536334	0.036409
 280	1.3950e-01	11.1911	7.063264	0.000816	8.162120	2.765401	0.065535
 281	1.4000e-01	11.2328	7.099673	0.000091	0.906902	0.307267	0.007282
 282	1.4050e-01	11.2922	7.136081	0.000091	0.906902	0.307267	0.007282
 283	1.4100e-01	11.3259	7.427350	0.000726	7.255218	2.458134	0.058254
 284	1.4150e-01	11.3580	7.572984	0.000363	3.627609	1.229067	0.029127
 285	1.4200e-01	11.4125	7.463758	-0.000272	-2.720707	-0.921800	-0.021845
 286	1.4250e-01	11.4542	7.718618	0.000635	6.348316	2.150868	0.050972
 287	1.4300e-01	11.4719	7.791435	0.000181	1.813805	0.614534	0.014563
 288	1.4350e-01	11.5104	7.900661	0.000272	2.720707	0.921800	0.021845
 289	1.4400e-01	11.5457	8.046296	0.000363	3.627609	1.229067	0.029127
 290	1.4450e-01	11.5601	8.046296	0.000000	0.000000	0.000000	0.000000
 291	1.4500e-01	11.6291	8.301156	0.000635	6.348316	2.150868	0.050972
 292	1.4550e-01	11.6868	8.082704	-0.000544	-5.441414	-1.843601	-0.043690
 293	1.4600e-01	11.7189	8.191930	0.000272	2.720707	0.921800	0.021845
 294	1.4650e-01	11.7542	8.410381	0.000544	5.441414	1.843601	0.043690
 295	1.4700e-01	11.8055	8.556016	0.000363	3.627609	1.229067	0.029127
 296	1.4750e-01	11.8473	8.556016	0.000000	0.000000	0.000000	0.000000
 297	1.4800e-01	11.8890	8.992919	0.001088	10.882827	3.687202	0.087381
 298	1.4850e-01	11.9259	8.592424	-0.000998	-9.975925	-3.379935	-0.080099
 299	1.4900e-01	11.9531	9.284187	0.001723	17.231143	5.838069	0.138353
 300	1.4950e-01	11.9900	9.102144	-0.000453	-4.534511	-1.536334	-0.036409
 301	1.5000e-01	12.0269	9.575456	0.001179	11.789729	3.994468	0.094662
 302	1.5050e-01	12.0847	9.393413	-0.000453	-4.534511	-1.536334	-0.036409
 303	1.5100e-01	12.1168	9.429821	0.000091	0.906902	0.307267	0.007282
 304	1.5150e-01	12.1585	9.757499	0.000816	8.162120	2.765401	0.065535
 305	1.5200e-01	12.2002	9.466230	-0.000726	-7.255218	-2.458134	-0.058254
 306	1.5250e-01	12.2499	10.012359	0.001360	13.603534	4.609002	0.109226
 307	1.5300e-01	12.2612	10.121584	0.000272	2.720707	0.921800	0.021845
 308	1.5350e-01	12.3141	10.230810	0.000272	2.720707	0.921800	0.021845
 309	1.5400e-01	12.3590	10.048767	-0.000453	-4.534511	-1.536334	-0.036409
 310	1.5450e-01	12.4136	10.449262	0.000998	9.975925	3.379935	0.080099
 311	1.5500e-01	12.4200	10.449262	0.000000	0.000000	0.000000	0.000000
 312	1.5550e-01	12.4793	10.522079	0.000181	1.813805	0.614534	0.014563
 313	1.5600e-01	12.5082	10.631304	0.000272	2.720707	0.921800	0.021845
 314	1.5650e-01	12.5531	10.558487	-0.000181	-1.813805	-0.614534	-0.014563
 315	1.5700e-01	12.5772	10.958982	0.000998	9.975925	3.379935	0.080099
 316	1.5750e-01	12.6494	11.213842	0.000635	6.348316	2.150868	0.050972
 317	1.5800e-01	12.6686	10.922573	-0.000726	-7.255218	-2.458134	-0.058254
 318	1.5850e-01	12.7376	10.922573	0.000000	0.000000	0.000000	0.000000
 319	1.5900e-01	12.7504	11.541519	0.001542	15.417339	5.223536	0.123789
 320	1.5950e-01	12.8018	11.395885	-0.000363	-3.627609	-1.229067	-0.029127
 321	1.6000e-01	12.8162	11.141025	-0.000635	-6.348316	-2.150868	-0.050972
 322	1.6050e-01	12.8692	11.468702	0.000816	8.162120	2.765401	0.065535
 323	1.6100e-01	12.9157	11.505110	0.000091	0.906902	0.307267	0.007282
 324	1.6150e-01	12.9349	11.650745	0.000363	3.627609	1.229067	0.029127
 325	1.6200e-01	13.0071	11.832788	0.000453	4.534511	1.536334	0.036409
 326	1.6250e-01	13.0408	12.160465	0.000816	8.162120	2.765401	0.065535
 327	1.6300e-01	13.0777	12.124056	-0.000091	-0.906902	-0.307267	-0.007282
 328	1.6350e-01	13.1210	12.160465	0.000091	0.906902	0.307267	0.007282
 329	1.6400e-01	13.1788	12.087648	-0.000181	-1.813805	-0.614534	-0.014563
 330	1.6450e-01	13.2109	12.597368	0.001270	12.696632	4.301735	0.101944
 331	1.6500e-01	13.2125	12.269690	-0.000816	-8.162120	-2.765401	-0.065535
 332	1.6550e-01	13.2429	12.706593	0.001088	10.882827	3.687202	0.087381
 333	1.6600e-01	13.2911	12.560959	-0.000363	-3.627609	-1.229067	-0.029127
 334	1.6650e-01	13.3488	13.034271	0.001179	11.789729	3.994468	0.094662
 335	1.6700e-01	13.3793	12.815819	-0.000544	-5.441414	-1.843601	-0.043690
 336	1.6750e-01	13.4146	13.070679	0.000635	6.348316	2.150868	0.050972
 337	1.6800e-01	13.4707	12.961453	-0.000272	-2.720707	-0.921800	-0.021845
 338	1.6850e-01	13.5060	13.070679	0.000272	2.720707	0.921800	0.021845
 339	1.6900e-01	13.5365	13.252722	0.000453	4.534511	1.536334	0.036409
 340	1.6950e-01	13.5895	13.580399	0.000816	8.162120	2.765401	0.065535
 341	1.7000e-01	13.6440	13.507582	-0.000181	-1.813805	-0.614534	-0.014563
 342	1.7050e-01	13.6841	13.507582	0.000000	0.000000	0.000000	0.000000
 343	1.7100e-01	13.7018	13.762442	0.000635	6.348316	2.150868	0.050972
 344	1.7150e-01	13.7403	13.908076	0.000363	3.627609	1.229067	0.029127
 345	1.7200e-01	13.7852	13.944485	0.000091	0.906902	0.307267	0.007282
 346	1.7250e-01	13.8301	14.090119	0.000363	3.627609	1.229067	0.029127
 347	1.7300e-01	13.8638	14.308571	0.000544	5.441414	1.843601	0.043690
 348	1.7350e-01	13.9135	14.162936	-0.000363	-3.627609	-1.229067	-0.029127
 349	1.7400e-01	13.9552	13.798851	-0.000907	-9.069023	-3.072668	-0.072817
 350	1.7450e-01	14.0082	14.053711	0.000635	6.348316	2.150868	0.050972
 351	1.7500e-01	14.0483	14.818291	0.001904	19.044948	6.452603	0.152916
 352	1.7550e-01	14.0868	14.527022	-0.000726	-7.255218	-2.458134	-0.058254
 353	1.7600e-01	14.1285	14.818291	0.000726	7.255218	2.458134	0.058254
 354	1.7650e-01	14.1654	15.145968	0.000816	8.162120	2.765401	0.065535
 355	1.7700e-01	14.2055	14.891108	-0.000635	-6.348316	-2.150868	-0.050972
 356	1.7750e-01	14.2103	14.927517	0.000091	0.906902	0.307267	0.007282
 357	1.7800e-01	14.2857	15.291602	0.000907	9.069023	3.072668	0.072817
 358	1.7850e-01	14.3178	15.218785	-0.000181	-1.813805	-0.614534	-0.014563
 359	1.7900e-01	14.3467	15.255194	0.000091	0.906902	0.307267	0.007282
 360	1.7950e-01	14.3803	15.328011	0.000181	1.813805	0.614534	0.014563
 361	1.8000e-01	14.4301	15.582871	0.000635	6.348316	2.150868	0.050972
 362	1.8050e-01	14.4766	15.619280	0.000091	0.906902	0.307267	0.007282
 363	1.8100e-01	14.5087	15.910548	0.000726	7.255218	2.458134	0.058254
 364	1.8150e-01	14.5584	16.092591	0.000453	4.534511	1.536334	0.036409
 365	1.8200e-01	14.5953	15.910548	-0.000453	-4.534511	-1.536334	-0.036409
 366	1.8250e-01	14.6178	16.056182	0.000363	3.627609	1.229067	0.029127
 367	1.8300e-01	14.6675	16.129000	0.000181	1.813805	0.614534	0.014563
 368	1.8350e-01	14.7076	16.383860	0.000635	6.348316	2.150868	0.050972
 369	1.8400e-01	14.7413	16.857171	0.001179	11.789729	3.994468	0.094662
 370	1.8450e-01	14.7718	16.383860	-0.001179	-11.789729	-3.994468	-0.094662
 371	1.8500e-01	14.8375	16.420268	0.000091	0.906902	0.307267	0.007282
 372	1.8550e-01	14.8921	16.383860	-0.000091	-0.906902	-0.307267	-0.007282
 373	1.8600e-01	14.9258	16.820763	0.001088	10.882827	3.687202	0.087381
 374	1.8650e-01	14.9514	16.966397	0.000363	3.627609	1.229067	0.029127
 375	1.8700e-01	14.9755	16.820763	-0.000363	-3.627609	-1.229067	-0.029127
 376	1.8750e-01	15.0509	16.929988	0.000272	2.720707	0.921800	0.021845
 377	1.8800e-01	15.0734	17.112031	0.000453	4.534511	1.536334	0.036409
 378	1.8850e-01	15.1103	17.148440	0.000091	0.906902	0.307267	0.007282
 379	1.8900e-01	15.1407	17.403300	0.000635	6.348316	2.150868	0.050972
 380	1.8950e-01	15.1969	17.403300	0.000000	0.000000	0.000000	0.000000
 381	1.9000e-01	15.2242	17.767386	0.000907	9.069023	3.072668	0.072817
 382	1.9050e-01	15.2563	17.476117	-0.000726	-7.255218	-2.458134	-0.058254
 383	1.9100e-01	15.2948	17.694568	0.000544	5.441414	1.843601	0.043690
 384	1.9150e-01	15.3541	17.767386	0.000181	1.813805	0.614534	0.014563
 385	1.9200e-01	15.3958	17.876611	0.000272	2.720707	0.921800	0.021845
 386	1.9250e-01	15.4151	17.876611	0.000000	0.000000	0.000000	0.000000
 387	1.9300e-01	15.4728	18.422740	0.001360	13.603534	4.609002	0.109226
 388	1.9350e-01	15.5097	18.240697	-0.000453	-4.534511	-1.536334	-0.036409
 389	1.9400e-01	15.5595	18.641191	0.000998	9.975925	3.379935	0.080099
 390	1.9450e-01	15.6076	18.240697	-0.000998	-9.975925	-3.379935	-0.080099
 391	1.9500e-01	15.6060	18.786826	-0.001360	-13.603534	-4.609002	0.109226
 392	1.9550e-01	15.6653	18.786826	0.000000	0.000000	0.000000	0.000000
 393	1.9600e-01	15.7086	18.641191	-0.000363	-3.627609	-1.229067	-0.029127
 394	1.9650e-01	15.7471	18.859643	0.000544	5.441414	1.843601	0.043690
 395	1.9700e-01	15.7969	19.005277	0.000363	3.627609	1.229067	0.029127
 396	1.9750e-01	15.8482	19.005277	0.000000	0.000000	0.000000	0.000000
 397	1.9800e-01	15.8835	18.859643	-0.000363	-3.627609	-1.229067	-0.029127
 398	1.9850e-01	15.9172	19.223729	0.000907	9.069023	3.072668	0.072817
 399	1.9900e-01	15.9493	19.806266	0.001451	14.510436	4.916269	0.116507
 400	1.9950e-01	15.9910	19.369363	-0.001088	-10.882827	-3.687202	-0.087381
 401	2.0000e-01	16.0391	19.587814	0.000544	5.441414	1.843601	0.043690
 402	2.0050e-01	16.0696	19.514997	-0.000181	-1.813805	-0.614534	-0.014563
 403	2.0100e-01	16.0969	19.879083	0.000907	9.069023	3.072668	0.072817
 404	2.0150e-01	16.1434	19.697040	-0.000453	-4.534511	-1.536334	-0.036409
 405	2.0200e-01	16.1739	19.697040	0.000000	0.000000	0.000000	0.000000
 406	2.0250e-01	16.2348	19.951900	0.000635	6.348316	2.150868	0.050972
 407	2.0300e-01	16.2765	20.061126	0.000272	2.720707	0.921800	0.021845
 408	2.0350e-01	16.3279	20.206760	0.000363	3.627609	1.229067	0.029127
 409	2.0400e-01	16.3519	20.534437	0.000816	8.162120	2.765401	0.065535
 410	2.0450e-01	16.3953	20.024717	-0.001270	-12.696632	-4.301735	-0.101944
 411	2.0500e-01	16.4177	20.133943	0.000272	2.720707	0.921800	0.021845
 412	2.0550e-01	16.4835	20.607255	0.001179	11.789729	3.994468	0.094662
 413	2.0600e-01	16.5092	20.898523	0.000726	7.255218	2.458134	0.058254
 414	2.0650e-01	16.5541	20.752889	-0.000363	-3.627609	-1.229067	-0.029127
 415	2.0700e-01	16.5797	20.716480	-0.000091	-0.906902	-0.307267	-0.007282
 416	2.0750e-01	16.6295	20.971340	0.000635	6.348316	2.150868	0.050972
 417	2.0800e-01	16.6824	20.971340	0.000000	0.000000	0.000000	0.000000
 418	2.0850e-01	16.7097	21.226200	0.000635	6.348316	2.150868	0.050972
 419	2.0900e-01	16.7386	21.335426	0.000272	2.720707	0.921800	0.021845
 420	2.0950e-01	16.7755	21.335426	0.000000	0.000000	0.000000	0.000000
 421	2.1000e-01	16.8396	21.444652	0.000272	2.720707	0.921800	0.021845
 422	2.1050e-01	16.8605	21.735920	0.000726	7.255218	2.458134	0.058254
 423	2.1100e-01	16.8926	21.444652	-0.000726	-7.255218	-2.458134	-0.058254
 424	2.1150e-01	16.9616	21.917963	0.001179	11.789729	3.994468	0.094662
 425	2.1200e-01	16.9872	21.845146	-0.000181	-1.813805	-0.614534	-0.014563
 426	2.1250e-01	17.0370	21.917963	0.000181	1.813805	0.614534	0.014563
 427	2.1300e-01	17.0674	21.735920	-0.000453	-4.534511	-1.536334	-0.036409
 428	2.1350e-01	17.1236	22.027189	0.000726	7.255218	2.458134	0.058254
 429	2.1400e-01	17.1525	22.172823	0.000363	3.627609	1.229067	0.029127
 430	2.1450e-01	17.1765	22.209232	0.000091	0.906902	0.307267	0.007282
 431	2.1500e-01	17.2359	22.209232	0.000000	0.000000	0.000000	0.000000
 432	2.1550e-01	17.2664	22.646135	0.001088	10.882827	3.687202	0.087381
 433	2.1600e-01	17.3129	22.536909	-0.000272	-2.720707	-0.921800	-0.021845
 434	2.1650e-01	17.3546	22.500501	-0.000091	-0.906902	-0.307267	-0.007282
 435	2.1700e-01	17.3915	22.718952	0.000544	5.441414	1.843601	0.043690
 436	2.1750e-01	17.4284	23.046629	0.000816	8.162120	2.765401	0.065535
 437	2.1800e-01	17.4797	22.536909	-0.001270	-12.696632	-4.301735	-0.101944
 438	2.1850e-01	17.5262	23.046629	0.001270	12.696632	4.301735	0.101944
 439	2.1900e-01	17.5471	22.864586	-0.000453	-4.534511	-1.536334	-0.036409
 440	2.1950e-01	17.5872	23.155855	0.000726	7.255218	2.458134	0.058254
 441	2.2000e-01	17.6161	23.301489	0.000363	3.627609	1.229067	0.029127
 442	2.2050e-01	17.6883	23.155855	-0.000363	-3.627609	-1.229067	-0.029127
 443	2.2100e-01	17.7139	23.447124	0.000726	7.255218	2.458134	0.058254
 444	2.2150e-01	17.7444	23.301489	-0.000363	-3.627609	-1.229067	-0.029127
 445	2.2200e-01	17.7765	23.665575	0.000907	9.069023	3.072668	0.072817
 446	2.2250e-01	17.8310	23.811209	0.000363	3.627609	1.229067	0.029127
 447	2.2300e-01	17.8760	23.592758	-0.000544	-5.441414	-1.843601	-0.043690
 448	2.2350e-01	17.9225	23.811209	0.000544	5.441414	1.843601	0.043690
 449	2.2400e-01	17.9225	24.138887	-0.000816	-8.162120	-2.765401	0.065535
 450	2.2450e-01	17.9995	24.175295	0.000091	0.906902	0.307267	0.007282
 451	2.2500e-01	18.0364	24.211704	0.000091	0.906902	0.307267	0.007282
 452	2.2550e-01	18.0492	24.102478	-0.000272	-2.720707	-0.921800	-0.021845
 453	2.2600e-01	18.1246	24.248112	0.000363	3.627609	1.229067	0.029127
 454	2.2650e-01	18.1391	24.648607	0.000998	9.975925	3.379935	0.080099
 455	2.2700e-01	18.1952	24.757832	0.000272	2.720707	0.921800	0.021845
 456	2.2750e-01	18.2321	24.357338	-0.000998	-9.975925	-3.379935	-0.080099
 457	2.2800e-01	18.2610	24.685015	0.000816	8.162120	2.765401	0.065535
 458	2.2850e-01	18.3252	24.575789	-0.000272	-2.720707	-0.921800	-0.021845
 459	2.2900e-01	18.3524	24.794241	0.000544	5.441414	1.843601	0.043690
 460	2.2950e-01	18.3925	25.158327	0.000907	9.069023	3.072668	0.072817
 461	2.3000e-01	18.4407	24.867058	-0.000726	-7.255218	-2.458134	-0.058254
 462	2.3050e-01	18.4968	25.267552	0.000998	9.975925	3.379935	0.080099
 463	2.3100e-01	18.5080	25.267552	0.000000	0.000000	0.000000	0.000000
 464	2.3150e-01	18.5546	25.267552	0.000000	0.000000	0.000000	0.000000
 465	2.3200e-01	18.5706	25.740864	0.001179	11.789729	3.994468	0.094662
 466	2.3250e-01	18.6267	25.631638	-0.000272	-2.720707	-0.921800	-0.021845
 467	2.3300e-01	18.6669	25.194735	-0.001088	-10.882827	-3.687202	-0.087381
 468	2.3350e-01	18.7166	25.813681	0.001542	15.417339	5.223536	0.123789
 469	2.3400e-01	18.7439	25.704455	-0.000272	-2.720707	-0.921800	-0.021845
 470	2.3450e-01	18.7920	25.922907	0.000544	5.441414	1.843601	0.043690
 471	2.3500e-01	18.8241	26.032133	0.000272	2.720707	0.921800	0.021845
 472	2.3550e-01	18.8850	25.922907	-0.000272	-2.720707	-0.921800	-0.021845
 473	2.3600e-01	18.9075	26.104950	0.000453	4.534511	1.536334	0.036409
 474	2.3650e-01	18.9508	26.323401	0.000544	5.441414	1.843601	0.043690
 475	2.3700e-01	18.9909	26.032133	-0.000726	-7.255218	-2.458134	-0.058254
 476	2.3750e-01	19.0438	26.796713	0.001904	19.044948	6.452603	0.152916
 477	2.3800e-01	19.0631	26.469035	-0.000816	-8.162120	-2.765401	-0.065535
 478	2.3850e-01	19.1064	26.469035	0.000000	0.000000	0.000000	0.000000
 479	2.3900e-01	19.1337	26.541853	0.000181	1.813805	0.614534	0.014563
 480	2.3950e-01	19.1995	26.469035	-0.000181	-1.813805	-0.614534	-0.014563
 481	2.4000e-01	19.2283	26.942347	0.001179	11.789729	3.994468	0.094662
 482	2.4050e-01	19.2781	26.833121	-0.000272	-2.720707	-0.921800	-0.021845
 483	2.4100e-01	19.3118	26.869530	0.000091	0.906902	0.307267	0.007282
 484	2.4150e-01	19.3454	26.833121	-0.000091	-0.906902	-0.307267	-0.007282
 485	2.4200e-01	19.3855	27.160798	0.000816	8.162120	2.765401	0.065535
 486	2.4250e-01	19.4112	27.233616	0.000181	1.813805	0.614534	0.014563
 487	2.4300e-01	19.4722	27.306433	0.000181	1.813805	0.614534	0.014563
 488	2.4350e-01	19.5075	27.233616	-0.000181	-1.813805	-0.614534	-0.014563
 489	2.4400e-01	19.5460	27.670518	0.001088	10.882827	3.687202	0.087381
 490	2.4450e-01	19.5909	27.524884	-0.000363	-3.627609	-1.229067	-0.029127
 491	2.4500e-01	19.6134	27.670518	0.000363	3.627609	1.229067	0.029127
 492	2.4550e-01	19.6631	27.743336	0.000181	1.813805	0.614534	0.014563
 493	2.4600e-01	19.6952	27.779744	0.000091	0.906902	0.307267	0.007282
 494	2.4650e-01	19.7561	28.071013	0.000726	7.255218	2.458134	0.058254
 495	2.4700e-01	19.7834	28.216647	0.000363	3.627609	1.229067	0.029127
 496	2.4750e-01	19.8010	28.180239	-0.000091	-0.906902	-0.307267	-0.007282
 497	2.4800e-01	19.8716	27.888970	-0.000726	-7.255218	-2.458134	-0.058254
 498	2.4850e-01	19.9182	28.180239	0.000726	7.255218	2.458134	0.058254
 499	2.4900e-01	19.9470	28.689959	0.001270	12.696632	4.301735	0.101944
 500	2.4950e-01	19.9775	28.398690	-0.000726	-7.255218	-2.458134	-0.058254
 501	2.5000e-01	20.0337	28.653550	0.000635	6.348316	2.150868	0.050972
 502	2.5050e-01	19.9807	28.253056	0.000998	9.975925	3.379935	-0.080099
 503	2.5100e-01	19.9551	27.925379	0.000816	8.162120	2.765401	-0.065535
 504	2.5150e-01	19.9085	28.216647	-0.000726	-7.255218	-2.458134	0.058254
 505	2.5200e-01	19.8636	28.253056	-0.000091	-0.906902	-0.307267	0.007282
 506	2.5250e-01	19.8219	27.961787	0.000726	7.255218	2.458134	-0.058254
 507	2.5300e-01	19.7946	28.107421	-0.000363	-3.627609	-1.229067	0.029127
 508	2.5350e-01	19.7321	27.925379	0.000453	4.534511	1.536334	-0.036409
 509	2.5400e-01	19.7080	27.743336	0.000453	4.534511	1.536334	-0.036409
 510	2.5450e-01	19.6535	27.670518	0.000181	1.813805	0.614534	-0.014563
 511	2.5500e-01	19.6182	27.888970	-0.000544	-5.441414	-1.843601	0.043690
 512	2.5550e-01	19.5845	27.706927	0.000453	4.534511	1.536334	-0.036409
 513	2.5600e-01	19.5283	27.306433	0.000998	9.975925	3.379935	-0.080099
 514	2.5650e-01	19.5059	27.488476	-0.000453	-4.534511	-1.536334	0.036409
 515	2.5700e-01	19.4674	26.978756	0.001270	12.696632	4.301735	-0.101944
 516	2.5750e-01	19.4208	27.306433	-0.000816	-8.162120	-2.765401	0.065535
 517	2.5800e-01	19.4224	27.415658	0.000272	2.720707	0.921800	0.021845
 518	2.5850e-01	19.3358	27.087981	0.000816	8.162120	2.765401	-0.065535
 519	2.5900e-01	19.3053	27.087981	-0.000000	-0.000000	-0.000000	0.000000
 520	2.5950e-01	19.2652	27.124390	-0.000091	-0.906902	-0.307267	0.007282
 521	2.6000e-01	19.2251	26.469035	0.001632	16.324241	5.530803	-0.131071
 522	2.6050e-01	19.1722	26.833121	-0.000907	-9.069023	-3.072668	0.072817
 523	2.6100e-01	19.1642	26.469035	0.000907	9.069023	3.072668	-0.072817
 524	2.6150e-01	19.1064	26.723895	-0.000635	-6.348316	-2.150868	0.050972
 525	2.6200e-01	19.0455	26.687487	0.000091	0.906902	0.307267	-0.007282
 526	2.6250e-01	19.0246	26.359810	0.000816	8.162120	2.765401	-0.065535
 527	2.6300e-01	18.9941	26.578261	-0.000544	-5.441414	-1.843601	0.043690
 528	2.6350e-01	18.9540	26.578261	-0.000000	-0.000000	-0.000000	0.000000
 529	2.6400e-01	18.9219	26.396218	0.000453	4.534511	1.536334	-0.036409
 530	2.6450e-01	18.8594	26.214175	0.000453	4.534511	1.536334	-0.036409
 531	2.6500e-01	18.8321	25.886498	0.000816	8.162120	2.765401	-0.065535
 532	2.6550e-01	18.7759	25.995724	-0.000272	-2.720707	-0.921800	0.021845
 533	2.6600e-01	18.7358	25.740864	0.000635	6.348316	2.150868	-0.050972
 534	2.6650e-01	18.7021	25.595230	0.000363	3.627609	1.229067	-0.029127
 535	2.6700e-01	18.6572	25.777272	-0.000453	-4.534511	-1.536334	0.036409
 536	2.6750e-01	18.6203	25.959315	-0.000453	-4.534511	-1.536334	0.036409
 537	2.6800e-01	18.5834	25.668047	0.000726	7.255218	2.458134	-0.058254
 538	2.6850e-01	18.5562	25.777272	-0.000272	-2.720707	-0.921800	0.021845
 539	2.6900e-01	18.5000	25.413187	0.000907	9.069023	3.072668	-0.072817
 540	2.6950e-01	18.4631	25.668047	-0.000635	-6.348316	-2.150868	0.050972
 541	2.7000e-01	18.4198	25.231144	0.001088	10.882827	3.687202	-0.087381
 542	2.7050e-01	18.3733	25.449595	-0.000544	-5.441414	-1.843601	0.043690
 543	2.7100e-01	18.3460	25.194735	0.000635	6.348316	2.150868	-0.050972
 544	2.7150e-01	18.2963	25.158327	0.000091	0.906902	0.307267	-0.007282
 545	2.7200e-01	18.2578	25.121918	0.000091	0.906902	0.307267	-0.007282
 546	2.7250e-01	18.2273	24.976284	0.000363	3.627609	1.229067	-0.029127
 547	2.7300e-01	18.1744	24.939875	0.000091	0.906902	0.307267	-0.007282
 548	2.7350e-01	18.1551	24.757832	0.000453	4.534511	1.536334	-0.036409
 549	2.7400e-01	18.0957	24.939875	-0.000453	-4.534511	-1.536334	0.036409
 550	2.7450e-01	18.0460	24.867058	0.000181	1.813805	0.614534	-0.014563
 551	2.7500e-01	18.0332	24.357338	0.001270	12.696632	4.301735	-0.101944
 552	2.7550e-01	17.9931	24.066069	0.000726	7.255218	2.458134	-0.058254
 553	2.7600e-01	17.9289	24.284521	-0.000544	-5.441414	-1.843601	0.043690
 554	2.7650e-01	17.8888	24.357338	-0.000181	-1.813805	-0.614534	0.014563
 555	2.7700e-01	17.8535	24.393747	-0.000091	-0.906902	-0.307267	0.007282
 556	2.7750e-01	17.8214	23.993252	0.000998	9.975925	3.379935	-0.080099
 557	2.7800e-01	17.7877	23.920435	0.000181	1.813805	0.614534	-0.014563
 558	2.7850e-01	17.7396	24.175295	-0.000635	-6.348316	-2.150868	0.050972
 559	2.7900e-01	17.7091	23.847618	0.000816	8.162120	2.765401	-0.065535
 560	2.7950e-01	17.6706	23.665575	0.000453	4.534511	1.536334	-0.036409
 561	2.8000e-01	17.6177	24.102478	-0.001088	-10.882827	-3.687202	0.087381
 562	2.8050e-01	17.5808	23.629166	0.001179	11.789729	3.994468	-0.094662
 563	2.8100e-01	17.5423	23.993252	-0.000907	-9.069023	-3.072668	0.072817
 564	2.8150e-01	17.5022	23.519941	0.001179	11.789729	3.994468	-0.094662
 565	2.8200e-01	17.4653	23.519941	-0.000000	-0.000000	-0.000000	0.000000
 566	2.8250e-01	17.4139	23.410715	0.000272	2.720707	0.921800	-0.021845
 567	2.8300e-01	17.3770	23.192264	0.000544	5.441414	1.843601	-0.043690
 568	2.8350e-01	17.3209	23.337898	-0.000363	-3.627609	-1.229067	0.029127
 569	2.8400e-01	17.3161	23.083038	0.000635	6.348316	2.150868	-0.050972
 570	2.8450e-01	17.2471	22.900995	0.000453	4.534511	1.536334	-0.036409
 571	2.8500e-01	17.2279	23.010221	-0.000272	-2.720707	-0.921800	0.021845
 572	2.8550e-01	17.1717	22.828178	0.000453	4.534511	1.536334	-0.036409
 573	2.8600e-01	17.1509	22.391275	0.001088	10.882827	3.687202	-0.087381
 574	2.8650e-01	17.1075	22.682543	-0.000726	-7.255218	-2.458134	0.058254
 575	2.8700e-01	17.0562	22.354866	0.000816	8.162120	2.765401	-0.065535
 576	2.8750e-01	17.0305	22.900995	-0.001360	-13.603534	-4.609002	0.109226
 577	2.8800e-01	17.0017	22.391275	0.001270	12.696632	4.301735	-0.101944
 578	2.8850e-01	16.9375	22.100006	0.000726	7.255218	2.458134	-0.058254
 579	2.8900e-01	16.8974	22.063598	0.000091	0.906902	0.307267	-0.007282
 580	2.8950e-01	16.8525	22.755361	-0.001723	-17.231143	-5.838069	0.138353
 581	2.9000e-01	16.8477	22.172823	0.001451	14.510436	4.916269	-0.116507
 582	2.9050e-01	16.7995	21.917963	0.000635	6.348316	2.150868	-0.050972
 583	2.9100e-01	16.7386	21.772329	0.000363	3.627609	1.229067	-0.029127
 584	2.9150e-01	16.7033	22.282049	-0.001270	-12.696632	-4.301735	0.101944
 585	2.9200e-01	16.6776	21.626695	0.001632	16.324241	5.530803	-0.131071
 586	2.9250e-01	16.6134	21.626695	-0.000000	-0.000000	-0.000000	0.000000
 587	2.9300e-01	16.5685	21.371835	0.000635	6.348316	2.150868	-0.050972
 588	2.9350e-01	16.5461	21.990780	-0.001542	-15.417339	-5.223536	0.123789
 589	2.9400e-01	16.4931	21.371835	0.001542	15.417339	5.223536	-0.123789
 590	2.9450e-01	16.4530	21.444652	-0.000181	-1.813805	-0.614534	0.014563
 591	2.9500e-01	16.4418	21.553878	-0.000272	-2.720707	-0.921800	0.021845
 592	2.9550e-01	16.3808	21.007749	0.001360	13.603534	4.609002	-0.109226
 593	2.9600e-01	16.3423	20.680072	0.000816	8.162120	2.765401	-0.065535
 594	2.9650e-01	16.2990	21.116975	-0.001088	-10.882827	-3.687202	0.087381
 595	2.9700e-01	16.2701	21.226200	-0.000272	-2.720707	-0.921800	0.021845
 596	2.9750e-01	16.2204	20.825706	0.000998	9.975925	3.379935	-0.080099
 597	2.9800e-01	16.2044	20.425212	0.000998	9.975925	3.379935	-0.080099
 598	2.9850e-01	16.1675	20.825706	-0.000998	-9.975925	-3.379935	0.080099
 599	2.9900e-01	16.1145	20.388803	0.001088	10.882827	3.687202	-0.087381
 600	2.9950e-01	16.0680	20.534437	-0.000363	-3.627609	-1.229067	0.029127
 601	3.0000e-01	16.0455	20.570846	-0.000091	-0.906902	-0.307267	0.007282
 602	3.0050e-01	15.9846	20.133943	0.001088	10.882827	3.687202	-0.087381
 603	3.0100e-01	15.9429	20.133943	-0.000000	-0.000000	-0.000000	0.000000
 604	3.0150e-01	15.9044	20.097534	0.000091	0.906902	0.307267	-0.007282
 605	3.0200e-01	15.8546	19.879083	0.000544	5.441414	1.843601	-0.043690
 606	3.0250e-01	15.8193	19.915492	-0.000091	-0.906902	-0.307267	0.007282
 607	3.0300e-01	15.8001	19.988309	-0.000181	-1.813805	-0.614534	0.014563
 608	3.0350e-01	15.7391	19.478589	0.001270	12.696632	4.301735	-0.101944
 609	3.0400e-01	15.7038	19.879083	-0.000998	-9.975925	-3.379935	0.080099
 610	3.0450e-01	15.6734	19.514997	0.000907	9.069023	3.072668	-0.072817
 611	3.0500e-01	15.6236	19.697040	-0.000453	-4.534511	-1.536334	0.036409
 612	3.0550e-01	15.5803	19.405772	0.000726	7.255218	2.458134	-0.058254
 613	3.0600e-01	15.5306	19.078094	0.000816	8.162120	2.765401	-0.065535
 614	3.0650e-01	15.4873	19.442180	-0.000907	-9.069023	-3.072668	0.072817
 615	3.0700e-01	15.4536	19.332954	0.000272	2.720707	0.921800	-0.021845
 616	3.0750e-01	15.4391	19.187320	0.000363	3.627609	1.229067	-0.029127
 617	3.0800e-01	15.3669	18.968869	0.000544	5.441414	1.843601	-0.043690
 618	3.0850e-01	15.3493	18.859643	0.000272	2.720707	0.921800	-0.021845
 619	3.0900e-01	15.3012	19.005277	-0.000363	-3.627609	-1.229067	0.029127
 620	3.0950e-01	15.2723	18.641191	0.000907	9.069023	3.072668	-0.072817
 621	3.1000e-01	15.2274	18.313514	0.000816	8.162120	2.765401	-0.065535
 622	3.1050e-01	15.2033	18.495557	-0.000453	-4.534511	-1.536334	0.036409
 623	3.1100e-01	15.1311	18.641191	-0.000363	-3.627609	-1.229067	0.029127
 624	3.1150e-01	15.0910	18.131471	0.001270	12.696632	4.301735	-0.101944
 625	3.1200e-01	15.0621	18.604783	-0.001179	-11.789729	-3.994468	0.094662
 626	3.1250e-01	15.0285	18.058654	0.001360	13.603534	4.609002	-0.109226
 627	3.1300e-01	14.9835	18.131471	-0.000181	-1.813805	-0.614534	0.014563
 628	3.1350e-01	14.9611	18.022246	0.000272	2.720707	0.921800	-0.021845
 629	3.1400e-01	14.8969	17.876611	0.000363	3.627609	1.229067	-0.029127
 630	3.1450e-01	14.8969	17.913020	-0.000091	-0.906902	-0.307267	0.007282
 631	3.1500e-01	14.8424	17.985837	-0.000181	-1.813805	-0.614534	0.014563
 632	3.1550e-01	14.8023	17.730977	0.000635	6.348316	2.150868	-0.050972
 633	3.1600e-01	14.7349	17.585343	0.000363	3.627609	1.229067	-0.029127
 634	3.1650e-01	14.6932	17.512526	0.000181	1.813805	0.614534	-0.014563
 635	3.1700e-01	14.6563	17.512526	-0.000000	-0.000000	-0.000000	0.000000
 636	3.1750e-01	14.6033	17.257665	0.000635	6.348316	2.150868	-0.050972
 637	3.1800e-01	14.5825	17.112031	0.000363	3.627609	1.229067	-0.029127
 638	3.1850e-01	14.5456	17.184848	-0.000181	-1.813805	-0.614534	0.014563
 639	3.1900e-01	14.4718	16.893580	0.000726	7.255218	2.458134	-0.058254
 640	3.1950e-01	14.4525	16.929988	-0.000091	-0.906902	-0.307267	0.007282
 641	3.2000e-01	14.4188	17.112031	-0.000453	-4.534511	-1.536334	0.036409
 642	3.2050e-01	14.3868	16.565903	0.001360	13.603534	4.609002	-0.109226
 643	3.2100e-01	14.3499	16.711537	-0.000363	-3.627609	-1.229067	0.029127
 644	3.2150e-01	14.2825	16.238225	0.001179	11.789729	3.994468	-0.094662
 645	3.2200e-01	14.2584	16.238225	-0.000000	-0.000000	-0.000000	0.000000
 646	3.2250e-01	14.2279	16.638720	-0.000998	-9.975925	-3.379935	0.080099
 647	3.2300e-01	14.1830	16.165408	0.001179	11.789729	3.994468	-0.094662
 648	3.2350e-01	14.1461	16.019774	0.000363	3.627609	1.229067	-0.029127
 649	3.2400e-01	14.1076	16.129000	-0.000272	-2.720707	-0.921800	0.021845
 650	3.2450e-01	14.0579	15.910548	0.000544	5.441414	1.843601	-0.043690
 651	3.2500e-01	14.0386	15.655688	0.000635	6.348316	2.150868	-0.050972
 652	3.2550e-01	13.9697	15.946957	-0.000726	-7.255218	-2.458134	0.058254
 653	3.2600e-01	13.9360	15.910548	0.000091	0.906902	0.307267	-0.007282
 654	3.2650e-01	13.8991	15.328011	0.001451	14.510436	4.916269	-0.116507
 655	3.2700e-01	13.8654	15.837731	-0.001270	-12.696632	-4.301735	0.101944
 656	3.2750e-01	13.8333	15.510054	0.000816	8.162120	2.765401	-0.065535
 657	3.2800e-01	13.7820	15.073151	0.001088	10.882827	3.687202	-0.087381
 658	3.2850e-01	13.7483	15.764914	-0.001723	-17.231143	-5.838069	0.138353
 659	3.2900e-01	13.6985	14.963925	0.001995	19.951850	6.759870	-0.160198
 660	3.2950e-01	13.6729	15.145968	-0.000453	-4.534511	-1.536334	0.036409
 661	3.3000e-01	13.6151	14.781882	0.000907	9.069023	3.072668	-0.072817
 662	3.3050e-01	13.5975	14.891108	-0.000272	-2.720707	-0.921800	0.021845
 663	3.3100e-01	13.5221	14.781882	0.000272	2.720707	0.921800	-0.021845
 664	3.3150e-01	13.4964	14.599839	0.000453	4.534511	1.536334	-0.036409
 665	3.3200e-01	13.4595	14.563431	0.000091	0.906902	0.307267	-0.007282
 666	3.3250e-01	13.3969	14.636248	-0.000181	-1.813805	-0.614534	0.014563
 667	3.3300e-01	13.3649	14.344979	0.000726	7.255218	2.458134	-0.058254
 668	3.3350e-01	13.3183	14.599839	-0.000635	-6.348316	-2.150868	0.050972
 669	3.3400e-01	13.2895	14.017302	0.001451	14.510436	4.916269	-0.116507
 670	3.3450e-01	13.2702	13.871668	0.000363	3.627609	1.229067	-0.029127
 671	3.3500e-01	13.2301	14.162936	-0.000726	-7.255218	-2.458134	0.058254
 672	3.3550e-01	13.1852	13.616808	0.001360	13.603534	4.609002	-0.109226
 673	3.3600e-01	13.1355	13.762442	-0.000363	-3.627609	-1.229067	0.029127
 674	3.3650e-01	13.0921	13.325539	0.001088	10.882827	3.687202	-0.087381
 675	3.3700e-01	13.0440	13.726034	-0.000998	-9.975925	-3.379935	0.080099
 676	3.3750e-01	13.0103	13.434765	0.000726	7.255218	2.458134	-0.058254
 677	3.3800e-01	12.9831	13.361948	0.000181	1.813805	0.614534	-0.014563
 678	3.3850e-01	12.9397	13.398356	-0.000091	-0.906902	-0.307267	0.007282
 679	3.3900e-01	12.9157	13.543991	-0.000363	-3.627609	-1.229067	0.029127
 680	3.3950e-01	12.8659	13.034271	0.001270	12.696632	4.301735	-0.101944
 681	3.4000e-01	12.8194	13.070679	-0.000091	-0.906902	-0.307267	0.007282
 682	3.4050e-01	12.7697	12.925045	0.000363	3.627609	1.229067	-0.029127
 683	3.4100e-01	12.7472	13.143496	-0.000544	-5.441414	-1.843601	0.043690
 684	3.4150e-01	12.6927	12.925045	0.000544	5.441414	1.843601	-0.043690
 685	3.4200e-01	12.6638	12.779411	0.000363	3.627609	1.229067	-0.029127
 686	3.4250e-01	12.6253	12.633776	0.000363	3.627609	1.229067	-0.029127
 687	3.4300e-01	12.5852	12.342508	0.000726	7.255218	2.458134	-0.058254
 688	3.4350e-01	12.5499	12.633776	-0.000726	-7.255218	-2.458134	0.058254
 689	3.4400e-01	12.5066	12.342508	0.000726	7.255218	2.458134	-0.058254
 690	3.4450e-01	12.4569	12.124056	0.000544	5.441414	1.843601	-0.043690
 691	3.4500e-01	12.4344	12.342508	-0.000544	-5.441414	-1.843601	0.043690
 692	3.4550e-01	12.3767	11.978422	0.000907	9.069023	3.072668	-0.072817
 693	3.4600e-01	12.3366	11.978422	-0.000000	-0.000000	-0.000000	0.000000
 694	3.4650e-01	12.3061	11.359476	0.001542	15.417339	5.223536	-0.123789
 695	3.4700e-01	12.2692	11.505110	-0.000363	-3.627609	-1.229067	0.029127
 696	3.4750e-01	12.2226	11.905605	-0.000998	-9.975925	-3.379935	0.080099
 697	3.4800e-01	12.1906	11.323067	0.001451	14.510436	4.916269	-0.116507
 698	3.4850e-01	12.1408	11.250250	0.000181	1.813805	0.614534	-0.014563
 699	3.4900e-01	12.1055	11.723562	-0.001179	-11.789729	-3.994468	0.094662
 700	3.4950e-01	12.0735	11.286659	0.001088	10.882827	3.687202	-0.087381
 701	3.5000e-01	12.0285	11.250250	0.000091	0.906902	0.307267	-0.007282
 702	3.5050e-01	11.9708	10.886165	0.000907	9.069023	3.072668	-0.072817
 703	3.5100e-01	11.9483	10.631304	0.000635	6.348316	2.150868	-0.050972
 704	3.5150e-01	11.8954	10.776939	-0.000363	-3.627609	-1.229067	0.029127
 705	3.5200e-01	11.8665	10.631304	0.000363	3.627609	1.229067	-0.029127
 706	3.5250e-01	11.8360	10.958982	-0.000816	-8.162120	-2.765401	0.065535
 707	3.5300e-01	11.7927	10.012359	0.002358	23.579459	7.988937	-0.189325
 708	3.5350e-01	11.7526	10.558487	-0.001360	-13.603534	-4.609002	0.109226
 709	3.5400e-01	11.6933	10.121584	0.001088	10.882827	3.687202	-0.087381
 710	3.5450e-01	11.6483	10.121584	-0.000000	-0.000000	-0.000000	0.000000
 711	3.5500e-01	11.6195	10.085176	0.000091	0.906902	0.307267	-0.007282
 712	3.5550e-01	11.5858	9.975950	0.000272	2.720707	0.921800	-0.021845
 713	3.5600e-01	11.5505	9.793907	0.000453	4.534511	1.536334	-0.036409
 714	3.5650e-01	11.5216	10.012359	-0.000544	-5.441414	-1.843601	0.043690
 715	3.5700e-01	11.4606	9.611864	0.000998	9.975925	3.379935	-0.080099
 716	3.5750e-01	11.4318	9.539047	0.000181	1.813805	0.614534	-0.014563
 717	3.5800e-01	11.3981	9.393413	0.000363	3.627609	1.229067	-0.029127
 718	3.5850e-01	11.3499	9.284187	0.000272	2.720707	0.921800	-0.021845
 719	3.5900e-01	11.3018	9.502639	-0.000544	-5.441414	-1.843601	0.043690
 720	3.5950e-01	11.2585	9.648273	-0.000363	-3.627609	-1.229067	0.029127
 721	3.6000e-01	11.2232	8.738058	0.002267	22.672557	7.681670	-0.182043
 722	3.6050e-01	11.1815	8.956510	-0.000544	-5.441414	-1.843601	0.043690
 723	3.6100e-01	11.1606	8.774467	0.000453	4.534511	1.536334	-0.036409
 724	3.6150e-01	11.0756	8.738058	0.000091	0.906902	0.307267	-0.007282
 725	3.6200e-01	11.0612	8.810876	-0.000181	-1.813805	-0.614534	0.014563
 726	3.6250e-01	11.0131	8.337564	0.001179	11.789729	3.994468	-0.094662
 727	3.6300e-01	10.9697	8.592424	-0.000635	-6.348316	-2.150868	0.050972
 728	3.6350e-01	10.9713	8.519607	-0.000181	-1.813805	-0.614534	-0.014563
 729	3.6400e-01	10.9264	8.337564	0.000453	4.534511	1.536334	-0.036409
 730	3.6450e-01	10.8655	8.301156	0.000091	0.906902	0.307267	-0.007282
 731	3.6500e-01	10.8189	8.119113	0.000453	4.534511	1.536334	-0.036409
 732	3.6550e-01	10.7788	7.937070	0.000453	4.534511	1.536334	-0.036409
 733	3.6600e-01	10.7339	7.864253	0.000181	1.813805	0.614534	-0.014563
 734	3.6650e-01	10.7275	8.264747	-0.000998	-9.975925	-3.379935	0.080099
 735	3.6700e-01	10.6649	7.427350	0.002086	20.858752	7.067137	-0.167479
 736	3.6750e-01	10.6072	8.119113	-0.001723	-17.231143	-5.838069	0.138353
 737	3.6800e-01	10.5767	6.990447	0.002811	28.113970	9.525271	-0.225733
 738	3.6850e-01	10.5542	7.427350	-0.001088	-10.882827	-3.687202	0.087381
 739	3.6900e-01	10.4981	7.063264	0.000907	9.069023	3.072668	-0.072817
 740	3.6950e-01	10.4468	7.354533	-0.000726	-7.255218	-2.458134	0.058254
 741	3.7000e-01	10.4339	6.626361	0.001814	18.138045	6.145336	-0.145634
 742	3.7050e-01	10.3682	6.954038	-0.000816	-8.162120	-2.765401	0.065535
 743	3.7100e-01	10.3425	6.480727	0.001179	11.789729	3.994468	-0.094662
 744	3.7150e-01	10.3040	6.771995	-0.000726	-7.255218	-2.458134	0.058254
 745	3.7200e-01	10.2543	6.699178	0.000181	1.813805	0.614534	-0.014563
 746	3.7250e-01	10.2254	6.407910	0.000726	7.255218	2.458134	-0.058254
 747	3.7300e-01	10.1756	6.335092	0.000181	1.813805	0.614534	-0.014563
 748	3.7350e-01	10.1436	6.298684	0.000091	0.906902	0.307267	-0.007282
 749	3.7400e-01	10.1035	6.189458	0.000272	2.720707	0.921800	-0.021845
 750	3.7450e-01	10.0553	5.971007	0.000544	5.441414	1.843601	-0.043690
 751	3.7500e-01	10.0152	5.898189	0.000181	1.813805	0.614534	-0.014563
 752	3.7550e-01	9.9767	5.825372	0.000181	1.813805	0.614534	-0.014563
 753	3.7600e-01	9.9495	5.898189	-0.000181	-1.813805	-0.614534	0.014563
 754	3.7650e-01	9.8933	5.606921	0.000726	7.255218	2.458134	-0.058254
 755	3.7700e-01	9.8532	5.534104	0.000181	1.813805	0.614534	-0.014563
 756	3.7750e-01	9.8035	5.424878	0.000272	2.720707	0.921800	-0.021845
 757	3.7800e-01	9.7954	5.424878	-0.000000	-0.000000	-0.000000	0.000000
 758	3.7850e-01	9.7585	5.388469	0.000091	0.906902	0.307267	-0.007282
 759	3.7900e-01	9.7152	5.024384	0.000907	9.069023	3.072668	-0.072817
 760	3.7950e-01	9.6928	5.388469	-0.000907	-9.069023	-3.072668	0.072817
 761	3.8000e-01	9.6238	4.915158	0.001179	11.789729	3.994468	-0.094662
 762	3.8050e-01	9.5869	4.769524	0.000363	3.627609	1.229067	-0.029127
 763	3.8100e-01	9.5356	4.951566	-0.000453	-4.534511	-1.536334	0.036409
 764	3.8150e-01	9.5099	4.769524	0.000453	4.534511	1.536334	-0.036409
 765	3.8200e-01	9.4618	4.587481	0.000453	4.534511	1.536334	-0.036409
 766	3.8250e-01	9.4136	4.660298	-0.000181	-1.813805	-0.614534	0.014563
 767	3.8300e-01	9.3848	3.932126	0.001814	18.138045	6.145336	-0.145634
 768	3.8350e-01	9.3270	4.186986	-0.000635	-6.348316	-2.150868	0.050972
 769	3.8400e-01	9.2917	4.150578	0.000091	0.906902	0.307267	-0.007282
 770	3.8450e-01	9.2660	4.150578	-0.000000	-0.000000	-0.000000	0.000000
 771	3.8500e-01	9.2195	3.968535	0.000453	4.534511	1.536334	-0.036409
 772	3.8550e-01	9.1698	3.385998	0.001451	14.510436	4.916269	-0.116507
 773	3.8600e-01	9.1201	3.750083	-0.000907	-9.069023	-3.072668	0.072817
 774	3.8650e-01	9.0992	3.786492	-0.000091	-0.906902	-0.307267	0.007282
 775	3.8700e-01	9.0655	3.495223	0.000726	7.255218	2.458134	-0.058254
 776	3.8750e-01	9.0350	3.203955	0.000726	7.255218	2.458134	-0.058254
 777	3.8800e-01	8.9981	3.385998	-0.000453	-4.534511	-1.536334	0.036409
 778	3.8850e-01	8.9548	3.167546	0.000544	5.441414	1.843601	-0.043690
 779	3.8900e-01	8.9324	2.803460	0.000907	9.069023	3.072668	-0.072817
 780	3.8950e-01	8.8682	2.985503	-0.000453	-4.534511	-1.536334	0.036409
 781	3.9000e-01	8.8233	2.585009	0.000998	9.975925	3.379935	-0.080099
 782	3.9050e-01	8.7832	2.402966	0.000453	4.534511	1.536334	-0.036409
 783	3.9100e-01	8.7238	2.475783	-0.000181	-1.813805	-0.614534	0.014563
 784	3.9150e-01	8.6949	2.694235	-0.000544	-5.441414	-1.843601	0.043690
 785	3.9200e-01	8.6580	1.820429	0.002177	21.765654	7.374403	-0.174761
 786	3.9250e-01	8.6179	2.585009	-0.001904	-19.044948	-6.452603	0.152916
 787	3.9300e-01	8.5826	1.929655	0.001632	16.324241	5.530803	-0.131071
 788	3.9350e-01	8.5602	1.966063	-0.000091	-0.906902	-0.307267	0.007282
 789	3.9400e-01	8.4960	1.929655	0.000091	0.906902	0.307267	-0.007282
 790	3.9450e-01	8.4527	1.674795	0.000635	6.348316	2.150868	-0.050972
 791	3.9500e-01	8.4078	1.565569	0.000272	2.720707	0.921800	-0.021845
 792	3.9550e-01	8.3853	1.529160	0.000091	0.906902	0.307267	-0.007282
 793	3.9600e-01	8.3388	1.456343	0.000181	1.813805	0.614534	-0.014563
 794	3.9650e-01	8.3212	1.383526	0.000181	1.813805	0.614534	-0.014563
 795	3.9700e-01	8.2923	1.019440	0.000907	9.069023	3.072668	-0.072817
 796	3.9750e-01	8.2265	0.873806	0.000363	3.627609	1.229067	-0.029127
 797	3.9800e-01	8.1960	0.983032	-0.000272	-2.720707	-0.921800	0.021845
 798	3.9850e-01	8.1511	0.546129	0.001088	10.882827	3.687202	-0.087381
 799	3.9900e-01	8.1142	0.291269	0.000635	6.348316	2.150868	-0.050972
 800	3.9950e-01	8.0950	0.691763	-0.000998	-9.975925	-3.379935	0.080099
 801	4.0000e-01	8.0436	0.655354	0.000091	0.906902	0.307267	-0.007282
 802	4.0050e-01	7.9778	0.218451	0.001088	10.882827	3.687202	-0.087381
 803	4.0100e-01	7.9442	0.254860	-0.000091	-0.906902	-0.307267	0.007282
 804	4.0150e-01	7.8992	-0.145634	0.000998	9.975925	3.379935	-0.080099
 805	4.0200e-01	7.8704	-0.182043	0.000091	0.906902	0.307267	-0.007282
 806	4.0250e-01	7.8110	-0.036409	-0.000363	-3.627609	-1.229067	0.029127
 807	4.0300e-01	7.8094	-0.145634	0.000272	2.720707	0.921800	-0.021845
 808	4.0350e-01	7.7517	-0.145634	-0.000000	-0.000000	-0.000000	0.000000
 809	4.0400e-01	7.7051	-0.436903	0.000726	7.255218	2.458134	-0.058254
 810	4.0450e-01	7.6763	-0.582537	0.000363	3.627609	1.229067	-0.029127
 811	4.0500e-01	7.6185	-0.546129	-0.000091	-0.906902	-0.307267	0.007282
 812	4.0550e-01	7.5752	-0.800989	0.000635	6.348316	2.150868	-0.050972
 813	4.0600e-01	7.5431	-0.618946	-0.000453	-4.534511	-1.536334	0.036409
 814	4.0650e-01	7.5142	-0.910214	0.000726	7.255218	2.458134	-0.058254
 815	4.0700e-01	7.4613	-1.383526	0.001179	11.789729	3.994468	-0.094662
 816	4.0750e-01	7.4260	-1.165074	-0.000544	-5.441414	-1.843601	0.043690
 817	4.0800e-01	7.3891	-1.201483	0.000091	0.906902	0.307267	-0.007282
 818	4.0850e-01	7.3297	-1.856837	0.001632	16.324241	5.530803	-0.131071
 819	4.0900e-01	7.3153	-1.274300	-0.001451	-14.510436	-4.916269	0.116507
 820	4.0950e-01	7.2816	-1.784020	0.001270	12.696632	4.301735	-0.101944
 821	4.1000e-01	7.2399	-1.565569	-0.000544	-5.441414	-1.843601	0.043690
 822	4.1050e-01	7.1854	-2.075289	0.001270	12.696632	4.301735	-0.101944
 823	4.1100e-01	7.1581	-2.330149	0.000635	6.348316	2.150868	-0.050972
 824	4.1150e-01	7.1019	-2.111697	-0.000544	-5.441414	-1.843601	0.043690
 825	4.1200e-01	7.0779	-2.512192	0.000998	9.975925	3.379935	-0.080099
 826	4.1250e-01	7.0362	-2.111697	-0.000998	-9.975925	-3.379935	0.080099
 827	4.1300e-01	6.9768	-2.657826	0.001360	13.603534	4.609002	-0.109226
 828	4.1350e-01	6.9463	-2.585009	-0.000181	-1.813805	-0.614534	0.014563
 829	4.1400e-01	6.9207	-2.730643	0.000363	3.627609	1.229067	-0.029127
 830	4.1450e-01	6.8565	-2.730643	-0.000000	-0.000000	-0.000000	0.000000
 831	4.1500e-01	6.8340	-2.876278	0.000363	3.627609	1.229067	-0.029127
 832	4.1550e-01	6.7939	-3.167546	0.000726	7.255218	2.458134	-0.058254
 833	4.1600e-01	6.7426	-3.313181	0.000363	3.627609	1.229067	-0.029127
 834	4.1650e-01	6.7073	-3.276772	-0.000091	-0.906902	-0.307267	0.007282
 835	4.1700e-01	6.6640	-3.349589	0.000181	1.813805	0.614534	-0.014563
 836	4.1750e-01	6.6287	-3.677266	0.000816	8.162120	2.765401	-0.065535
 837	4.1800e-01	6.5693	-3.458815	-0.000544	-5.441414	-1.843601	0.043690
 838	4.1850e-01	6.5581	-3.895718	0.001088	10.882827	3.687202	-0.087381
 839	4.1900e-01	6.5084	-3.822901	-0.000181	-1.813805	-0.614534	0.014563
 840	4.1950e-01	6.4683	-4.004943	0.000453	4.534511	1.536334	-0.036409
 841	4.2000e-01	6.4266	-4.296212	0.000726	7.255218	2.458134	-0.058254
 842	4.2050e-01	6.3576	-4.150578	-0.000363	-3.627609	-1.229067	0.029127
 843	4.2100e-01	6.3255	-4.332621	0.000453	4.534511	1.536334	-0.036409
 844	4.2150e-01	6.2998	-4.114169	-0.000544	-5.441414	-1.843601	0.043690
 845	4.2200e-01	6.2549	-4.623889	0.001270	12.696632	4.301735	-0.101944
 846	4.2250e-01	6.2180	-4.951566	0.000816	8.162120	2.765401	-0.065535
 847	4.2300e-01	6.1795	-4.696706	-0.000635	-6.348316	-2.150868	0.050972
 848	4.2350e-01	6.1250	-4.878749	0.000453	4.534511	1.536334	-0.036409
 849	4.2400e-01	6.1121	-5.133609	0.000635	6.348316	2.150868	-0.050972
 850	4.2450e-01	6.0367	-5.097201	-0.000091	-0.906902	-0.307267	0.007282
 851	4.2500e-01	6.0111	-5.352061	0.000635	6.348316	2.150868	-0.050972
 852	4.2550e-01	5.9886	-5.424878	0.000181	1.813805	0.614534	-0.014563
 853	4.2600e-01	5.9180	-5.424878	-0.000000	-0.000000	-0.000000	0.000000
 854	4.2650e-01	5.9036	-5.679738	0.000635	6.348316	2.150868	-0.050972
 855	4.2700e-01	5.8603	-5.643329	-0.000091	-0.906902	-0.307267	0.007282
 856	4.2750e-01	5.8202	-6.444318	0.001995	19.951850	6.759870	-0.160198
 857	4.2800e-01	5.7897	-6.298684	-0.000363	-3.627609	-1.229067	0.029127
 858	4.2850e-01	5.7480	-6.116641	-0.000453	-4.534511	-1.536334	0.036409
 859	4.2900e-01	5.7047	-6.881221	0.001904	19.044948	6.452603	-0.152916
 860	4.2950e-01	5.6966	-6.444318	-0.001088	-10.882827	-3.687202	0.087381
 861	4.3000e-01	5.6373	-6.335092	-0.000272	-2.720707	-0.921800	0.021845
 862	4.3050e-01	5.5988	-6.917630	0.001451	14.510436	4.916269	-0.116507
 863	4.3100e-01	5.5298	-6.553544	-0.000907	-9.069023	-3.072668	0.072817
 864	4.3150e-01	5.5250	-6.990447	0.001088	10.882827	3.687202	-0.087381
 865	4.3200e-01	5.4769	-6.954038	-0.000091	-0.906902	-0.307267	0.007282
 866	4.3250e-01	5.4287	-7.136081	0.000453	4.534511	1.536334	-0.036409
 867	4.3300e-01	5.3966	-7.427350	0.000726	7.255218	2.458134	-0.058254
 868	4.3350e-01	5.3325	-7.427350	-0.000000	-0.000000	-0.000000	0.000000
 869	4.3400e-01	5.2988	-7.864253	0.001088	10.882827	3.687202	-0.087381
 870	4.3450e-01	5.2635	-7.682210	-0.000453	-4.534511	-1.536334	0.036409
 871	4.3500e-01	5.2154	-7.973478	0.000726	7.255218	2.458134	-0.058254
 872	4.3550e-01	5.1737	-7.900661	-0.000181	-1.813805	-0.614534	0.014563
 873	4.3600e-01	5.1560	-8.046296	0.000363	3.627609	1.229067	-0.029127
 874	4.3650e-01	5.1223	-8.264747	0.000544	5.441414	1.843601	-0.043690
 875	4.3700e-01	5.0854	-8.373973	0.000272	2.720707	0.921800	-0.021845
 876	4.3750e-01	5.0309	-8.556016	0.000453	4.534511	1.536334	-0.036409
 877	4.3800e-01	4.9940	-8.483198	-0.000181	-1.813805	-0.614534	0.014563
 878	4.3850e-01	4.9442	-9.029327	0.001360	13.603534	4.609002	-0.109226
 879	4.3900e-01	4.9073	-8.738058	-0.000726	-7.255218	-2.458134	0.058254
 880	4.3950e-01	4.8705	-9.065736	0.000816	8.162120	2.765401	-0.065535
 881	4.4000e-01	4.8368	-9.102144	0.000091	0.906902	0.307267	-0.007282
 882	4.4050e-01	4.7886	-8.992919	-0.000272	-2.720707	-0.921800	0.021845
 883	4.4100e-01	4.7389	-9.284187	0.000726	7.255218	2.458134	-0.058254
 884	4.4150e-01	4.7148	-9.611864	0.000816	8.162120	2.765401	-0.065535
 885	4.4200e-01	4.6443	-9.793907	0.000453	4.534511	1.536334	-0.036409
 886	4.4250e-01	4.6250	-9.393413	-0.000998	-9.975925	-3.379935	0.080099
 887	4.4300e-01	4.5801	-9.393413	-0.000000	-0.000000	-0.000000	0.000000
 888	4.4350e-01	4.5464	-10.085176	0.001723	17.231143	5.838069	-0.138353
 889	4.4400e-01	4.5063	-10.085176	-0.000000	-0.000000	-0.000000	0.000000
 890	4.4450e-01	4.4469	-10.267219	0.000453	4.534511	1.536334	-0.036409
 891	4.4500e-01	4.4148	-10.267219	-0.000000	-0.000000	-0.000000	0.000000
 892	4.4550e-01	4.3812	-10.340036	0.000181	1.813805	0.614534	-0.014563
 893	4.4600e-01	4.3459	-10.449262	0.000272	2.720707	0.921800	-0.021845
 894	4.4650e-01	4.2961	-10.704122	0.000635	6.348316	2.150868	-0.050972
 895	4.4700e-01	4.2641	-10.594896	-0.000272	-2.720707	-0.921800	0.021845
 896	4.4750e-01	4.2239	-10.776939	0.000453	4.534511	1.536334	-0.036409
 897	4.4800e-01	4.1758	-11.068207	0.000726	7.255218	2.458134	-0.058254
 898	4.4850e-01	4.1453	-10.958982	-0.000272	-2.720707	-0.921800	0.021845
 899	4.4900e-01	4.1181	-11.250250	0.000726	7.255218	2.458134	-0.058254
 900	4.4950e-01	4.0507	-11.213842	-0.000091	-0.906902	-0.307267	0.007282
 901	4.5000e-01	4.0362	-11.832788	0.001542	15.417339	5.223536	-0.123789
 902	4.5050e-01	3.9929	-11.650745	-0.000453	-4.534511	-1.536334	0.036409
 903	4.5100e-01	3.9448	-11.505110	-0.000363	-3.627609	-1.229067	0.029127
 904	4.5150e-01	3.9288	-11.942013	0.001088	10.882827	3.687202	-0.087381
 905	4.5200e-01	3.8742	-12.087648	0.000363	3.627609	1.229067	-0.029127
 906	4.5250e-01	3.8373	-12.451733	0.000907	9.069023	3.072668	-0.072817
 907	4.5300e-01	3.7892	-12.415325	-0.000091	-0.906902	-0.307267	0.007282
 908	4.5350e-01	3.7314	-12.633776	0.000544	5.441414	1.843601	-0.043690
 909	4.5400e-01	3.7266	-12.524550	-0.000272	-2.720707	-0.921800	0.021845
 910	4.5450e-01	3.6577	-12.779411	0.000635	6.348316	2.150868	-0.050972
 911	4.5500e-01	3.6191	-12.633776	-0.000363	-3.627609	-1.229067	0.029127
 912	4.5550e-01	3.5871	-13.216313	0.001451	14.510436	4.916269	-0.116507
 913	4.5600e-01	3.5341	-12.997862	-0.000544	-5.441414	-1.843601	0.043690
 914	4.5650e-01	3.5165	-13.543991	0.001360	13.603534	4.609002	-0.109226
 915	4.5700e-01	3.4587	-13.143496	-0.000998	-9.975925	-3.379935	0.080099
 916	4.5750e-01	3.4026	-13.507582	0.000907	9.069023	3.072668	-0.072817
 917	4.5800e-01	3.3737	-13.507582	-0.000000	-0.000000	-0.000000	0.000000
 918	4.5850e-01	3.3336	-14.017302	0.001270	12.696632	4.301735	-0.101944
 919	4.5900e-01	3.2919	-13.980894	-0.000091	-0.906902	-0.307267	0.007282
 920	4.5950e-01	3.2518	-13.944485	-0.000091	-0.906902	-0.307267	0.007282
 921	4.6000e-01	3.2085	-14.235754	0.000726	7.255218	2.458134	-0.058254
 922	4.6050e-01	3.1940	-14.672657	0.001088	10.882827	3.687202	-0.087381
 923	4.6100e-01	3.1411	-14.563431	-0.000272	-2.720707	-0.921800	0.021845
 924	4.6150e-01	3.1058	-14.636248	0.000181	1.813805	0.614534	-0.014563
 925	4.6200e-01	3.0609	-14.818291	0.000453	4.534511	1.536334	-0.036409
 926	4.6250e-01	3.0288	-14.891108	0.000181	1.813805	0.614534	-0.014563
 927	4.6300e-01	2.9791	-15.291602	0.000998	9.975925	3.379935	-0.080099
 928	4.6350e-01	2.9742	-15.000334	-0.000726	-7.255218	-2.458134	0.058254
 929	4.6400e-01	2.9117	-15.473645	0.001179	11.789729	3.994468	-0.094662
 930	4.6450e-01	2.8555	-15.145968	-0.000816	-8.162120	-2.765401	0.065535
 931	4.6500e-01	2.8138	-15.473645	0.000816	8.162120	2.765401	-0.065535
 932	4.6550e-01	2.7882	-15.364419	-0.000272	-2.720707	-0.921800	0.021845
 933	4.6600e-01	2.7368	-15.655688	0.000726	7.255218	2.458134	-0.058254
 934	4.6650e-01	2.7095	-15.910548	0.000635	6.348316	2.150868	-0.050972
 935	4.6700e-01	2.6534	-16.092591	0.000453	4.534511	1.536334	-0.036409
 936	4.6750e-01	2.6037	-16.056182	-0.000091	-0.906902	-0.307267	0.007282
 937	4.6800e-01	2.5652	-16.311042	0.000635	6.348316	2.150868	-0.050972
 938	4.6850e-01	2.5411	-16.311042	-0.000000	-0.000000	-0.000000	0.000000
 939	4.6900e-01	2.4914	-16.638720	0.000816	8.162120	2.765401	-0.065535
 940	4.6950e-01	2.4609	-16.565903	-0.000181	-1.813805	-0.614534	0.014563
 941	4.7000e-01	2.4240	-17.002805	0.001088	10.882827	3.687202	-0.087381
 942	4.7050e-01	2.3855	-16.820763	-0.000453	-4.534511	-1.536334	0.036409
 943	4.7100e-01	2.3550	-17.075623	0.000635	6.348316	2.150868	-0.050972
 944	4.7150e-01	2.3213	-17.257665	0.000453	4.534511	1.536334	-0.036409
 945	4.7200e-01	2.2732	-17.585343	0.000816	8.162120	2.765401	-0.065535
 946	4.7250e-01	2.2331	-17.694568	0.000272	2.720707	0.921800	-0.021845
 947	4.7300e-01	2.1882	-18.095063	0.000998	9.975925	3.379935	-0.080099
 948	4.7350e-01	2.1497	-17.840203	-0.000635	-6.348316	-2.150868	0.050972
 949	4.7400e-01	2.1031	-17.767386	-0.000181	-1.813805	-0.614534	0.014563
 950	4.7450e-01	2.0598	-18.131471	0.000907	9.069023	3.072668	-0.072817
 951	4.7500e-01	2.0261	-18.386331	0.000635	6.348316	2.150868	-0.050972
 952	4.7550e-01	1.9941	-18.459149	0.000181	1.813805	0.614534	-0.014563
 953	4.7600e-01	1.9957	-18.313514	0.000363	3.627609	1.229067	0.029127
 954	4.7650e-01	1.9203	-18.677600	0.000907	9.069023	3.072668	-0.072817
 955	4.7700e-01	1.8449	-19.005277	0.000816	8.162120	2.765401	-0.065535
 956	4.7750e-01	1.8224	-19.150911	0.000363	3.627609	1.229067	-0.029127
 957	4.7800e-01	1.7935	-19.078094	-0.000181	-1.813805	-0.614534	0.014563
 958	4.7850e-01	1.7679	-19.332954	0.000635	6.348316	2.150868	-0.050972
 959	4.7900e-01	1.7069	-19.405772	0.000181	1.813805	0.614534	-0.014563
 960	4.7950e-01	1.6684	-19.260137	-0.000363	-3.627609	-1.229067	0.029127
 961	4.8000e-01	1.6395	-19.733449	0.001179	11.789729	3.994468	-0.094662
 962	4.8050e-01	1.5946	-20.243169	0.001270	12.696632	4.301735	-0.101944
 963	4.8100e-01	1.5497	-19.369363	-0.002177	-21.765654	-7.374403	0.174761
 964	4.8150e-01	1.5048	-20.206760	0.002086	20.858752	7.067137	-0.167479
 965	4.8200e-01	1.4695	-19.915492	-0.000726	-7.255218	-2.458134	0.058254
 966	4.8250e-01	1.4246	-20.243169	0.000816	8.162120	2.765401	-0.065535
 967	4.8300e-01	1.3877	-20.461620	0.000544	5.441414	1.843601	-0.043690
 968	4.8350e-01	1.3042	-20.388803	-0.000181	-1.813805	-0.614534	0.014563
 969	4.8400e-01	1.2866	-20.716480	0.000816	8.162120	2.765401	-0.065535
 970	4.8450e-01	1.2465	-20.862115	0.000363	3.627609	1.229067	-0.029127
 971	4.8500e-01	1.1887	-20.825706	-0.000091	-0.906902	-0.307267	0.007282
 972	4.8550e-01	1.1759	-21.335426	0.001270	12.696632	4.301735	-0.101944
 973	4.8600e-01	1.1406	-21.226200	-0.000272	-2.720707	-0.921800	0.021845
 974	4.8650e-01	1.0925	-21.371835	0.000363	3.627609	1.229067	-0.029127
 975	4.8700e-01	1.0460	-21.444652	0.000181	1.813805	0.614534	-0.014563
 976	4.8750e-01	1.0091	-21.371835	-0.000181	-1.813805	-0.614534	0.014563
 977	4.8800e-01	0.9818	-22.209232	0.002086	20.858752	7.067137	-0.167479
 978	4.8850e-01	0.9369	-21.845146	-0.000907	-9.069023	-3.072668	0.072817
 979	4.8900e-01	0.9048	-22.318458	0.001179	11.789729	3.994468	-0.094662
 980	4.8950e-01	0.8502	-22.318458	-0.000000	-0.000000	-0.000000	0.000000
 981	4.9000e-01	0.8166	-21.954372	-0.000907	-9.069023	-3.072668	0.072817
 982	4.9050e-01	0.7716	-22.573318	0.001542	15.417339	5.223536	-0.123789
 983	4.9100e-01	0.7508	-22.646135	0.000181	1.813805	0.614534	-0.014563
 984	4.9150e-01	0.7059	-22.973812	0.000816	8.162120	2.765401	-0.065535
 985	4.9200e-01	0.6642	-22.755361	-0.000544	-5.441414	-1.843601	0.043690
 986	4.9250e-01	0.6385	-23.228672	0.001179	11.789729	3.994468	-0.094662
 987	4.9300e-01	0.6032	-23.483532	0.000635	6.348316	2.150868	-0.050972
 988	4.9350e-01	0.5519	-23.337898	-0.000363	-3.627609	-1.229067	0.029127
 989	4.9400e-01	0.5053	-23.629166	0.000726	7.255218	2.458134	-0.058254
 990	4.9450e-01	0.4428	-23.847618	0.000544	5.441414	1.843601	-0.043690
 991	4.9500e-01	0.4364	-23.629166	-0.000544	-5.441414	-1.843601	0.043690
 992	4.9550e-01	0.4107	-24.175295	0.001360	13.603534	4.609002	-0.109226
 993	4.9600e-01	0.3465	-23.920435	-0.000635	-6.348316	-2.150868	0.050972
 994	4.9650e-01	0.3192	-24.539381	0.001542	15.417339	5.223536	-0.123789
 995	4.9700e-01	0.2599	-24.685015	0.000363	3.627609	1.229067	-0.029127
 996	4.9750e-01	0.2390	-24.794241	0.000272	2.720707	0.921800	-0.021845
 997	4.9800e-01	0.1893	-25.121918	0.000816	8.162120	2.765401	-0.065535
 998	4.9850e-01	0.1588	-24.757832	-0.000907	-9.069023	-3.072668	0.072817
 999	4.9900e-01	0.1155	-25.194735	0.001088	10.882827	3.687202	-0.087381
1000	4.9950e-01	0.0914	-25.303961	0.000272	2.720707	0.921800	-0.021845
1001	5.0000e-01	0.0690	-25.413187	0.000272	2.720707	0.921800	-0.021845

PMax (uC/cm2):	5.74e+01
Pr (uC/cm2):	3.35e+00
-Pr (uC/cm2):	0.00e+00
PLoss (uC/cm2):	0.00e+00
C (Max-Eff) (nF):	2.87e-01
K (Eff):	9.71e+02
Vert. (+/-Pr) Shift (uC/cm2):	1.67e+00
Offset (uC/cm2):	2.88e+01

A (Loop Area - uC/cm2·Volts):	4.83e-01



Hysteresis Version: 5.48.1 - Radiant Technologies, Inc., 1999 - 9/12/24

