»»»»»»»»»»»»»»»»»»»»»»»»»»»»»»»»»»»» Hysteresis ««««««««««««««««««««««««««««««««««««
»»»  Executed Version:	5.48.1
»»»  Vision Version:	5.48.4 (R)
»»»  Vision Compiled:	9/18/24
»»»  Driver Version:	5.47.0
»»»  Windows Version:	Windows 8 or 8.1
»»»  Processor Information:	x86 (AMD or Intel) - 32 Processors
»»»  Tester Name:	PMF21124-494 (100V)
»»»  Tester S/N:	PMF21124-494
»»»  Internal Amp Type:	100V RevK 270k
»»»  Internal Amp S/N:	iAB2-596/K     
»»»  Execution Count:	1
»»»»»»»»»»»»»»»»»»»»»»»»»»»»»»»»»»»»»»»»»»««««««««««««««««««««««««««««««««««««««««««

Stored:	10/10/2025 - 16:13:27
Configured:	10/10/25 10:37:25 AM
Executed:	10/10/25 04:12:52 PM

»»»»»»»»»»»»»»»»»»»»»»»»»»»»»»»»»»» Sample Info ««««««««««««««««««««««««««««««««««««
Sample Name:	Int. Ref. Ferroelectric
Lot Name:	N/A
Wafer Name:	N/A
Die Row/Column:	0/0
Capacitor Number:	0
Sample Area (cm2):	1.00e-04
Sample Thickness (microns):	3.00e-01

Amplifier:	Internal

»»»»»»»»»»»»»»»»»»»»»»»»»»»»»»»»»»» Tester Info «««««««««««««««««««««««««««««««««««
Tester Name:	PMF21124-494 (100V)
Tester Serial Number:	PMF21124-494
Return Signal Amp. Level:	0.02 [Index: 2]

»»»»»»»»»»»»»»»»»»»»»»»»»»»»»»»» Hysteresis Info ««««««««««««««««««««««««««««««««««
Task Name:	Hyst-170
Volts:	20.00
Field:	666.67 (kV/cm)
DCBias:	0.00
DCField:	0.00 (kV/cm)
Hysteresis Period (ms):	5.00e-01
Preset:	Enabled
Preset Delay (ms):	1.00e+03
Profile:	Standard Monopolar

»»»»»»»»»»»»»»»»»»»»»»»»»»»»»»»»»»»»»» Data «««««««««««««««««««««««««««««««««««««««
Points:	1001

Valid Data

Point	Time (ms)	Drive Voltage	Measured Polarization (uC/cm2)	Capacitance (uF)	Normalized Capacitance (uF/cm2)	Dielectric Constant	Instantaneous Current (mA)
   1	0.0000e+00	0.0706	-20.370599	-0.000178	-1.783770	-0.604358	0.014563
   2	5.0000e-04	0.0353	-20.297782	-0.000178	-1.783770	-0.604358	0.014563
   3	1.0000e-03	0.1588	-20.334190	-0.000089	-0.891885	-0.302179	-0.007282
   4	1.5000e-03	0.1636	-20.552642	-0.000535	-5.351310	-1.813073	-0.043690
   5	2.0000e-03	0.2069	-20.152147	0.000981	9.810735	3.323967	0.080099
   6	2.5000e-03	0.2647	-20.188556	-0.000089	-0.891885	-0.302179	-0.007282
   7	3.0000e-03	0.2727	-20.079330	0.000268	2.675655	0.906536	0.021845
   8	3.5000e-03	0.3208	-20.042922	0.000089	0.891885	0.302179	0.007282
   9	4.0000e-03	0.3658	-19.751653	0.000714	7.135080	2.417431	0.058254
  10	4.5000e-03	0.3834	-19.897287	-0.000357	-3.567540	-1.208715	-0.029127
  11	5.0000e-03	0.4636	-19.860879	0.000089	0.891885	0.302179	0.007282
  12	5.5000e-03	0.4893	-19.606019	0.000624	6.243195	2.115252	0.050972
  13	6.0000e-03	0.5342	-19.533202	0.000178	1.783770	0.604358	0.014563
  14	6.5000e-03	0.5438	-19.460384	0.000178	1.783770	0.604358	0.014563
  15	7.0000e-03	0.6096	-19.351159	0.000268	2.675655	0.906536	0.021845
  16	7.5000e-03	0.6385	-19.205524	0.000357	3.567540	1.208715	0.029127
  17	8.0000e-03	0.6834	-18.987073	0.000535	5.351310	1.813073	0.043690
  18	8.5000e-03	0.7299	-18.987073	0.000000	0.000000	0.000000	0.000000
  19	9.0000e-03	0.7620	-18.768621	0.000535	5.351310	1.813073	0.043690
  20	9.5000e-03	0.8246	-18.914256	-0.000357	-3.567540	-1.208715	-0.029127
  21	1.0000e-02	0.8631	-18.513761	0.000981	9.810735	3.323967	0.080099
  22	1.0500e-02	0.9192	-18.877847	-0.000892	-8.918850	-3.021788	-0.072817
  23	1.1000e-02	0.9192	-18.768621	-0.000268	-2.675655	-0.906536	0.021845
  24	1.1500e-02	0.9690	-18.149676	0.001516	15.162045	5.137040	0.123789
  25	1.2000e-02	1.0379	-18.222493	-0.000178	-1.783770	-0.604358	-0.014563
  26	1.2500e-02	1.0315	-18.113267	-0.000268	-2.675655	-0.906536	0.021845
  27	1.3000e-02	1.0700	-18.295310	-0.000446	-4.459425	-1.510894	-0.036409
  28	1.3500e-02	1.1358	-18.113267	0.000446	4.459425	1.510894	0.036409
  29	1.4000e-02	1.1534	-18.040450	0.000178	1.783770	0.604358	0.014563
  30	1.4500e-02	1.1919	-17.712773	0.000803	8.026965	2.719609	0.065535
  31	1.5000e-02	1.2545	-17.603547	0.000268	2.675655	0.906536	0.021845
  32	1.5500e-02	1.2866	-17.712773	-0.000268	-2.675655	-0.906536	-0.021845
  33	1.6000e-02	1.3203	-17.530730	0.000446	4.459425	1.510894	0.036409
  34	1.6500e-02	1.3716	-17.894816	-0.000892	-8.918850	-3.021788	-0.072817
  35	1.7000e-02	1.4278	-17.457913	0.001070	10.702620	3.626146	0.087381
  36	1.7500e-02	1.4791	-17.130235	0.000803	8.026965	2.719609	0.065535
  37	1.8000e-02	1.4951	-17.166644	-0.000089	-0.891885	-0.302179	-0.007282
  38	1.8500e-02	1.5160	-17.130235	0.000089	0.891885	0.302179	0.007282
  39	1.9000e-02	1.5529	-17.130235	0.000000	0.000000	0.000000	0.000000
  40	1.9500e-02	1.5994	-16.766150	0.000892	8.918850	3.021788	0.072817
  41	2.0000e-02	1.6524	-16.693333	0.000178	1.783770	0.604358	0.014563
  42	2.0500e-02	1.6780	-16.547698	0.000357	3.567540	1.208715	0.029127
  43	2.1000e-02	1.7262	-16.547698	0.000000	0.000000	0.000000	0.000000
  44	2.1500e-02	1.7791	-16.365655	0.000446	4.459425	1.510894	0.036409
  45	2.2000e-02	1.8208	-16.183612	0.000446	4.459425	1.510894	0.036409
  46	2.2500e-02	1.8513	-16.438472	-0.000624	-6.243195	-2.115252	-0.050972
  47	2.3000e-02	1.9122	-15.965161	0.001159	11.594505	3.928325	0.094662
  48	2.3500e-02	1.9122	-16.037978	0.000178	1.783770	0.604358	-0.014563
  49	2.4000e-02	1.9604	-15.855935	0.000446	4.459425	1.510894	0.036409
  50	2.4500e-02	1.9876	-15.855935	0.000000	0.000000	0.000000	0.000000
  51	2.5000e-02	2.0598	-15.637484	0.000535	5.351310	1.813073	0.043690
  52	2.5500e-02	2.0951	-15.382624	0.000624	6.243195	2.115252	0.050972
  53	2.6000e-02	2.1288	-15.783118	-0.000981	-9.810735	-3.323967	-0.080099
  54	2.6500e-02	2.1753	-15.419032	0.000892	8.918850	3.021788	0.072817
  55	2.7000e-02	2.2122	-15.091355	0.000803	8.026965	2.719609	0.065535
  56	2.7500e-02	2.2363	-15.127764	-0.000089	-0.891885	-0.302179	-0.007282
  57	2.8000e-02	2.2844	-15.200581	-0.000178	-1.783770	-0.604358	-0.014563
  58	2.8500e-02	2.3261	-14.836495	0.000892	8.918850	3.021788	0.072817
  59	2.9000e-02	2.3534	-14.654452	0.000446	4.459425	1.510894	0.036409
  60	2.9500e-02	2.4256	-15.054947	-0.000981	-9.810735	-3.323967	-0.080099
  61	3.0000e-02	2.4449	-14.654452	0.000981	9.810735	3.323967	0.080099
  62	3.0500e-02	2.4962	-14.836495	-0.000446	-4.459425	-1.510894	-0.036409
  63	3.1000e-02	2.5331	-14.545226	0.000714	7.135080	2.417431	0.058254
  64	3.1500e-02	2.5475	-14.545226	0.000000	0.000000	0.000000	0.000000
  65	3.2000e-02	2.6133	-14.436001	0.000268	2.675655	0.906536	0.021845
  66	3.2500e-02	2.6534	-13.889872	0.001338	13.378275	4.532682	0.109226
  67	3.3000e-02	2.7015	-14.035506	-0.000357	-3.567540	-1.208715	-0.029127
  68	3.3500e-02	2.7320	-13.999098	0.000089	0.891885	0.302179	0.007282
  69	3.4000e-02	2.7689	-13.889872	0.000268	2.675655	0.906536	0.021845
  70	3.4500e-02	2.7962	-13.707829	0.000446	4.459425	1.510894	0.036409
  71	3.5000e-02	2.8620	-13.889872	-0.000446	-4.459425	-1.510894	-0.036409
  72	3.5500e-02	2.8988	-13.889872	0.000000	0.000000	0.000000	0.000000
  73	3.6000e-02	2.9438	-13.525786	0.000892	8.918850	3.021788	0.072817
  74	3.6500e-02	2.9646	-13.198109	0.000803	8.026965	2.719609	0.065535
  75	3.7000e-02	3.0336	-13.307335	-0.000268	-2.675655	-0.906536	-0.021845
  76	3.7500e-02	3.0224	-13.307335	-0.000000	-0.000000	-0.000000	0.000000
  77	3.8000e-02	3.0914	-13.161701	0.000357	3.567540	1.208715	0.029127
  78	3.8500e-02	3.1491	-13.198109	-0.000089	-0.891885	-0.302179	-0.007282
  79	3.9000e-02	3.1475	-13.016066	-0.000446	-4.459425	-1.510894	0.036409
  80	3.9500e-02	3.1956	-12.688389	0.000803	8.026965	2.719609	0.065535
  81	4.0000e-02	3.2373	-12.433529	0.000624	6.243195	2.115252	0.050972
  82	4.0500e-02	3.2534	-13.088883	-0.001605	-16.053930	-5.439219	-0.131071
  83	4.1000e-02	3.3304	-12.360712	0.001784	17.837700	6.043576	0.145634
  84	4.1500e-02	3.3930	-12.033035	0.000803	8.026965	2.719609	0.065535
  85	4.2000e-02	3.4058	-12.397120	-0.000892	-8.918850	-3.021788	-0.072817
  86	4.2500e-02	3.4507	-12.324303	0.000178	1.783770	0.604358	0.014563
  87	4.3000e-02	3.4940	-12.360712	-0.000089	-0.891885	-0.302179	-0.007282
  88	4.3500e-02	3.5149	-12.105852	0.000624	6.243195	2.115252	0.050972
  89	4.4000e-02	3.5726	-11.887400	0.000535	5.351310	1.813073	0.043690
  90	4.4500e-02	3.5935	-12.142260	-0.000624	-6.243195	-2.115252	-0.050972
  91	4.5000e-02	3.6544	-11.486906	0.001605	16.053930	5.439219	0.131071
  92	4.5500e-02	3.6962	-11.741766	-0.000624	-6.243195	-2.115252	-0.050972
  93	4.6000e-02	3.7363	-11.268455	0.001159	11.594505	3.928325	0.094662
  94	4.6500e-02	3.7635	-11.632540	-0.000892	-8.918850	-3.021788	-0.072817
  95	4.7000e-02	3.8101	-11.559723	0.000178	1.783770	0.604358	0.014563
  96	4.7500e-02	3.8502	-11.232046	0.000803	8.026965	2.719609	0.065535
  97	4.8000e-02	3.9015	-10.977186	0.000624	6.243195	2.115252	0.050972
  98	4.8500e-02	3.9240	-11.159229	-0.000446	-4.459425	-1.510894	-0.036409
  99	4.9000e-02	3.9737	-10.904369	0.000624	6.243195	2.115252	0.050972
 100	4.9500e-02	4.0074	-10.940777	-0.000089	-0.891885	-0.302179	-0.007282
 101	5.0000e-02	4.0346	-10.758734	0.000446	4.459425	1.510894	0.036409
 102	5.0500e-02	4.1004	-10.831552	-0.000178	-1.783770	-0.604358	-0.014563
 103	5.1000e-02	4.1261	-10.758734	0.000178	1.783770	0.604358	0.014563
 104	5.1500e-02	4.1550	-10.139789	0.001516	15.162045	5.137040	0.123789
 105	5.2000e-02	4.2063	-10.394649	-0.000624	-6.243195	-2.115252	-0.050972
 106	5.2500e-02	4.2368	-10.321832	0.000178	1.783770	0.604358	0.014563
 107	5.3000e-02	4.3122	-10.103380	0.000535	5.351310	1.813073	0.043690
 108	5.3500e-02	4.3026	-10.176197	0.000178	1.783770	0.604358	-0.014563
 109	5.4000e-02	4.3667	-10.249014	-0.000178	-1.783770	-0.604358	-0.014563
 110	5.4500e-02	4.4213	-9.739294	0.001249	12.486390	4.230503	0.101944
 111	5.5000e-02	4.4630	-9.921337	-0.000446	-4.459425	-1.510894	-0.036409
 112	5.5500e-02	4.4582	-9.812111	-0.000268	-2.675655	-0.906536	0.021845
 113	5.6000e-02	4.5159	-9.338800	0.001159	11.594505	3.928325	0.094662
 114	5.6500e-02	4.5833	-9.702886	-0.000892	-8.918850	-3.021788	-0.072817
 115	5.7000e-02	4.5849	-9.193166	0.001249	12.486390	4.230503	0.101944
 116	5.7500e-02	4.6362	-9.193166	0.000000	0.000000	0.000000	0.000000
 117	5.8000e-02	4.6956	-9.302391	-0.000268	-2.675655	-0.906536	-0.021845
 118	5.8500e-02	4.7229	-9.302391	0.000000	0.000000	0.000000	0.000000
 119	5.9000e-02	4.7469	-8.974714	0.000803	8.026965	2.719609	0.065535
 120	5.9500e-02	4.7951	-9.229574	-0.000624	-6.243195	-2.115252	-0.050972
 121	6.0000e-02	4.8576	-8.829080	0.000981	9.810735	3.323967	0.080099
 122	6.0500e-02	4.8993	-8.974714	-0.000357	-3.567540	-1.208715	-0.029127
 123	6.1000e-02	4.9298	-8.647037	0.000803	8.026965	2.719609	0.065535
 124	6.1500e-02	4.9972	-8.319360	0.000803	8.026965	2.719609	0.065535
 125	6.2000e-02	5.0036	-8.719854	-0.000981	-9.810735	-3.323967	-0.080099
 126	6.2500e-02	5.0710	-8.464994	0.000624	6.243195	2.115252	0.050972
 127	6.3000e-02	5.0806	-8.355768	0.000268	2.675655	0.906536	0.021845
 128	6.3500e-02	5.1335	-8.319360	0.000089	0.891885	0.302179	0.007282
 129	6.4000e-02	5.1881	-8.028091	0.000714	7.135080	2.417431	0.058254
 130	6.4500e-02	5.1961	-8.246543	-0.000535	-5.351310	-1.813073	-0.043690
 131	6.5000e-02	5.2539	-8.028091	0.000535	5.351310	1.813073	0.043690
 132	6.5500e-02	5.2747	-8.100908	-0.000178	-1.783770	-0.604358	-0.014563
 133	6.6000e-02	5.3244	-7.627597	0.001159	11.594505	3.928325	0.094662
 134	6.6500e-02	5.3934	-7.846048	-0.000535	-5.351310	-1.813073	-0.043690
 135	6.7000e-02	5.4159	-7.227103	0.001516	15.162045	5.137040	0.123789
 136	6.7500e-02	5.4383	-7.336328	-0.000268	-2.675655	-0.906536	-0.021845
 137	6.8000e-02	5.4897	-7.773231	-0.001070	-10.702620	-3.626146	-0.087381
 138	6.8500e-02	5.5266	-7.409145	0.000892	8.918850	3.021788	0.072817
 139	6.9000e-02	5.5924	-7.481963	-0.000178	-1.783770	-0.604358	-0.014563
 140	6.9500e-02	5.5827	-7.045060	-0.001070	-10.702620	-3.626146	0.087381
 141	7.0000e-02	5.6533	-7.190694	-0.000357	-3.567540	-1.208715	-0.029127
 142	7.0500e-02	5.7030	-7.081468	0.000268	2.675655	0.906536	0.021845
 143	7.1000e-02	5.7287	-6.826608	0.000624	6.243195	2.115252	0.050972
 144	7.1500e-02	5.7512	-6.863017	-0.000089	-0.891885	-0.302179	-0.007282
 145	7.2000e-02	5.8218	-6.316888	0.001338	13.378275	4.532682	0.109226
 146	7.2500e-02	5.8554	-6.462522	-0.000357	-3.567540	-1.208715	-0.029127
 147	7.3000e-02	5.8972	-6.207662	0.000624	6.243195	2.115252	0.050972
 148	7.3500e-02	5.9661	-6.462522	-0.000624	-6.243195	-2.115252	-0.050972
 149	7.4000e-02	5.9533	-6.171254	-0.000714	-7.135080	-2.417431	0.058254
 150	7.4500e-02	5.9918	-6.207662	-0.000089	-0.891885	-0.302179	-0.007282
 151	7.5000e-02	6.0431	-6.207662	0.000000	0.000000	0.000000	0.000000
 152	7.5500e-02	6.0929	-5.807168	0.000981	9.810735	3.323967	0.080099
 153	7.6000e-02	6.1282	-5.770759	0.000089	0.891885	0.302179	0.007282
 154	7.6500e-02	6.1667	-5.916394	-0.000357	-3.567540	-1.208715	-0.029127
 155	7.7000e-02	6.1859	-5.661534	0.000624	6.243195	2.115252	0.050972
 156	7.7500e-02	6.2549	-5.625125	0.000089	0.891885	0.302179	0.007282
 157	7.8000e-02	6.2902	-5.333857	0.000714	7.135080	2.417431	0.058254
 158	7.8500e-02	6.3239	-5.297448	0.000089	0.891885	0.302179	0.007282
 159	7.9000e-02	6.3704	-5.261039	0.000089	0.891885	0.302179	0.007282
 160	7.9500e-02	6.4185	-5.297448	-0.000089	-0.891885	-0.302179	-0.007282
 161	8.0000e-02	6.4362	-5.261039	0.000089	0.891885	0.302179	0.007282
 162	8.0500e-02	6.4731	-5.078996	0.000446	4.459425	1.510894	0.036409
 163	8.1000e-02	6.5244	-4.896954	0.000446	4.459425	1.510894	0.036409
 164	8.1500e-02	6.5774	-4.896954	0.000000	0.000000	0.000000	0.000000
 165	8.2000e-02	6.6046	-4.496459	0.000981	9.810735	3.323967	0.080099
 166	8.2500e-02	6.6528	-4.714911	-0.000535	-5.351310	-1.813073	-0.043690
 167	8.3000e-02	6.7089	-4.824136	-0.000268	-2.675655	-0.906536	-0.021845
 168	8.3500e-02	6.7201	-4.460051	0.000892	8.918850	3.021788	0.072817
 169	8.4000e-02	6.7843	-4.532868	-0.000178	-1.783770	-0.604358	-0.014563
 170	8.4500e-02	6.8052	-4.168782	0.000892	8.918850	3.021788	0.072817
 171	8.5000e-02	6.8388	-4.423642	-0.000624	-6.243195	-2.115252	-0.050972
 172	8.5500e-02	6.9014	-4.205191	0.000535	5.351310	1.813073	0.043690
 173	8.6000e-02	6.9319	-4.023148	0.000446	4.459425	1.510894	0.036409
 174	8.6500e-02	6.9800	-3.913922	0.000268	2.675655	0.906536	0.021845
 175	8.7000e-02	7.0041	-4.023148	-0.000268	-2.675655	-0.906536	-0.021845
 176	8.7500e-02	7.0314	-3.513428	0.001249	12.486390	4.230503	0.101944
 177	8.8000e-02	7.0747	-3.768288	-0.000624	-6.243195	-2.115252	-0.050972
 178	8.8500e-02	7.1084	-3.549836	0.000535	5.351310	1.813073	0.043690
 179	8.9000e-02	7.1822	-3.331385	0.000535	5.351310	1.813073	0.043690
 180	8.9500e-02	7.1998	-3.513428	-0.000446	-4.459425	-1.510894	-0.036409
 181	9.0000e-02	7.2640	-3.003708	0.001249	12.486390	4.230503	0.101944
 182	9.0500e-02	7.2928	-3.477019	-0.001159	-11.594505	-3.928325	-0.094662
 183	9.1000e-02	7.3217	-3.185750	0.000714	7.135080	2.417431	0.058254
 184	9.1500e-02	7.3731	-3.440611	-0.000624	-6.243195	-2.115252	-0.050972
 185	9.2000e-02	7.4067	-3.076525	0.000892	8.918850	3.021788	0.072817
 186	9.2500e-02	7.4420	-2.821665	0.000624	6.243195	2.115252	0.050972
 187	9.3000e-02	7.4837	-2.821665	0.000000	0.000000	0.000000	0.000000
 188	9.3500e-02	7.5174	-2.785256	0.000089	0.891885	0.302179	0.007282
 189	9.4000e-02	7.5575	-2.930890	-0.000357	-3.567540	-1.208715	-0.029127
 190	9.4500e-02	7.6057	-2.566805	0.000892	8.918850	3.021788	0.072817
 191	9.5000e-02	7.6570	-2.457579	0.000268	2.675655	0.906536	0.021845
 192	9.5500e-02	7.7003	-2.384762	0.000178	1.783770	0.604358	0.014563
 193	9.6000e-02	7.7260	-2.384762	0.000000	0.000000	0.000000	0.000000
 194	9.6500e-02	7.7581	-2.421170	-0.000089	-0.891885	-0.302179	-0.007282
 195	9.7000e-02	7.8287	-2.020676	0.000981	9.810735	3.323967	0.080099
 196	9.7500e-02	7.8463	-1.947859	0.000178	1.783770	0.604358	0.014563
 197	9.8000e-02	7.8880	-1.838633	0.000268	2.675655	0.906536	0.021845
 198	9.8500e-02	7.9057	-1.838633	0.000000	0.000000	0.000000	0.000000
 199	9.9000e-02	7.9746	-1.583773	0.000624	6.243195	2.115252	0.050972
 200	9.9500e-02	8.0099	-1.802225	-0.000535	-5.351310	-1.813073	-0.043690
 201	1.0000e-01	8.0484	-1.510956	0.000714	7.135080	2.417431	0.058254
 202	1.0050e-01	8.1078	-1.510956	0.000000	0.000000	0.000000	0.000000
 203	1.0100e-01	8.1351	-1.365322	0.000357	3.567540	1.208715	0.029127
 204	1.0150e-01	8.1688	-1.365322	0.000000	0.000000	0.000000	0.000000
 205	1.0200e-01	8.2201	-1.365322	0.000000	0.000000	0.000000	0.000000
 206	1.0250e-01	8.2506	-1.074053	0.000714	7.135080	2.417431	0.058254
 207	1.0300e-01	8.2746	-1.620182	-0.001338	-13.378275	-4.532682	-0.109226
 208	1.0350e-01	8.3340	-1.110462	0.001249	12.486390	4.230503	0.101944
 209	1.0400e-01	8.3885	-0.819193	0.000714	7.135080	2.417431	0.058254
 210	1.0450e-01	8.4030	-0.928419	-0.000268	-2.675655	-0.906536	-0.021845
 211	1.0500e-01	8.4495	-0.964827	-0.000089	-0.891885	-0.302179	-0.007282
 212	1.0550e-01	8.4992	-0.491516	0.001159	11.594505	3.928325	0.094662
 213	1.0600e-01	8.5409	-0.637150	-0.000357	-3.567540	-1.208715	-0.029127
 214	1.0650e-01	8.5810	-0.273064	0.000892	8.918850	3.021788	0.072817
 215	1.0700e-01	8.6051	-0.309473	-0.000089	-0.891885	-0.302179	-0.007282
 216	1.0750e-01	8.6420	-0.418699	-0.000268	-2.675655	-0.906536	-0.021845
 217	1.0800e-01	8.6885	-0.091021	0.000803	8.026965	2.719609	0.065535
 218	1.0850e-01	8.7270	-0.200247	-0.000268	-2.675655	-0.906536	-0.021845
 219	1.0900e-01	8.7784	-0.163839	0.000089	0.891885	0.302179	0.007282
 220	1.0950e-01	8.8024	0.200247	0.000892	8.918850	3.021788	0.072817
 221	1.1000e-01	8.8425	-0.091021	-0.000714	-7.135080	-2.417431	-0.058254
 222	1.1050e-01	8.8858	0.200247	0.000714	7.135080	2.417431	0.058254
 223	1.1100e-01	8.9163	0.273064	0.000178	1.783770	0.604358	0.014563
 224	1.1150e-01	8.9628	0.273064	0.000000	0.000000	0.000000	0.000000
 225	1.1200e-01	9.0190	0.382290	0.000268	2.675655	0.906536	0.021845
 226	1.1250e-01	9.0671	0.382290	0.000000	0.000000	0.000000	0.000000
 227	1.1300e-01	9.0800	0.928419	0.001338	13.378275	4.532682	0.109226
 228	1.1350e-01	9.1249	0.819193	-0.000268	-2.675655	-0.906536	-0.021845
 229	1.1400e-01	9.1666	0.928419	0.000268	2.675655	0.906536	0.021845
 230	1.1450e-01	9.2115	0.819193	-0.000268	-2.675655	-0.906536	-0.021845
 231	1.1500e-01	9.2356	0.928419	0.000268	2.675655	0.906536	0.021845
 232	1.1550e-01	9.2901	0.782784	-0.000357	-3.567540	-1.208715	-0.029127
 233	1.1600e-01	9.3222	1.256096	0.001159	11.594505	3.928325	0.094662
 234	1.1650e-01	9.3848	1.110462	-0.000357	-3.567540	-1.208715	-0.029127
 235	1.1700e-01	9.4120	1.583773	0.001159	11.594505	3.928325	0.094662
 236	1.1750e-01	9.4249	1.292504	-0.000714	-7.135080	-2.417431	-0.058254
 237	1.1800e-01	9.4955	1.656590	0.000892	8.918850	3.021788	0.072817
 238	1.1850e-01	9.5147	1.401730	-0.000624	-6.243195	-2.115252	-0.050972
 239	1.1900e-01	9.5596	1.547365	0.000357	3.567540	1.208715	0.029127
 240	1.1950e-01	9.6254	1.802225	0.000624	6.243195	2.115252	0.050972
 241	1.2000e-01	9.6575	1.984267	0.000446	4.459425	1.510894	0.036409
 242	1.2050e-01	9.6960	1.620182	-0.000892	-8.918850	-3.021788	-0.072817
 243	1.2100e-01	9.7441	2.129902	0.001249	12.486390	4.230503	0.101944
 244	1.2150e-01	9.7393	2.093493	0.000089	0.891885	0.302179	-0.007282
 245	1.2200e-01	9.8147	1.947859	-0.000357	-3.567540	-1.208715	-0.029127
 246	1.2250e-01	9.8644	2.129902	0.000446	4.459425	1.510894	0.036409
 247	1.2300e-01	9.8628	2.421170	-0.000714	-7.135080	-2.417431	0.058254
 248	1.2350e-01	9.8837	2.311945	-0.000268	-2.675655	-0.906536	-0.021845
 249	1.2400e-01	9.9591	2.239127	-0.000178	-1.783770	-0.604358	-0.014563
 250	1.2450e-01	9.9944	2.748848	0.001249	12.486390	4.230503	0.101944
 251	1.2500e-01	10.0377	2.676030	-0.000178	-1.783770	-0.604358	-0.014563
 252	1.2550e-01	10.0794	2.712439	0.000089	0.891885	0.302179	0.007282
 253	1.2600e-01	10.1275	2.676030	-0.000089	-0.891885	-0.302179	-0.007282
 254	1.2650e-01	10.1596	2.712439	0.000089	0.891885	0.302179	0.007282
 255	1.2700e-01	10.2206	3.003708	0.000714	7.135080	2.417431	0.058254
 256	1.2750e-01	10.2462	3.331385	0.000803	8.026965	2.719609	0.065535
 257	1.2800e-01	10.2719	3.440611	0.000268	2.675655	0.906536	0.021845
 258	1.2850e-01	10.3361	3.222159	-0.000535	-5.351310	-1.813073	-0.043690
 259	1.2900e-01	10.3264	3.185750	0.000089	0.891885	0.302179	-0.007282
 260	1.2950e-01	10.3938	3.622653	0.001070	10.702620	3.626146	0.087381
 261	1.3000e-01	10.4452	3.622653	0.000000	0.000000	0.000000	0.000000
 262	1.3050e-01	10.4708	3.695471	0.000178	1.783770	0.604358	0.014563
 263	1.3100e-01	10.5286	3.477019	-0.000535	-5.351310	-1.813073	-0.043690
 264	1.3150e-01	10.5639	3.768288	0.000714	7.135080	2.417431	0.058254
 265	1.3200e-01	10.6136	3.731879	-0.000089	-0.891885	-0.302179	-0.007282
 266	1.3250e-01	10.6280	3.841105	0.000268	2.675655	0.906536	0.021845
 267	1.3300e-01	10.6794	3.950331	0.000268	2.675655	0.906536	0.021845
 268	1.3350e-01	10.7419	3.986739	0.000089	0.891885	0.302179	0.007282
 269	1.3400e-01	10.7419	4.205191	-0.000535	-5.351310	-1.813073	0.043690
 270	1.3450e-01	10.8222	4.241599	0.000089	0.891885	0.302179	0.007282
 271	1.3500e-01	10.8510	4.278008	0.000089	0.891885	0.302179	0.007282
 272	1.3550e-01	10.8767	4.387234	0.000268	2.675655	0.906536	0.021845
 273	1.3600e-01	10.9040	4.314416	-0.000178	-1.783770	-0.604358	-0.014563
 274	1.3650e-01	10.9858	4.714911	0.000981	9.810735	3.323967	0.080099
 275	1.3700e-01	11.0355	4.605685	-0.000268	-2.675655	-0.906536	-0.021845
 276	1.3750e-01	11.0451	4.605685	0.000000	0.000000	0.000000	0.000000
 277	1.3800e-01	11.0692	5.006179	0.000981	9.810735	3.323967	0.080099
 278	1.3850e-01	11.1398	4.569276	-0.001070	-10.702620	-3.626146	-0.087381
 279	1.3900e-01	11.1510	4.860545	0.000714	7.135080	2.417431	0.058254
 280	1.3950e-01	11.2120	5.078996	0.000535	5.351310	1.813073	0.043690
 281	1.4000e-01	11.2489	4.969771	-0.000268	-2.675655	-0.906536	-0.021845
 282	1.4050e-01	11.2826	5.297448	0.000803	8.026965	2.719609	0.065535
 283	1.4100e-01	11.3195	5.188222	-0.000268	-2.675655	-0.906536	-0.021845
 284	1.4150e-01	11.3596	5.333857	0.000357	3.567540	1.208715	0.029127
 285	1.4200e-01	11.3997	5.333857	0.000000	0.000000	0.000000	0.000000
 286	1.4250e-01	11.4590	5.625125	0.000714	7.135080	2.417431	0.058254
 287	1.4300e-01	11.5007	5.370265	-0.000624	-6.243195	-2.115252	-0.050972
 288	1.4350e-01	11.5264	5.843577	0.001159	11.594505	3.928325	0.094662
 289	1.4400e-01	11.5681	5.588717	-0.000624	-6.243195	-2.115252	-0.050972
 290	1.4450e-01	11.6066	5.734351	0.000357	3.567540	1.208715	0.029127
 291	1.4500e-01	11.6355	6.025619	0.000714	7.135080	2.417431	0.058254
 292	1.4550e-01	11.6868	5.916394	-0.000268	-2.675655	-0.906536	-0.021845
 293	1.4600e-01	11.6965	5.807168	-0.000268	-2.675655	-0.906536	-0.021845
 294	1.4650e-01	11.7574	6.025619	0.000535	5.351310	1.813073	0.043690
 295	1.4700e-01	11.7895	6.426114	0.000981	9.810735	3.323967	0.080099
 296	1.4750e-01	11.8489	6.062028	-0.000892	-8.918850	-3.021788	-0.072817
 297	1.4800e-01	11.8809	6.316888	0.000624	6.243195	2.115252	0.050972
 298	1.4850e-01	11.9146	6.244071	-0.000178	-1.783770	-0.604358	-0.014563
 299	1.4900e-01	11.9580	6.608157	0.000892	8.918850	3.021788	0.072817
 300	1.4950e-01	11.9804	6.717382	0.000268	2.675655	0.906536	0.021845
 301	1.5000e-01	12.0526	6.935834	0.000535	5.351310	1.813073	0.043690
 302	1.5050e-01	12.0879	6.353297	-0.001427	-14.270160	-4.834861	-0.116507
 303	1.5100e-01	12.1264	6.535340	0.000446	4.459425	1.510894	0.036409
 304	1.5150e-01	12.1697	7.081468	0.001338	13.378275	4.532682	0.109226
 305	1.5200e-01	12.2178	6.935834	-0.000357	-3.567540	-1.208715	-0.029127
 306	1.5250e-01	12.2628	7.554780	0.001516	15.162045	5.137040	0.123789
 307	1.5300e-01	12.2964	6.899425	-0.001605	-16.053930	-5.439219	-0.131071
 308	1.5350e-01	12.3125	7.263511	0.000892	8.918850	3.021788	0.072817
 309	1.5400e-01	12.3590	7.045060	-0.000535	-5.351310	-1.813073	-0.043690
 310	1.5450e-01	12.4055	7.518371	0.001159	11.594505	3.928325	0.094662
 311	1.5500e-01	12.4488	7.008651	-0.001249	-12.486390	-4.230503	-0.101944
 312	1.5550e-01	12.4825	7.736823	0.001784	17.837700	6.043576	0.145634
 313	1.5600e-01	12.5034	7.445554	-0.000714	-7.135080	-2.417431	-0.058254
 314	1.5650e-01	12.5740	7.554780	0.000268	2.675655	0.906536	0.021845
 315	1.5700e-01	12.6237	7.773231	0.000535	5.351310	1.813073	0.043690
 316	1.5750e-01	12.6654	7.773231	0.000000	0.000000	0.000000	0.000000
 317	1.5800e-01	12.7151	7.846048	0.000178	1.783770	0.604358	0.014563
 318	1.5850e-01	12.7216	8.028091	0.000446	4.459425	1.510894	0.036409
 319	1.5900e-01	12.7585	7.955274	-0.000178	-1.783770	-0.604358	-0.014563
 320	1.5950e-01	12.8034	8.246543	0.000714	7.135080	2.417431	0.058254
 321	1.6000e-01	12.8531	8.137317	-0.000268	-2.675655	-0.906536	-0.021845
 322	1.6050e-01	12.8515	8.064500	0.000178	1.783770	0.604358	-0.014563
 323	1.6100e-01	12.9430	8.392177	0.000803	8.026965	2.719609	0.065535
 324	1.6150e-01	12.9301	8.574220	-0.000446	-4.459425	-1.510894	0.036409
 325	1.6200e-01	12.9959	8.501403	-0.000178	-1.783770	-0.604358	-0.014563
 326	1.6250e-01	13.0569	8.683446	0.000446	4.459425	1.510894	0.036409
 327	1.6300e-01	13.0873	8.464994	-0.000535	-5.351310	-1.813073	-0.043690
 328	1.6350e-01	13.1306	8.537811	0.000178	1.783770	0.604358	0.014563
 329	1.6400e-01	13.1916	8.683446	0.000357	3.567540	1.208715	0.029127
 330	1.6450e-01	13.2221	8.792671	0.000268	2.675655	0.906536	0.021845
 331	1.6500e-01	13.2397	8.974714	0.000446	4.459425	1.510894	0.036409
 332	1.6550e-01	13.2782	8.938306	-0.000089	-0.891885	-0.302179	-0.007282
 333	1.6600e-01	13.3023	9.047531	0.000268	2.675655	0.906536	0.021845
 334	1.6650e-01	13.3552	9.338800	0.000714	7.135080	2.417431	0.058254
 335	1.6700e-01	13.4034	9.375209	0.000089	0.891885	0.302179	0.007282
 336	1.6750e-01	13.4082	9.047531	-0.000803	-8.026965	-2.719609	-0.065535
 337	1.6800e-01	13.4804	9.520843	0.001159	11.594505	3.928325	0.094662
 338	1.6850e-01	13.5237	9.229574	-0.000714	-7.135080	-2.417431	-0.058254
 339	1.6900e-01	13.5590	9.484434	0.000624	6.243195	2.115252	0.050972
 340	1.6950e-01	13.6231	9.593660	0.000268	2.675655	0.906536	0.021845
 341	1.7000e-01	13.6520	9.557251	-0.000089	-0.891885	-0.302179	-0.007282
 342	1.7050e-01	13.7114	9.520843	-0.000089	-0.891885	-0.302179	-0.007282
 343	1.7100e-01	13.7306	9.994154	0.001159	11.594505	3.928325	0.094662
 344	1.7150e-01	13.7643	9.775703	-0.000535	-5.351310	-1.813073	-0.043690
 345	1.7200e-01	13.8140	9.994154	0.000535	5.351310	1.813073	0.043690
 346	1.7250e-01	13.8445	9.921337	-0.000178	-1.783770	-0.604358	-0.014563
 347	1.7300e-01	13.8670	10.103380	0.000446	4.459425	1.510894	0.036409
 348	1.7350e-01	13.9263	10.249014	0.000357	3.567540	1.208715	0.029127
 349	1.7400e-01	13.9616	10.176197	-0.000178	-1.783770	-0.604358	-0.014563
 350	1.7450e-01	13.9809	10.394649	0.000535	5.351310	1.813073	0.043690
 351	1.7500e-01	14.0178	10.685917	0.000714	7.135080	2.417431	0.058254
 352	1.7550e-01	14.0755	10.503874	-0.000446	-4.459425	-1.510894	-0.036409
 353	1.7600e-01	14.1028	10.431057	-0.000178	-1.783770	-0.604358	-0.014563
 354	1.7650e-01	14.1574	10.795143	0.000892	8.918850	3.021788	0.072817
 355	1.7700e-01	14.1926	10.685917	-0.000268	-2.675655	-0.906536	-0.021845
 356	1.7750e-01	14.2263	10.758734	0.000178	1.783770	0.604358	0.014563
 357	1.7800e-01	14.2777	10.685917	-0.000178	-1.783770	-0.604358	-0.014563
 358	1.7850e-01	14.3194	10.758734	0.000178	1.783770	0.604358	0.014563
 359	1.7900e-01	14.3771	10.685917	-0.000178	-1.783770	-0.604358	-0.014563
 360	1.7950e-01	14.4301	11.268455	0.001427	14.270160	4.834861	0.116507
 361	1.8000e-01	14.4381	11.159229	-0.000268	-2.675655	-0.906536	-0.021845
 362	1.8050e-01	14.4734	11.013595	-0.000357	-3.567540	-1.208715	-0.029127
 363	1.8100e-01	14.5311	11.086412	0.000178	1.783770	0.604358	0.014563
 364	1.8150e-01	14.5552	11.668949	0.001427	14.270160	4.834861	0.116507
 365	1.8200e-01	14.5873	11.122820	-0.001338	-13.378275	-4.532682	-0.109226
 366	1.8250e-01	14.6515	11.850992	0.001784	17.837700	6.043576	0.145634
 367	1.8300e-01	14.6771	11.414089	-0.001070	-10.702620	-3.626146	-0.087381
 368	1.8350e-01	14.7269	11.850992	0.001070	10.702620	3.626146	0.087381
 369	1.8400e-01	14.7686	11.705357	-0.000357	-3.567540	-1.208715	-0.029127
 370	1.8450e-01	14.7910	11.814583	0.000268	2.675655	0.906536	0.021845
 371	1.8500e-01	14.8183	11.632540	-0.000446	-4.459425	-1.510894	-0.036409
 372	1.8550e-01	14.8953	11.814583	0.000446	4.459425	1.510894	0.036409
 373	1.8600e-01	14.9322	11.850992	0.000089	0.891885	0.302179	0.007282
 374	1.8650e-01	14.9482	11.778175	-0.000178	-1.783770	-0.604358	-0.014563
 375	1.8700e-01	14.9723	12.215078	0.001070	10.702620	3.626146	0.087381
 376	1.8750e-01	15.0541	12.142260	-0.000178	-1.783770	-0.604358	-0.014563
 377	1.8800e-01	15.0846	12.469938	0.000803	8.026965	2.719609	0.065535
 378	1.8850e-01	15.1183	12.397120	-0.000178	-1.783770	-0.604358	-0.014563
 379	1.8900e-01	15.1536	12.251486	-0.000357	-3.567540	-1.208715	-0.029127
 380	1.8950e-01	15.1857	12.688389	0.001070	10.702620	3.626146	0.087381
 381	1.9000e-01	15.2530	12.834023	0.000357	3.567540	1.208715	0.029127
 382	1.9050e-01	15.2915	12.360712	-0.001159	-11.594505	-3.928325	-0.094662
 383	1.9100e-01	15.3365	12.724798	0.000892	8.918850	3.021788	0.072817
 384	1.9150e-01	15.3702	12.979658	0.000624	6.243195	2.115252	0.050972
 385	1.9200e-01	15.4231	12.834023	-0.000357	-3.567540	-1.208715	-0.029127
 386	1.9250e-01	15.4343	12.688389	-0.000357	-3.567540	-1.208715	-0.029127
 387	1.9300e-01	15.4841	12.834023	0.000357	3.567540	1.208715	0.029127
 388	1.9350e-01	15.5402	13.125292	0.000714	7.135080	2.417431	0.058254
 389	1.9400e-01	15.5755	12.979658	-0.000357	-3.567540	-1.208715	-0.029127
 390	1.9450e-01	15.5996	13.525786	0.001338	13.378275	4.532682	0.109226
 391	1.9500e-01	15.6381	13.198109	-0.000803	-8.026965	-2.719609	-0.065535
 392	1.9550e-01	15.6701	13.489378	0.000714	7.135080	2.417431	0.058254
 393	1.9600e-01	15.7407	13.489378	0.000000	0.000000	0.000000	0.000000
 394	1.9650e-01	15.7696	13.707829	0.000535	5.351310	1.813073	0.043690
 395	1.9700e-01	15.7985	13.343743	-0.000892	-8.918850	-3.021788	-0.072817
 396	1.9750e-01	15.8643	13.635012	0.000714	7.135080	2.417431	0.058254
 397	1.9800e-01	15.9012	13.744238	0.000268	2.675655	0.906536	0.021845
 398	1.9850e-01	15.9220	13.780646	0.000089	0.891885	0.302179	0.007282
 399	1.9900e-01	15.9557	13.780646	0.000000	0.000000	0.000000	0.000000
 400	1.9950e-01	15.9878	13.817055	0.000089	0.891885	0.302179	0.007282
 401	2.0000e-01	16.0568	14.108324	0.000714	7.135080	2.417431	0.058254
 402	2.0050e-01	16.0985	13.889872	-0.000535	-5.351310	-1.813073	-0.043690
 403	2.0100e-01	16.1241	14.253958	0.000892	8.918850	3.021788	0.072817
 404	2.0150e-01	16.1642	14.108324	-0.000357	-3.567540	-1.208715	-0.029127
 405	2.0200e-01	16.2092	14.217549	0.000268	2.675655	0.906536	0.021845
 406	2.0250e-01	16.2413	14.108324	-0.000268	-2.675655	-0.906536	-0.021845
 407	2.0300e-01	16.2445	14.508818	0.000981	9.810735	3.323967	0.080099
 408	2.0350e-01	16.3215	14.508818	0.000000	0.000000	0.000000	0.000000
 409	2.0400e-01	16.3712	14.399592	-0.000268	-2.675655	-0.906536	-0.021845
 410	2.0450e-01	16.3921	14.436001	0.000089	0.891885	0.302179	0.007282
 411	2.0500e-01	16.4594	14.727269	0.000714	7.135080	2.417431	0.058254
 412	2.0550e-01	16.5060	14.654452	-0.000178	-1.783770	-0.604358	-0.014563
 413	2.0600e-01	16.5348	14.836495	0.000446	4.459425	1.510894	0.036409
 414	2.0650e-01	16.5862	14.763678	-0.000178	-1.783770	-0.604358	-0.014563
 415	2.0700e-01	16.5926	14.763678	0.000000	0.000000	0.000000	0.000000
 416	2.0750e-01	16.6455	14.982129	0.000535	5.351310	1.813073	0.043690
 417	2.0800e-01	16.6712	15.054947	0.000178	1.783770	0.604358	0.014563
 418	2.0850e-01	16.7321	15.164172	0.000268	2.675655	0.906536	0.021845
 419	2.0900e-01	16.7626	15.091355	-0.000178	-1.783770	-0.604358	-0.014563
 420	2.0950e-01	16.8477	15.200581	0.000268	2.675655	0.906536	0.021845
 421	2.1000e-01	16.8316	15.200581	-0.000000	-0.000000	-0.000000	0.000000
 422	2.1050e-01	16.8797	15.018538	-0.000446	-4.459425	-1.510894	-0.036409
 423	2.1100e-01	16.9423	15.673892	0.001605	16.053930	5.439219	0.131071
 424	2.1150e-01	16.9776	15.236989	-0.001070	-10.702620	-3.626146	-0.087381
 425	2.1200e-01	17.0017	15.236989	0.000000	0.000000	0.000000	0.000000
 426	2.1250e-01	17.0289	15.637484	0.000981	9.810735	3.323967	0.080099
 427	2.1300e-01	17.0947	15.382624	-0.000624	-6.243195	-2.115252	-0.050972
 428	2.1350e-01	17.1140	16.074387	0.001695	16.945815	5.741398	0.138353
 429	2.1400e-01	17.1637	15.564667	-0.001249	-12.486390	-4.230503	-0.101944
 430	2.1450e-01	17.2166	15.965161	0.000981	9.810735	3.323967	0.080099
 431	2.1500e-01	17.2327	15.819527	-0.000357	-3.567540	-1.208715	-0.029127
 432	2.1550e-01	17.2760	16.183612	0.000892	8.918850	3.021788	0.072817
 433	2.1600e-01	17.3225	16.147204	-0.000089	-0.891885	-0.302179	-0.007282
 434	2.1650e-01	17.3610	15.855935	-0.000714	-7.135080	-2.417431	-0.058254
 435	2.1700e-01	17.3899	16.256430	0.000981	9.810735	3.323967	0.080099
 436	2.1750e-01	17.4236	16.110795	-0.000357	-3.567540	-1.208715	-0.029127
 437	2.1800e-01	17.4974	16.329247	0.000535	5.351310	1.813073	0.043690
 438	2.1850e-01	17.4974	16.365655	-0.000089	-0.891885	-0.302179	0.007282
 439	2.1900e-01	17.5712	16.329247	-0.000089	-0.891885	-0.302179	-0.007282
 440	2.1950e-01	17.5968	16.656924	0.000803	8.026965	2.719609	0.065535
 441	2.2000e-01	17.6209	16.838967	0.000446	4.459425	1.510894	0.036409
 442	2.2050e-01	17.6786	16.511290	-0.000803	-8.026965	-2.719609	-0.065535
 443	2.2100e-01	17.6995	16.693333	0.000446	4.459425	1.510894	0.036409
 444	2.2150e-01	17.7765	16.766150	0.000178	1.783770	0.604358	0.014563
 445	2.2200e-01	17.8134	16.984601	0.000535	5.351310	1.813073	0.043690
 446	2.2250e-01	17.8455	16.729741	-0.000624	-6.243195	-2.115252	-0.050972
 447	2.2300e-01	17.8936	17.567138	0.002051	20.513355	6.950113	0.167479
 448	2.2350e-01	17.9241	16.584107	-0.002408	-24.080895	-8.158828	-0.196606
 449	2.2400e-01	17.9738	17.093827	0.001249	12.486390	4.230503	0.101944
 450	2.2450e-01	17.9995	17.093827	0.000000	0.000000	0.000000	0.000000
 451	2.2500e-01	18.0492	17.348687	0.000624	6.243195	2.115252	0.050972
 452	2.2550e-01	18.1118	17.130235	-0.000535	-5.351310	-1.813073	-0.043690
 453	2.2600e-01	18.1359	17.385096	0.000624	6.243195	2.115252	0.050972
 454	2.2650e-01	18.1647	17.749181	0.000892	8.918850	3.021788	0.072817
 455	2.2700e-01	18.1647	17.639956	0.000268	2.675655	0.906536	-0.021845
 456	2.2750e-01	18.2353	17.494321	-0.000357	-3.567540	-1.208715	-0.029127
 457	2.2800e-01	18.2995	17.567138	0.000178	1.783770	0.604358	0.014563
 458	2.2850e-01	18.2931	17.567138	-0.000000	-0.000000	-0.000000	0.000000
 459	2.2900e-01	18.3717	17.931224	0.000892	8.918850	3.021788	0.072817
 460	2.2950e-01	18.4054	17.639956	-0.000714	-7.135080	-2.417431	-0.058254
 461	2.3000e-01	18.4342	17.967633	0.000803	8.026965	2.719609	0.065535
 462	2.3050e-01	18.5032	17.858407	-0.000268	-2.675655	-0.906536	-0.021845
 463	2.3100e-01	18.5225	18.040450	0.000446	4.459425	1.510894	0.036409
 464	2.3150e-01	18.5449	18.186084	0.000357	3.567540	1.208715	0.029127
 465	2.3200e-01	18.6075	18.149676	-0.000089	-0.891885	-0.302179	-0.007282
 466	2.3250e-01	18.6380	18.186084	0.000089	0.891885	0.302179	0.007282
 467	2.3300e-01	18.6861	18.295310	0.000268	2.675655	0.906536	0.021845
 468	2.3350e-01	18.7198	18.477353	0.000446	4.459425	1.510894	0.036409
 469	2.3400e-01	18.7567	18.149676	-0.000803	-8.026965	-2.719609	-0.065535
 470	2.3450e-01	18.7808	18.659396	0.001249	12.486390	4.230503	0.101944
 471	2.3500e-01	18.8209	18.586579	-0.000178	-1.783770	-0.604358	-0.014563
 472	2.3550e-01	18.8738	18.622987	0.000089	0.891885	0.302179	0.007282
 473	2.3600e-01	18.8963	18.586579	-0.000089	-0.891885	-0.302179	-0.007282
 474	2.3650e-01	18.9508	18.768621	0.000446	4.459425	1.510894	0.036409
 475	2.3700e-01	19.0198	18.695804	-0.000178	-1.783770	-0.604358	-0.014563
 476	2.3750e-01	19.0455	18.732213	0.000089	0.891885	0.302179	0.007282
 477	2.3800e-01	19.0840	18.622987	-0.000268	-2.675655	-0.906536	-0.021845
 478	2.3850e-01	19.1289	18.841439	0.000535	5.351310	1.813073	0.043690
 479	2.3900e-01	19.1481	19.059890	0.000535	5.351310	1.813073	0.043690
 480	2.3950e-01	19.1979	19.205524	0.000357	3.567540	1.208715	0.029127
 481	2.4000e-01	19.2348	19.023481	-0.000446	-4.459425	-1.510894	-0.036409
 482	2.4050e-01	19.2733	19.023481	0.000000	0.000000	0.000000	0.000000
 483	2.4100e-01	19.3005	19.132707	0.000268	2.675655	0.906536	0.021845
 484	2.4150e-01	19.3679	19.023481	-0.000268	-2.675655	-0.906536	-0.021845
 485	2.4200e-01	19.3823	19.533202	0.001249	12.486390	4.230503	0.101944
 486	2.4250e-01	19.4128	19.387567	-0.000357	-3.567540	-1.208715	-0.029127
 487	2.4300e-01	19.4674	19.241933	-0.000357	-3.567540	-1.208715	-0.029127
 488	2.4350e-01	19.5315	19.496793	0.000624	6.243195	2.115252	0.050972
 489	2.4400e-01	19.5716	19.642427	0.000357	3.567540	1.208715	0.029127
 490	2.4450e-01	19.6085	19.606019	-0.000089	-0.891885	-0.302179	-0.007282
 491	2.4500e-01	19.6470	19.533202	-0.000178	-1.783770	-0.604358	-0.014563
 492	2.4550e-01	19.6807	20.042922	0.001249	12.486390	4.230503	0.101944
 493	2.4600e-01	19.7240	19.788062	-0.000624	-6.243195	-2.115252	-0.050972
 494	2.4650e-01	19.7914	19.970104	0.000446	4.459425	1.510894	0.036409
 495	2.4700e-01	19.7898	20.152147	-0.000446	-4.459425	-1.510894	0.036409
 496	2.4750e-01	19.8283	20.006513	-0.000357	-3.567540	-1.208715	-0.029127
 497	2.4800e-01	19.8973	20.152147	0.000357	3.567540	1.208715	0.029127
 498	2.4850e-01	19.9166	20.006513	-0.000357	-3.567540	-1.208715	-0.029127
 499	2.4900e-01	19.9567	20.407007	0.000981	9.810735	3.323967	0.080099
 500	2.4950e-01	20.0064	20.552642	0.000357	3.567540	1.208715	0.029127
 501	2.5000e-01	20.0385	20.370599	-0.000446	-4.459425	-1.510894	-0.036409
 502	2.5050e-01	19.9663	20.297782	0.000178	1.783770	0.604358	-0.014563
 503	2.5100e-01	19.9342	20.261373	0.000089	0.891885	0.302179	-0.007282
 504	2.5150e-01	19.8748	20.297782	-0.000089	-0.891885	-0.302179	0.007282
 505	2.5200e-01	19.8588	20.407007	-0.000268	-2.675655	-0.906536	0.021845
 506	2.5250e-01	19.8428	20.479825	-0.000178	-1.783770	-0.604358	0.014563
 507	2.5300e-01	19.7850	20.261373	0.000535	5.351310	1.813073	-0.043690
 508	2.5350e-01	19.7369	20.552642	-0.000714	-7.135080	-2.417431	0.058254
 509	2.5400e-01	19.6791	20.079330	0.001159	11.594505	3.928325	-0.094662
 510	2.5450e-01	19.6358	19.970104	0.000268	2.675655	0.906536	-0.021845
 511	2.5500e-01	19.5893	20.516233	-0.001338	-13.378275	-4.532682	0.109226
 512	2.5550e-01	19.5748	19.642427	0.002141	21.405240	7.252292	-0.174761
 513	2.5600e-01	19.5412	20.152147	-0.001249	-12.486390	-4.230503	0.101944
 514	2.5650e-01	19.5155	19.824470	0.000803	8.026965	2.719609	-0.065535
 515	2.5700e-01	19.4722	19.788062	0.000089	0.891885	0.302179	-0.007282
 516	2.5750e-01	19.3968	19.933696	-0.000357	-3.567540	-1.208715	0.029127
 517	2.5800e-01	19.4048	19.678836	-0.000624	-6.243195	-2.115252	-0.050972
 518	2.5850e-01	19.3583	19.824470	-0.000357	-3.567540	-1.208715	0.029127
 519	2.5900e-01	19.2989	19.533202	0.000714	7.135080	2.417431	-0.058254
 520	2.5950e-01	19.2428	19.314750	0.000535	5.351310	1.813073	-0.043690
 521	2.6000e-01	19.2059	19.642427	-0.000803	-8.026965	-2.719609	0.065535
 522	2.6050e-01	19.1754	19.496793	0.000357	3.567540	1.208715	-0.029127
 523	2.6100e-01	19.1497	19.496793	-0.000000	-0.000000	-0.000000	0.000000
 524	2.6150e-01	19.0631	19.387567	0.000268	2.675655	0.906536	-0.021845
 525	2.6200e-01	19.0535	19.205524	0.000446	4.459425	1.510894	-0.036409
 526	2.6250e-01	19.0070	19.606019	-0.000981	-9.810735	-3.323967	0.080099
 527	2.6300e-01	18.9829	19.096299	0.001249	12.486390	4.230503	-0.101944
 528	2.6350e-01	18.9476	19.169116	-0.000178	-1.783770	-0.604358	0.014563
 529	2.6400e-01	18.9299	19.314750	-0.000357	-3.567540	-1.208715	0.029127
 530	2.6450e-01	18.8529	18.987073	0.000803	8.026965	2.719609	-0.065535
 531	2.6500e-01	18.8080	19.059890	-0.000178	-1.783770	-0.604358	0.014563
 532	2.6550e-01	18.7808	18.768621	0.000714	7.135080	2.417431	-0.058254
 533	2.6600e-01	18.7310	18.768621	-0.000000	-0.000000	-0.000000	0.000000
 534	2.6650e-01	18.6877	18.950664	-0.000446	-4.459425	-1.510894	0.036409
 535	2.6700e-01	18.6572	18.659396	0.000714	7.135080	2.417431	-0.058254
 536	2.6750e-01	18.6075	18.695804	-0.000089	-0.891885	-0.302179	0.007282
 537	2.6800e-01	18.5802	18.877847	-0.000446	-4.459425	-1.510894	0.036409
 538	2.6850e-01	18.5369	18.768621	0.000268	2.675655	0.906536	-0.021845
 539	2.6900e-01	18.4872	18.695804	0.000178	1.783770	0.604358	-0.014563
 540	2.6950e-01	18.4711	18.841439	-0.000357	-3.567540	-1.208715	0.029127
 541	2.7000e-01	18.4230	18.550170	0.000714	7.135080	2.417431	-0.058254
 542	2.7050e-01	18.3685	18.622987	-0.000178	-1.783770	-0.604358	0.014563
 543	2.7100e-01	18.3268	18.404536	0.000535	5.351310	1.813073	-0.043690
 544	2.7150e-01	18.2995	18.368127	0.000089	0.891885	0.302179	-0.007282
 545	2.7200e-01	18.2401	18.113267	0.000624	6.243195	2.115252	-0.050972
 546	2.7250e-01	18.2145	18.222493	-0.000268	-2.675655	-0.906536	0.021845
 547	2.7300e-01	18.1567	18.295310	-0.000178	-1.783770	-0.604358	0.014563
 548	2.7350e-01	18.1535	17.967633	0.000803	8.026965	2.719609	-0.065535
 549	2.7400e-01	18.0974	18.258901	-0.000714	-7.135080	-2.417431	0.058254
 550	2.7450e-01	18.0236	18.113267	0.000357	3.567540	1.208715	-0.029127
 551	2.7500e-01	18.0332	17.639956	-0.001159	-11.594505	-3.928325	-0.094662
 552	2.7550e-01	17.9642	18.113267	-0.001159	-11.594505	-3.928325	0.094662
 553	2.7600e-01	17.9449	17.858407	0.000624	6.243195	2.115252	-0.050972
 554	2.7650e-01	17.8984	17.712773	0.000357	3.567540	1.208715	-0.029127
 555	2.7700e-01	17.8455	17.785590	-0.000178	-1.783770	-0.604358	0.014563
 556	2.7750e-01	17.8182	17.385096	0.000981	9.810735	3.323967	-0.080099
 557	2.7800e-01	17.7476	17.567138	-0.000446	-4.459425	-1.510894	0.036409
 558	2.7850e-01	17.7332	17.676364	-0.000268	-2.675655	-0.906536	0.021845
 559	2.7900e-01	17.6802	17.348687	0.000803	8.026965	2.719609	-0.065535
 560	2.7950e-01	17.6722	17.494321	-0.000357	-3.567540	-1.208715	0.029127
 561	2.8000e-01	17.6032	17.639956	-0.000357	-3.567540	-1.208715	0.029127
 562	2.8050e-01	17.5663	17.057418	0.001427	14.270160	4.834861	-0.116507
 563	2.8100e-01	17.5278	17.567138	-0.001249	-12.486390	-4.230503	0.101944
 564	2.8150e-01	17.5006	17.312278	0.000624	6.243195	2.115252	-0.050972
 565	2.8200e-01	17.4893	16.838967	0.001159	11.594505	3.928325	-0.094662
 566	2.8250e-01	17.3995	17.130235	-0.000714	-7.135080	-2.417431	0.058254
 567	2.8300e-01	17.4043	16.766150	-0.000892	-8.918850	-3.021788	-0.072817
 568	2.8350e-01	17.3434	17.021010	-0.000624	-6.243195	-2.115252	0.050972
 569	2.8400e-01	17.3081	16.838967	0.000446	4.459425	1.510894	-0.036409
 570	2.8450e-01	17.2583	16.948193	-0.000268	-2.675655	-0.906536	0.021845
 571	2.8500e-01	17.2006	17.093827	-0.000357	-3.567540	-1.208715	0.029127
 572	2.8550e-01	17.1813	16.474881	0.001516	15.162045	5.137040	-0.123789
 573	2.8600e-01	17.1669	16.584107	-0.000268	-2.675655	-0.906536	0.021845
 574	2.8650e-01	17.0963	16.948193	-0.000892	-8.918850	-3.021788	0.072817
 575	2.8700e-01	17.0546	16.620515	0.000803	8.026965	2.719609	-0.065535
 576	2.8750e-01	17.0257	16.584107	0.000089	0.891885	0.302179	-0.007282
 577	2.8800e-01	16.9680	16.256430	0.000803	8.026965	2.719609	-0.065535
 578	2.8850e-01	16.9503	16.693333	-0.001070	-10.702620	-3.626146	0.087381
 579	2.8900e-01	16.8829	16.256430	0.001070	10.702620	3.626146	-0.087381
 580	2.8950e-01	16.8557	16.329247	-0.000178	-1.783770	-0.604358	0.014563
 581	2.9000e-01	16.8557	16.329247	-0.000000	-0.000000	-0.000000	0.000000
 582	2.9050e-01	16.7690	16.001570	0.000803	8.026965	2.719609	-0.065535
 583	2.9100e-01	16.7578	15.965161	0.000089	0.891885	0.302179	-0.007282
 584	2.9150e-01	16.6985	16.329247	-0.000892	-8.918850	-3.021788	0.072817
 585	2.9200e-01	16.6535	16.220021	0.000268	2.675655	0.906536	-0.021845
 586	2.9250e-01	16.6231	16.220021	-0.000000	-0.000000	-0.000000	0.000000
 587	2.9300e-01	16.5797	15.673892	0.001338	13.378275	4.532682	-0.109226
 588	2.9350e-01	16.5493	15.564667	0.000268	2.675655	0.906536	-0.021845
 589	2.9400e-01	16.5027	15.965161	-0.000981	-9.810735	-3.323967	0.080099
 590	2.9450e-01	16.4466	15.783118	0.000446	4.459425	1.510894	-0.036409
 591	2.9500e-01	16.4370	15.892344	-0.000268	-2.675655	-0.906536	0.021845
 592	2.9550e-01	16.3648	15.528258	0.000892	8.918850	3.021788	-0.072817
 593	2.9600e-01	16.3648	15.054947	0.001159	11.594505	3.928325	-0.094662
 594	2.9650e-01	16.3070	15.491849	-0.001070	-10.702620	-3.626146	0.087381
 595	2.9700e-01	16.2589	15.455441	0.000089	0.891885	0.302179	-0.007282
 596	2.9750e-01	16.2316	15.091355	0.000892	8.918850	3.021788	-0.072817
 597	2.9800e-01	16.1723	15.127764	-0.000089	-0.891885	-0.302179	0.007282
 598	2.9850e-01	16.1081	15.164172	-0.000089	-0.891885	-0.302179	0.007282
 599	2.9900e-01	16.0760	15.091355	0.000178	1.783770	0.604358	-0.014563
 600	2.9950e-01	16.0712	15.127764	-0.000089	-0.891885	-0.302179	0.007282
 601	3.0000e-01	16.0343	14.909312	0.000535	5.351310	1.813073	-0.043690
 602	3.0050e-01	15.9766	14.836495	0.000178	1.783770	0.604358	-0.014563
 603	3.0100e-01	15.9268	14.836495	-0.000000	-0.000000	-0.000000	0.000000
 604	3.0150e-01	15.8899	14.836495	-0.000000	-0.000000	-0.000000	0.000000
 605	3.0200e-01	15.8530	14.654452	0.000446	4.459425	1.510894	-0.036409
 606	3.0250e-01	15.8049	14.836495	-0.000446	-4.459425	-1.510894	0.036409
 607	3.0300e-01	15.7632	14.399592	0.001070	10.702620	3.626146	-0.087381
 608	3.0350e-01	15.7231	15.018538	-0.001516	-15.162045	-5.137040	0.123789
 609	3.0400e-01	15.6974	14.618044	0.000981	9.810735	3.323967	-0.080099
 610	3.0450e-01	15.6814	14.436001	0.000446	4.459425	1.510894	-0.036409
 611	3.0500e-01	15.6092	14.144732	0.000714	7.135080	2.417431	-0.058254
 612	3.0550e-01	15.5723	14.763678	-0.001516	-15.162045	-5.137040	0.123789
 613	3.0600e-01	15.5418	13.926281	0.002051	20.513355	6.950113	-0.167479
 614	3.0650e-01	15.4985	14.253958	-0.000803	-8.026965	-2.719609	0.065535
 615	3.0700e-01	15.4600	14.290366	-0.000089	-0.891885	-0.302179	0.007282
 616	3.0750e-01	15.4247	14.290366	-0.000000	-0.000000	-0.000000	0.000000
 617	3.0800e-01	15.3814	13.999098	0.000714	7.135080	2.417431	-0.058254
 618	3.0850e-01	15.3541	14.035506	-0.000089	-0.891885	-0.302179	0.007282
 619	3.0900e-01	15.2915	13.999098	0.000089	0.891885	0.302179	-0.007282
 620	3.0950e-01	15.2675	13.962689	0.000089	0.891885	0.302179	-0.007282
 621	3.1000e-01	15.1985	13.889872	0.000178	1.783770	0.604358	-0.014563
 622	3.1050e-01	15.1728	13.744238	0.000357	3.567540	1.208715	-0.029127
 623	3.1100e-01	15.1311	13.780646	-0.000089	-0.891885	-0.302179	0.007282
 624	3.1150e-01	15.0990	13.707829	0.000178	1.783770	0.604358	-0.014563
 625	3.1200e-01	15.0782	13.671421	0.000089	0.891885	0.302179	-0.007282
 626	3.1250e-01	14.9948	13.380152	0.000714	7.135080	2.417431	-0.058254
 627	3.1300e-01	14.9691	13.780646	-0.000981	-9.810735	-3.323967	0.080099
 628	3.1350e-01	14.9627	13.343743	0.001070	10.702620	3.626146	-0.087381
 629	3.1400e-01	14.9049	13.234518	0.000268	2.675655	0.906536	-0.021845
 630	3.1450e-01	14.8472	13.489378	-0.000624	-6.243195	-2.115252	0.050972
 631	3.1500e-01	14.8167	13.198109	0.000714	7.135080	2.417431	-0.058254
 632	3.1550e-01	14.7622	13.452969	-0.000624	-6.243195	-2.115252	0.050972
 633	3.1600e-01	14.7381	12.943249	0.001249	12.486390	4.230503	-0.101944
 634	3.1650e-01	14.7076	13.234518	-0.000714	-7.135080	-2.417431	0.058254
 635	3.1700e-01	14.6787	13.052475	0.000446	4.459425	1.510894	-0.036409
 636	3.1750e-01	14.6306	13.016066	0.000089	0.891885	0.302179	-0.007282
 637	3.1800e-01	14.5825	12.906841	0.000268	2.675655	0.906536	-0.021845
 638	3.1850e-01	14.5616	12.651980	0.000624	6.243195	2.115252	-0.050972
 639	3.1900e-01	14.5183	12.579163	0.000178	1.783770	0.604358	-0.014563
 640	3.1950e-01	14.4606	12.469938	0.000268	2.675655	0.906536	-0.021845
 641	3.2000e-01	14.4172	12.906841	-0.001070	-10.702620	-3.626146	0.087381
 642	3.2050e-01	14.3755	12.506346	0.000981	9.810735	3.323967	-0.080099
 643	3.2100e-01	14.3210	12.688389	-0.000446	-4.459425	-1.510894	0.036409
 644	3.2150e-01	14.2873	12.506346	0.000446	4.459425	1.510894	-0.036409
 645	3.2200e-01	14.2568	12.506346	-0.000000	-0.000000	-0.000000	0.000000
 646	3.2250e-01	14.2344	12.324303	0.000446	4.459425	1.510894	-0.036409
 647	3.2300e-01	14.1734	12.215078	0.000268	2.675655	0.906536	-0.021845
 648	3.2350e-01	14.1317	12.142260	0.000178	1.783770	0.604358	-0.014563
 649	3.2400e-01	14.0804	11.996626	0.000357	3.567540	1.208715	-0.029127
 650	3.2450e-01	14.0386	12.105852	-0.000268	-2.675655	-0.906536	0.021845
 651	3.2500e-01	14.0226	11.778175	0.000803	8.026965	2.719609	-0.065535
 652	3.2550e-01	13.9889	11.960218	-0.000446	-4.459425	-1.510894	0.036409
 653	3.2600e-01	13.9360	11.960218	-0.000000	-0.000000	-0.000000	0.000000
 654	3.2650e-01	13.8911	11.523315	0.001070	10.702620	3.626146	-0.087381
 655	3.2700e-01	13.8574	11.523315	-0.000000	-0.000000	-0.000000	0.000000
 656	3.2750e-01	13.8124	11.632540	-0.000268	-2.675655	-0.906536	0.021845
 657	3.2800e-01	13.7836	11.596132	0.000089	0.891885	0.302179	-0.007282
 658	3.2850e-01	13.7499	11.559723	0.000089	0.891885	0.302179	-0.007282
 659	3.2900e-01	13.7066	11.377680	0.000446	4.459425	1.510894	-0.036409
 660	3.2950e-01	13.6552	11.668949	-0.000714	-7.135080	-2.417431	0.058254
 661	3.3000e-01	13.6264	11.232046	0.001070	10.702620	3.626146	-0.087381
 662	3.3050e-01	13.5397	11.159229	0.000178	1.783770	0.604358	-0.014563
 663	3.3100e-01	13.5413	11.414089	0.000624	6.243195	2.115252	0.050972
 664	3.3150e-01	13.5076	10.904369	0.001249	12.486390	4.230503	-0.101944
 665	3.3200e-01	13.4322	11.050003	-0.000357	-3.567540	-1.208715	0.029127
 666	3.3250e-01	13.4098	10.904369	0.000357	3.567540	1.208715	-0.029127
 667	3.3300e-01	13.3953	10.867960	0.000089	0.891885	0.302179	-0.007282
 668	3.3350e-01	13.3199	10.649509	0.000535	5.351310	1.813073	-0.043690
 669	3.3400e-01	13.3103	11.013595	-0.000892	-8.918850	-3.021788	0.072817
 670	3.3450e-01	13.2365	10.795143	0.000535	5.351310	1.813073	-0.043690
 671	3.3500e-01	13.2125	10.431057	0.000892	8.918850	3.021788	-0.072817
 672	3.3550e-01	13.1691	10.722326	-0.000714	-7.135080	-2.417431	0.058254
 673	3.3600e-01	13.1339	10.722326	-0.000000	-0.000000	-0.000000	0.000000
 674	3.3650e-01	13.0954	9.884929	0.002051	20.513355	6.950113	-0.167479
 675	3.3700e-01	13.0697	10.613100	-0.001784	-17.837700	-6.043576	0.145634
 676	3.3750e-01	13.0376	10.540283	0.000178	1.783770	0.604358	-0.014563
 677	3.3800e-01	12.9831	9.994154	0.001338	13.378275	4.532682	-0.109226
 678	3.3850e-01	12.9397	10.321832	-0.000803	-8.026965	-2.719609	0.065535
 679	3.3900e-01	12.9269	10.030563	0.000714	7.135080	2.417431	-0.058254
 680	3.3950e-01	12.8499	9.775703	0.000624	6.243195	2.115252	-0.050972
 681	3.4000e-01	12.8114	10.139789	-0.000892	-8.918850	-3.021788	0.072817
 682	3.4050e-01	12.7761	9.848520	0.000714	7.135080	2.417431	-0.058254
 683	3.4100e-01	12.7456	10.030563	-0.000446	-4.459425	-1.510894	0.036409
 684	3.4150e-01	12.7055	10.103380	-0.000178	-1.783770	-0.604358	0.014563
 685	3.4200e-01	12.6750	9.593660	0.001249	12.486390	4.230503	-0.101944
 686	3.4250e-01	12.6317	9.884929	-0.000714	-7.135080	-2.417431	0.058254
 687	3.4300e-01	12.5836	9.812111	0.000178	1.783770	0.604358	-0.014563
 688	3.4350e-01	12.5291	9.302391	0.001249	12.486390	4.230503	-0.101944
 689	3.4400e-01	12.4986	9.593660	-0.000714	-7.135080	-2.417431	0.058254
 690	3.4450e-01	12.4553	9.229574	0.000892	8.918850	3.021788	-0.072817
 691	3.4500e-01	12.4055	9.265983	-0.000089	-0.891885	-0.302179	0.007282
 692	3.4550e-01	12.4023	9.302391	-0.000089	-0.891885	-0.302179	0.007282
 693	3.4600e-01	12.3333	9.156757	0.000357	3.567540	1.208715	-0.029127
 694	3.4650e-01	12.2916	9.047531	0.000268	2.675655	0.906536	-0.021845
 695	3.4700e-01	12.2676	8.829080	0.000535	5.351310	1.813073	-0.043690
 696	3.4750e-01	12.2259	9.047531	-0.000535	-5.351310	-1.813073	0.043690
 697	3.4800e-01	12.1841	9.120349	-0.000178	-1.783770	-0.604358	0.014563
 698	3.4850e-01	12.1489	8.829080	0.000714	7.135080	2.417431	-0.058254
 699	3.4900e-01	12.1136	8.901897	-0.000178	-1.783770	-0.604358	0.014563
 700	3.4950e-01	12.0382	8.428586	0.001159	11.594505	3.928325	-0.094662
 701	3.5000e-01	12.0157	8.574220	-0.000357	-3.567540	-1.208715	0.029127
 702	3.5050e-01	11.9948	8.719854	-0.000357	-3.567540	-1.208715	0.029127
 703	3.5100e-01	11.9387	8.246543	0.001159	11.594505	3.928325	-0.094662
 704	3.5150e-01	11.9146	8.537811	-0.000714	-7.135080	-2.417431	0.058254
 705	3.5200e-01	11.8777	8.137317	0.000981	9.810735	3.323967	-0.080099
 706	3.5250e-01	11.8312	8.173726	-0.000089	-0.891885	-0.302179	0.007282
 707	3.5300e-01	11.7991	8.137317	0.000089	0.891885	0.302179	-0.007282
 708	3.5350e-01	11.7237	8.173726	-0.000089	-0.891885	-0.302179	0.007282
 709	3.5400e-01	11.7253	7.991683	-0.000446	-4.459425	-1.510894	-0.036409
 710	3.5450e-01	11.6820	8.137317	-0.000357	-3.567540	-1.208715	0.029127
 711	3.5500e-01	11.6130	7.664005	0.001159	11.594505	3.928325	-0.094662
 712	3.5550e-01	11.5922	7.955274	-0.000714	-7.135080	-2.417431	0.058254
 713	3.5600e-01	11.5505	7.918865	0.000089	0.891885	0.302179	-0.007282
 714	3.5650e-01	11.5216	8.100908	-0.000446	-4.459425	-1.510894	0.036409
 715	3.5700e-01	11.4446	7.591188	0.001249	12.486390	4.230503	-0.101944
 716	3.5750e-01	11.4221	7.008651	0.001427	14.270160	4.834861	-0.116507
 717	3.5800e-01	11.3580	7.809640	-0.001962	-19.621470	-6.647934	0.160198
 718	3.5850e-01	11.3323	7.481963	0.000803	8.026965	2.719609	-0.065535
 719	3.5900e-01	11.3066	7.700414	-0.000535	-5.351310	-1.813073	0.043690
 720	3.5950e-01	11.2681	7.299920	0.000981	9.810735	3.323967	-0.080099
 721	3.6000e-01	11.2296	7.372737	-0.000178	-1.783770	-0.604358	0.014563
 722	3.6050e-01	11.1911	7.008651	0.000892	8.918850	3.021788	-0.072817
 723	3.6100e-01	11.1302	7.154285	-0.000357	-3.567540	-1.208715	0.029127
 724	3.6150e-01	11.0869	7.081468	0.000178	1.783770	0.604358	-0.014563
 725	3.6200e-01	11.0612	6.863017	0.000535	5.351310	1.813073	-0.043690
 726	3.6250e-01	11.0467	7.117877	-0.000624	-6.243195	-2.115252	0.050972
 727	3.6300e-01	10.9569	7.045060	0.000178	1.783770	0.604358	-0.014563
 728	3.6350e-01	10.9328	6.680974	0.000892	8.918850	3.021788	-0.072817
 729	3.6400e-01	10.8927	6.644565	0.000089	0.891885	0.302179	-0.007282
 730	3.6450e-01	10.8703	7.045060	-0.000981	-9.810735	-3.323967	0.080099
 731	3.6500e-01	10.8350	6.498931	0.001338	13.378275	4.532682	-0.109226
 732	3.6550e-01	10.7468	6.644565	-0.000357	-3.567540	-1.208715	0.029127
 733	3.6600e-01	10.7468	6.171254	0.001159	11.594505	3.928325	-0.094662
 734	3.6650e-01	10.6649	6.353297	-0.000446	-4.459425	-1.510894	0.036409
 735	3.6700e-01	10.6601	6.353297	-0.000000	-0.000000	-0.000000	0.000000
 736	3.6750e-01	10.6136	5.952802	0.000981	9.810735	3.323967	-0.080099
 737	3.6800e-01	10.5719	6.025619	-0.000178	-1.783770	-0.604358	0.014563
 738	3.6850e-01	10.5222	5.879985	0.000357	3.567540	1.208715	-0.029127
 739	3.6900e-01	10.4869	5.952802	-0.000178	-1.783770	-0.604358	0.014563
 740	3.6950e-01	10.4436	5.879985	0.000178	1.783770	0.604358	-0.014563
 741	3.7000e-01	10.4371	5.952802	-0.000178	-1.783770	-0.604358	0.014563
 742	3.7050e-01	10.3617	5.625125	0.000803	8.026965	2.719609	-0.065535
 743	3.7100e-01	10.3184	5.697942	-0.000178	-1.783770	-0.604358	0.014563
 744	3.7150e-01	10.3088	5.625125	0.000178	1.783770	0.604358	-0.014563
 745	3.7200e-01	10.2639	5.333857	0.000714	7.135080	2.417431	-0.058254
 746	3.7250e-01	10.2061	5.261039	0.000178	1.783770	0.604358	-0.014563
 747	3.7300e-01	10.1933	5.515899	-0.000624	-6.243195	-2.115252	0.050972
 748	3.7350e-01	10.1307	5.515899	-0.000000	-0.000000	-0.000000	0.000000
 749	3.7400e-01	10.0938	4.969771	0.001338	13.378275	4.532682	-0.109226
 750	3.7450e-01	10.0714	5.042588	-0.000178	-1.783770	-0.604358	0.014563
 751	3.7500e-01	10.0088	5.188222	-0.000357	-3.567540	-1.208715	0.029127
 752	3.7550e-01	9.9928	5.151814	0.000089	0.891885	0.302179	-0.007282
 753	3.7600e-01	9.9302	5.006179	0.000357	3.567540	1.208715	-0.029127
 754	3.7650e-01	9.8965	4.824136	0.000446	4.459425	1.510894	-0.036409
 755	3.7700e-01	9.8532	5.006179	-0.000446	-4.459425	-1.510894	0.036409
 756	3.7750e-01	9.8099	4.605685	0.000981	9.810735	3.323967	-0.080099
 757	3.7800e-01	9.8051	4.714911	-0.000268	-2.675655	-0.906536	0.021845
 758	3.7850e-01	9.7425	4.751319	-0.000089	-0.891885	-0.302179	0.007282
 759	3.7900e-01	9.7136	4.350825	0.000981	9.810735	3.323967	-0.080099
 760	3.7950e-01	9.6607	4.095965	0.000624	6.243195	2.115252	-0.050972
 761	3.8000e-01	9.6206	4.278008	-0.000446	-4.459425	-1.510894	0.036409
 762	3.8050e-01	9.5901	4.278008	-0.000000	-0.000000	-0.000000	0.000000
 763	3.8100e-01	9.5532	4.241599	0.000089	0.891885	0.302179	-0.007282
 764	3.8150e-01	9.4874	4.132373	0.000268	2.675655	0.906536	-0.021845
 765	3.8200e-01	9.4537	4.059556	0.000178	1.783770	0.604358	-0.014563
 766	3.8250e-01	9.4152	3.804696	0.000624	6.243195	2.115252	-0.050972
 767	3.8300e-01	9.3623	3.695471	0.000268	2.675655	0.906536	-0.021845
 768	3.8350e-01	9.3334	4.095965	-0.000981	-9.810735	-3.323967	0.080099
 769	3.8400e-01	9.2933	3.622653	0.001159	11.594505	3.928325	-0.094662
 770	3.8450e-01	9.2516	4.095965	-0.001159	-11.594505	-3.928325	0.094662
 771	3.8500e-01	9.2035	3.477019	0.001516	15.162045	5.137040	-0.123789
 772	3.8550e-01	9.1554	3.477019	-0.000000	-0.000000	-0.000000	0.000000
 773	3.8600e-01	9.1377	3.586245	-0.000268	-2.675655	-0.906536	0.021845
 774	3.8650e-01	9.0992	3.367793	0.000535	5.351310	1.813073	-0.043690
 775	3.8700e-01	9.0639	3.222159	0.000357	3.567540	1.208715	-0.029127
 776	3.8750e-01	9.0415	3.040116	0.000446	4.459425	1.510894	-0.036409
 777	3.8800e-01	8.9821	3.222159	-0.000446	-4.459425	-1.510894	0.036409
 778	3.8850e-01	8.9260	2.603213	0.001516	15.162045	5.137040	-0.123789
 779	3.8900e-01	8.8987	3.258568	-0.001605	-16.053930	-5.439219	0.131071
 780	3.8950e-01	8.8666	2.858073	0.000981	9.810735	3.323967	-0.080099
 781	3.9000e-01	8.8185	2.712439	0.000357	3.567540	1.208715	-0.029127
 782	3.9050e-01	8.8185	2.858073	-0.000357	-3.567540	-1.208715	0.029127
 783	3.9100e-01	8.7286	2.676030	0.000446	4.459425	1.510894	-0.036409
 784	3.9150e-01	8.6917	2.457579	0.000535	5.351310	1.813073	-0.043690
 785	3.9200e-01	8.6693	2.676030	-0.000535	-5.351310	-1.813073	0.043690
 786	3.9250e-01	8.6003	2.384762	0.000714	7.135080	2.417431	-0.058254
 787	3.9300e-01	8.5778	2.421170	-0.000089	-0.891885	-0.302179	0.007282
 788	3.9350e-01	8.5233	2.566805	-0.000357	-3.567540	-1.208715	0.029127
 789	3.9400e-01	8.4896	1.984267	0.001427	14.270160	4.834861	-0.116507
 790	3.9450e-01	8.4703	1.765816	0.000535	5.351310	1.813073	-0.043690
 791	3.9500e-01	8.4062	2.421170	-0.001605	-16.053930	-5.439219	0.131071
 792	3.9550e-01	8.3693	1.765816	0.001605	16.053930	5.439219	-0.131071
 793	3.9600e-01	8.3115	1.838633	-0.000178	-1.783770	-0.604358	0.014563
 794	3.9650e-01	8.2939	1.620182	0.000535	5.351310	1.813073	-0.043690
 795	3.9700e-01	8.2554	1.620182	-0.000000	-0.000000	-0.000000	0.000000
 796	3.9750e-01	8.2313	1.583773	0.000089	0.891885	0.302179	-0.007282
 797	3.9800e-01	8.1752	1.620182	-0.000089	-0.891885	-0.302179	0.007282
 798	3.9850e-01	8.1319	1.292504	0.000803	8.026965	2.719609	-0.065535
 799	3.9900e-01	8.0773	1.146870	0.000357	3.567540	1.208715	-0.029127
 800	3.9950e-01	8.0693	1.256096	-0.000268	-2.675655	-0.906536	0.021845
 801	4.0000e-01	8.0228	1.037644	0.000535	5.351310	1.813073	-0.043690
 802	4.0050e-01	7.9811	1.183279	-0.000357	-3.567540	-1.208715	0.029127
 803	4.0100e-01	7.9121	0.892010	0.000714	7.135080	2.417431	-0.058254
 804	4.0150e-01	7.9041	1.438139	-0.001338	-13.378275	-4.532682	0.109226
 805	4.0200e-01	7.8511	0.637150	0.001962	19.621470	6.647934	-0.160198
 806	4.0250e-01	7.8303	0.892010	-0.000624	-6.243195	-2.115252	0.050972
 807	4.0300e-01	7.7757	1.001236	-0.000268	-2.675655	-0.906536	0.021845
 808	4.0350e-01	7.7388	0.273064	0.001784	17.837700	6.043576	-0.145634
 809	4.0400e-01	7.6843	0.928419	-0.001605	-16.053930	-5.439219	0.131071
 810	4.0450e-01	7.6570	0.527924	0.000981	9.810735	3.323967	-0.080099
 811	4.0500e-01	7.6153	0.273064	0.000624	6.243195	2.115252	-0.050972
 812	4.0550e-01	7.5976	0.564333	-0.000714	-7.135080	-2.417431	0.058254
 813	4.0600e-01	7.5447	0.236656	0.000803	8.026965	2.719609	-0.065535
 814	4.0650e-01	7.4966	-0.200247	0.001070	10.702620	3.626146	-0.087381
 815	4.0700e-01	7.4180	0.091021	-0.000714	-7.135080	-2.417431	0.058254
 816	4.0750e-01	7.3971	0.127430	-0.000089	-0.891885	-0.302179	0.007282
 817	4.0800e-01	7.3458	-0.309473	0.001070	10.702620	3.626146	-0.087381
 818	4.0850e-01	7.3169	-0.163839	-0.000357	-3.567540	-1.208715	0.029127
 819	4.0900e-01	7.3041	-0.200247	0.000089	0.891885	0.302179	-0.007282
 820	4.0950e-01	7.2383	-0.309473	0.000268	2.675655	0.906536	-0.021845
 821	4.1000e-01	7.1918	-0.527924	0.000535	5.351310	1.813073	-0.043690
 822	4.1050e-01	7.1886	-0.382290	-0.000357	-3.567540	-1.208715	0.029127
 823	4.1100e-01	7.1565	-0.564333	0.000446	4.459425	1.510894	-0.036409
 824	4.1150e-01	7.0731	-0.564333	-0.000000	-0.000000	-0.000000	0.000000
 825	4.1200e-01	7.0602	-0.637150	0.000178	1.783770	0.604358	-0.014563
 826	4.1250e-01	7.0201	-0.782784	0.000357	3.567540	1.208715	-0.029127
 827	4.1300e-01	6.9592	-0.709967	-0.000178	-1.783770	-0.604358	0.014563
 828	4.1350e-01	6.9447	-1.037644	0.000803	8.026965	2.719609	-0.065535
 829	4.1400e-01	6.8966	-1.001236	-0.000089	-0.891885	-0.302179	0.007282
 830	4.1450e-01	6.8629	-1.328913	0.000803	8.026965	2.719609	-0.065535
 831	4.1500e-01	6.8453	-1.256096	-0.000178	-1.783770	-0.604358	0.014563
 832	4.1550e-01	6.7554	-1.292504	0.000089	0.891885	0.302179	-0.007282
 833	4.1600e-01	6.7073	-1.292504	-0.000000	-0.000000	-0.000000	0.000000
 834	4.1650e-01	6.6864	-1.365322	0.000178	1.783770	0.604358	-0.014563
 835	4.1700e-01	6.6415	-1.656590	0.000714	7.135080	2.417431	-0.058254
 836	4.1750e-01	6.5854	-1.656590	-0.000000	-0.000000	-0.000000	0.000000
 837	4.1800e-01	6.5870	-1.583773	0.000178	1.783770	0.604358	0.014563
 838	4.1850e-01	6.5437	-1.984267	0.000981	9.810735	3.323967	-0.080099
 839	4.1900e-01	6.4955	-1.984267	-0.000000	-0.000000	-0.000000	0.000000
 840	4.1950e-01	6.5036	-1.802225	0.000446	4.459425	1.510894	0.036409
 841	4.2000e-01	6.3961	-1.911450	0.000268	2.675655	0.906536	-0.021845
 842	4.2050e-01	6.3592	-2.275536	0.000892	8.918850	3.021788	-0.072817
 843	4.2100e-01	6.3399	-2.057085	-0.000535	-5.351310	-1.813073	0.043690
 844	4.2150e-01	6.3046	-2.384762	0.000803	8.026965	2.719609	-0.065535
 845	4.2200e-01	6.2533	-2.275536	-0.000268	-2.675655	-0.906536	0.021845
 846	4.2250e-01	6.1859	-2.530396	0.000624	6.243195	2.115252	-0.050972
 847	4.2300e-01	6.1988	-2.457579	0.000178	1.783770	0.604358	0.014563
 848	4.2350e-01	6.1266	-2.603213	0.000357	3.567540	1.208715	-0.029127
 849	4.2400e-01	6.1009	-2.712439	0.000268	2.675655	0.906536	-0.021845
 850	4.2450e-01	6.0496	-3.040116	0.000803	8.026965	2.719609	-0.065535
 851	4.2500e-01	6.0512	-3.185750	-0.000357	-3.567540	-1.208715	-0.029127
 852	4.2550e-01	5.9790	-3.040116	-0.000357	-3.567540	-1.208715	0.029127
 853	4.2600e-01	5.9597	-3.222159	0.000446	4.459425	1.510894	-0.036409
 854	4.2650e-01	5.8988	-2.930890	-0.000714	-7.135080	-2.417431	0.058254
 855	4.2700e-01	5.8522	-3.294976	0.000892	8.918850	3.021788	-0.072817
 856	4.2750e-01	5.7945	-3.149342	-0.000357	-3.567540	-1.208715	0.029127
 857	4.2800e-01	5.7640	-3.440611	0.000714	7.135080	2.417431	-0.058254
 858	4.2850e-01	5.7720	-3.440611	0.000000	0.000000	0.000000	0.000000
 859	4.2900e-01	5.7095	-3.659062	0.000535	5.351310	1.813073	-0.043690
 860	4.2950e-01	5.6549	-3.841105	0.000446	4.459425	1.510894	-0.036409
 861	4.3000e-01	5.6260	-3.622653	-0.000535	-5.351310	-1.813073	0.043690
 862	4.3050e-01	5.5603	-3.986739	0.000892	8.918850	3.021788	-0.072817
 863	4.3100e-01	5.5282	-3.549836	-0.001070	-10.702620	-3.626146	0.087381
 864	4.3150e-01	5.5234	-4.205191	0.001605	16.053930	5.439219	-0.131071
 865	4.3200e-01	5.4383	-4.132373	-0.000178	-1.783770	-0.604358	0.014563
 866	4.3250e-01	5.4383	-4.205191	0.000178	1.783770	0.604358	-0.014563
 867	4.3300e-01	5.3774	-4.278008	0.000178	1.783770	0.604358	-0.014563
 868	4.3350e-01	5.3196	-4.132373	-0.000357	-3.567540	-1.208715	0.029127
 869	4.3400e-01	5.3004	-4.387234	0.000624	6.243195	2.115252	-0.050972
 870	4.3450e-01	5.2683	-4.532868	0.000357	3.567540	1.208715	-0.029127
 871	4.3500e-01	5.1977	-4.751319	0.000535	5.351310	1.813073	-0.043690
 872	4.3550e-01	5.1785	-4.678502	-0.000178	-1.783770	-0.604358	0.014563
 873	4.3600e-01	5.1480	-4.896954	0.000535	5.351310	1.813073	-0.043690
 874	4.3650e-01	5.0934	-4.605685	-0.000714	-7.135080	-2.417431	0.058254
 875	4.3700e-01	5.0694	-4.969771	0.000892	8.918850	3.021788	-0.072817
 876	4.3750e-01	5.0116	-4.896954	-0.000178	-1.783770	-0.604358	0.014563
 877	4.3800e-01	4.9876	-5.297448	0.000981	9.810735	3.323967	-0.080099
 878	4.3850e-01	4.9298	-5.370265	0.000178	1.783770	0.604358	-0.014563
 879	4.3900e-01	4.8993	-5.333857	-0.000089	-0.891885	-0.302179	0.007282
 880	4.3950e-01	4.8480	-5.807168	0.001159	11.594505	3.928325	-0.094662
 881	4.4000e-01	4.8336	-5.370265	-0.001070	-10.702620	-3.626146	0.087381
 882	4.4050e-01	4.7886	-5.297448	-0.000178	-1.783770	-0.604358	0.014563
 883	4.4100e-01	4.7116	-5.697942	0.000981	9.810735	3.323967	-0.080099
 884	4.4150e-01	4.6763	-5.443082	-0.000624	-6.243195	-2.115252	0.050972
 885	4.4200e-01	4.6619	-5.879985	0.001070	10.702620	3.626146	-0.087381
 886	4.4250e-01	4.6362	-5.879985	-0.000000	-0.000000	-0.000000	0.000000
 887	4.4300e-01	4.5977	-5.952802	0.000178	1.783770	0.604358	-0.014563
 888	4.4350e-01	4.5448	-6.062028	0.000268	2.675655	0.906536	-0.021845
 889	4.4400e-01	4.4902	-6.244071	0.000446	4.459425	1.510894	-0.036409
 890	4.4450e-01	4.4630	-6.244071	-0.000000	-0.000000	-0.000000	0.000000
 891	4.4500e-01	4.4373	-6.207662	-0.000089	-0.891885	-0.302179	0.007282
 892	4.4550e-01	4.3507	-6.316888	0.000268	2.675655	0.906536	-0.021845
 893	4.4600e-01	4.3346	-6.498931	0.000446	4.459425	1.510894	-0.036409
 894	4.4650e-01	4.2945	-6.753791	0.000624	6.243195	2.115252	-0.050972
 895	4.4700e-01	4.2721	-6.717382	-0.000089	-0.891885	-0.302179	0.007282
 896	4.4750e-01	4.1983	-6.826608	0.000268	2.675655	0.906536	-0.021845
 897	4.4800e-01	4.1485	-6.935834	0.000268	2.675655	0.906536	-0.021845
 898	4.4850e-01	4.1084	-7.045060	0.000268	2.675655	0.906536	-0.021845
 899	4.4900e-01	4.1229	-7.227103	-0.000446	-4.459425	-1.510894	-0.036409
 900	4.4950e-01	4.0828	-7.372737	0.000357	3.567540	1.208715	-0.029127
 901	4.5000e-01	4.0138	-7.372737	-0.000000	-0.000000	-0.000000	0.000000
 902	4.5050e-01	3.9881	-7.409145	0.000089	0.891885	0.302179	-0.007282
 903	4.5100e-01	3.9352	-7.336328	-0.000178	-1.783770	-0.604358	0.014563
 904	4.5150e-01	3.8694	-7.700414	0.000892	8.918850	3.021788	-0.072817
 905	4.5200e-01	3.8566	-7.481963	-0.000535	-5.351310	-1.813073	0.043690
 906	4.5250e-01	3.8277	-7.809640	0.000803	8.026965	2.719609	-0.065535
 907	4.5300e-01	3.7667	-7.773231	-0.000089	-0.891885	-0.302179	0.007282
 908	4.5350e-01	3.7507	-7.773231	-0.000000	-0.000000	-0.000000	0.000000
 909	4.5400e-01	3.7074	-8.100908	0.000803	8.026965	2.719609	-0.065535
 910	4.5450e-01	3.6625	-8.173726	0.000178	1.783770	0.604358	-0.014563
 911	4.5500e-01	3.6400	-8.064500	-0.000268	-2.675655	-0.906536	0.021845
 912	4.5550e-01	3.5967	-8.355768	0.000714	7.135080	2.417431	-0.058254
 913	4.5600e-01	3.5261	-8.028091	-0.000803	-8.026965	-2.719609	0.065535
 914	4.5650e-01	3.5213	-8.719854	0.001695	16.945815	5.741398	-0.138353
 915	4.5700e-01	3.4555	-8.319360	-0.000981	-9.810735	-3.323967	0.080099
 916	4.5750e-01	3.4379	-8.756263	0.001070	10.702620	3.626146	-0.087381
 917	4.5800e-01	3.3416	-8.829080	0.000178	1.783770	0.604358	-0.014563
 918	4.5850e-01	3.3320	-8.792671	-0.000089	-0.891885	-0.302179	0.007282
 919	4.5900e-01	3.3256	-9.047531	0.000624	6.243195	2.115252	-0.050972
 920	4.5950e-01	3.2646	-9.120349	0.000178	1.783770	0.604358	-0.014563
 921	4.6000e-01	3.2406	-9.666477	0.001338	13.378275	4.532682	-0.109226
 922	4.6050e-01	3.1956	-9.338800	-0.000803	-8.026965	-2.719609	0.065535
 923	4.6100e-01	3.1283	-9.557251	0.000535	5.351310	1.813073	-0.043690
 924	4.6150e-01	3.0801	-9.375209	-0.000446	-4.459425	-1.510894	0.036409
 925	4.6200e-01	3.0753	-9.375209	-0.000000	-0.000000	-0.000000	0.000000
 926	4.6250e-01	3.0609	-9.775703	0.000981	9.810735	3.323967	-0.080099
 927	4.6300e-01	2.9999	-9.484434	-0.000714	-7.135080	-2.417431	0.058254
 928	4.6350e-01	2.9309	-9.775703	0.000714	7.135080	2.417431	-0.058254
 929	4.6400e-01	2.9085	-9.812111	0.000089	0.891885	0.302179	-0.007282
 930	4.6450e-01	2.8427	-9.812111	-0.000000	-0.000000	-0.000000	0.000000
 931	4.6500e-01	2.8331	-10.176197	0.000892	8.918850	3.021788	-0.072817
 932	4.6550e-01	2.7914	-9.957746	-0.000535	-5.351310	-1.813073	0.043690
 933	4.6600e-01	2.7657	-10.066972	0.000268	2.675655	0.906536	-0.021845
 934	4.6650e-01	2.7015	-10.467466	0.000981	9.810735	3.323967	-0.080099
 935	4.6700e-01	2.6406	-10.358240	-0.000268	-2.675655	-0.906536	0.021845
 936	4.6750e-01	2.6342	-10.467466	0.000268	2.675655	0.906536	-0.021845
 937	4.6800e-01	2.5924	-10.613100	0.000357	3.567540	1.208715	-0.029127
 938	4.6850e-01	2.5267	-10.613100	-0.000000	-0.000000	-0.000000	0.000000
 939	4.6900e-01	2.4737	-10.940777	0.000803	8.026965	2.719609	-0.065535
 940	4.6950e-01	2.4513	-10.795143	-0.000357	-3.567540	-1.208715	0.029127
 941	4.7000e-01	2.4352	-11.195637	0.000981	9.810735	3.323967	-0.080099
 942	4.7050e-01	2.3534	-11.341272	0.000357	3.567540	1.208715	-0.029127
 943	4.7100e-01	2.3310	-11.268455	-0.000178	-1.783770	-0.604358	0.014563
 944	4.7150e-01	2.3037	-11.159229	-0.000268	-2.675655	-0.906536	0.021845
 945	4.7200e-01	2.2780	-11.523315	0.000892	8.918850	3.021788	-0.072817
 946	4.7250e-01	2.2154	-11.486906	-0.000089	-0.891885	-0.302179	0.007282
 947	4.7300e-01	2.1850	-11.632540	0.000357	3.567540	1.208715	-0.029127
 948	4.7350e-01	2.1433	-11.596132	-0.000089	-0.891885	-0.302179	0.007282
 949	4.7400e-01	2.0791	-12.142260	0.001338	13.378275	4.532682	-0.109226
 950	4.7450e-01	2.0454	-11.705357	-0.001070	-10.702620	-3.626146	0.087381
 951	4.7500e-01	2.0181	-12.178669	0.001159	11.594505	3.928325	-0.094662
 952	4.7550e-01	1.9668	-11.960218	-0.000535	-5.351310	-1.813073	0.043690
 953	4.7600e-01	1.9267	-11.814583	-0.000357	-3.567540	-1.208715	0.029127
 954	4.7650e-01	1.8850	-12.397120	0.001427	14.270160	4.834861	-0.116507
 955	4.7700e-01	1.8561	-12.251486	-0.000357	-3.567540	-1.208715	0.029127
 956	4.7750e-01	1.8433	-12.360712	0.000268	2.675655	0.906536	-0.021845
 957	4.7800e-01	1.7775	-12.797615	0.001070	10.702620	3.626146	-0.087381
 958	4.7850e-01	1.7550	-12.724798	-0.000178	-1.783770	-0.604358	0.014563
 959	4.7900e-01	1.7229	-12.761206	0.000089	0.891885	0.302179	-0.007282
 960	4.7950e-01	1.6524	-13.052475	0.000714	7.135080	2.417431	-0.058254
 961	4.8000e-01	1.6395	-12.906841	-0.000357	-3.567540	-1.208715	0.029127
 962	4.8050e-01	1.5689	-13.270926	0.000892	8.918850	3.021788	-0.072817
 963	4.8100e-01	1.5433	-13.307335	0.000089	0.891885	0.302179	-0.007282
 964	4.8150e-01	1.5096	-13.125292	-0.000446	-4.459425	-1.510894	0.036409
 965	4.8200e-01	1.4663	-13.198109	0.000178	1.783770	0.604358	-0.014563
 966	4.8250e-01	1.4133	-13.598603	0.000981	9.810735	3.323967	-0.080099
 967	4.8300e-01	1.3652	-13.780646	0.000446	4.459425	1.510894	-0.036409
 968	4.8350e-01	1.3331	-13.744238	-0.000089	-0.891885	-0.302179	0.007282
 969	4.8400e-01	1.3107	-13.853464	0.000268	2.675655	0.906536	-0.021845
 970	4.8450e-01	1.2417	-13.817055	-0.000089	-0.891885	-0.302179	0.007282
 971	4.8500e-01	1.2240	-13.962689	0.000357	3.567540	1.208715	-0.029127
 972	4.8550e-01	1.1775	-14.144732	0.000446	4.459425	1.510894	-0.036409
 973	4.8600e-01	1.1486	-13.999098	-0.000357	-3.567540	-1.208715	0.029127
 974	4.8650e-01	1.1037	-14.071915	0.000178	1.783770	0.604358	-0.014563
 975	4.8700e-01	1.0732	-14.363184	0.000714	7.135080	2.417431	-0.058254
 976	4.8750e-01	1.0139	-14.545226	0.000446	4.459425	1.510894	-0.036409
 977	4.8800e-01	0.9674	-14.363184	-0.000446	-4.459425	-1.510894	0.036409
 978	4.8850e-01	0.9256	-14.618044	0.000624	6.243195	2.115252	-0.050972
 979	4.8900e-01	0.8968	-14.727269	0.000268	2.675655	0.906536	-0.021845
 980	4.8950e-01	0.8663	-14.800087	0.000178	1.783770	0.604358	-0.014563
 981	4.9000e-01	0.8262	-14.945721	0.000357	3.567540	1.208715	-0.029127
 982	4.9050e-01	0.7813	-15.273398	0.000803	8.026965	2.719609	-0.065535
 983	4.9100e-01	0.7524	-15.455441	0.000446	4.459425	1.510894	-0.036409
 984	4.9150e-01	0.6978	-15.382624	-0.000178	-1.783770	-0.604358	0.014563
 985	4.9200e-01	0.6481	-15.564667	0.000446	4.459425	1.510894	-0.036409
 986	4.9250e-01	0.6080	-15.309807	-0.000624	-6.243195	-2.115252	0.050972
 987	4.9300e-01	0.5519	-16.074387	0.001873	18.729585	6.345755	-0.152916
 988	4.9350e-01	0.5567	-15.819527	0.000624	6.243195	2.115252	0.050972
 989	4.9400e-01	0.5118	-15.928752	0.000268	2.675655	0.906536	-0.021845
 990	4.9450e-01	0.4732	-16.074387	0.000357	3.567540	1.208715	-0.029127
 991	4.9500e-01	0.4059	-16.001570	-0.000178	-1.783770	-0.604358	0.014563
 992	4.9550e-01	0.3642	-16.001570	-0.000000	-0.000000	-0.000000	0.000000
 993	4.9600e-01	0.3497	-16.292838	0.000714	7.135080	2.417431	-0.058254
 994	4.9650e-01	0.2807	-16.438472	0.000357	3.567540	1.208715	-0.029127
 995	4.9700e-01	0.2551	-16.693333	0.000624	6.243195	2.115252	-0.050972
 996	4.9750e-01	0.2358	-16.620515	-0.000178	-1.783770	-0.604358	0.014563
 997	4.9800e-01	0.1765	-16.511290	-0.000268	-2.675655	-0.906536	0.021845
 998	4.9850e-01	0.1412	-16.547698	0.000089	0.891885	0.302179	-0.007282
 999	4.9900e-01	0.1059	-16.802558	0.000624	6.243195	2.115252	-0.050972
1000	4.9950e-01	0.0754	-17.166644	0.000892	8.918850	3.021788	-0.072817
1001	5.0000e-01	0.0385	-17.203053	0.000892	8.918850	3.021788	-0.007282

PMax (uC/cm2):	4.07e+01
Pr (uC/cm2):	3.13e+00
-Pr (uC/cm2):	0.00e+00
PLoss (uC/cm2):	0.00e+00
C (Max-Eff) (nF):	2.03e-01
K (Eff):	6.88e+02
Vert. (+/-Pr) Shift (uC/cm2):	1.57e+00
Offset (uC/cm2):	2.03e+01

A (Loop Area - uC/cm2·Volts):	5.06e-02



Hysteresis Version: 5.48.1 - Radiant Technologies, Inc., 1999 - 9/12/24

