»»»»»»»»»»»»»»»»»»»»»»»»»»»»»»»»»»»» Hysteresis ««««««««««««««««««««««««««««««««««««
»»»  Executed Version:	5.48.1
»»»  Vision Version:	5.48.4 (R)
»»»  Vision Compiled:	9/18/24
»»»  Driver Version:	5.47.0
»»»  Windows Version:	Windows 8 or 8.1
»»»  Processor Information:	x86 (AMD or Intel) - 32 Processors
»»»  Tester Name:	PMF21124-494 (100V)
»»»  Tester S/N:	PMF21124-494
»»»  Internal Amp Type:	100V RevK 270k
»»»  Internal Amp S/N:	iAB2-596/K     
»»»  Execution Count:	1
»»»»»»»»»»»»»»»»»»»»»»»»»»»»»»»»»»»»»»»»»»««««««««««««««««««««««««««««««««««««««««««

Stored:	10/10/2025 - 16:28:32
Configured:	10/10/25 10:37:25 AM
Executed:	10/10/25 04:28:03 PM

»»»»»»»»»»»»»»»»»»»»»»»»»»»»»»»»»»» Sample Info ««««««««««««««««««««««««««««««««««««
Sample Name:	Int. Ref. Ferroelectric
Lot Name:	N/A
Wafer Name:	N/A
Die Row/Column:	0/0
Capacitor Number:	0
Sample Area (cm2):	1.00e-04
Sample Thickness (microns):	3.00e-01

Amplifier:	Internal

»»»»»»»»»»»»»»»»»»»»»»»»»»»»»»»»»»» Tester Info «««««««««««««««««««««««««««««««««««
Tester Name:	PMF21124-494 (100V)
Tester Serial Number:	PMF21124-494
Return Signal Amp. Level:	0.02 [Index: 2]

»»»»»»»»»»»»»»»»»»»»»»»»»»»»»»»» Hysteresis Info ««««««««««««««««««««««««««««««««««
Task Name:	Hyst-170
Volts:	20.00
Field:	666.67 (kV/cm)
DCBias:	0.00
DCField:	0.00 (kV/cm)
Hysteresis Period (ms):	5.00e-01
Preset:	Enabled
Preset Delay (ms):	1.00e+03
Profile:	Standard Monopolar

»»»»»»»»»»»»»»»»»»»»»»»»»»»»»»»»»»»»»» Data «««««««««««««««««««««««««««««««««««««««
Points:	1001

Valid Data

Point	Time (ms)	Drive Voltage	Measured Polarization (uC/cm2)	Capacitance (uF)	Normalized Capacitance (uF/cm2)	Dielectric Constant	Instantaneous Current (mA)
   1	0.0000e+00	0.0449	-30.000667	0.000000	0.000000	0.000000	0.000000
   2	5.0000e-04	0.0658	-30.000667	0.000000	0.000000	0.000000	0.000000
   3	1.0000e-03	0.1203	-30.109893	-0.000272	-2.715617	-0.920076	-0.021845
   4	1.5000e-03	0.1668	-29.782216	0.000815	8.146852	2.760228	0.065535
   5	2.0000e-03	0.2134	-29.818625	-0.000091	-0.905206	-0.306692	-0.007282
   6	2.5000e-03	0.2390	-29.563764	0.000634	6.336441	2.146844	0.050972
   7	3.0000e-03	0.2743	-29.527356	0.000091	0.905206	0.306692	0.007282
   8	3.5000e-03	0.3064	-29.527356	0.000000	0.000000	0.000000	0.000000
   9	4.0000e-03	0.3738	-29.017636	0.001267	12.672881	4.293688	0.101944
  10	4.5000e-03	0.3914	-28.981227	0.000091	0.905206	0.306692	0.007282
  11	5.0000e-03	0.4476	-29.054044	-0.000181	-1.810412	-0.613384	-0.014563
  12	5.5000e-03	0.4957	-28.835593	0.000543	5.431235	1.840152	0.043690
  13	6.0000e-03	0.5310	-28.580733	0.000634	6.336441	2.146844	0.050972
  14	6.5000e-03	0.5695	-28.253056	0.000815	8.146852	2.760228	0.065535
  15	7.0000e-03	0.5936	-28.325873	-0.000181	-1.810412	-0.613384	-0.014563
  16	7.5000e-03	0.6449	-28.143830	0.000453	4.526029	1.533460	0.036409
  17	8.0000e-03	0.6786	-27.852561	0.000724	7.241647	2.453536	0.058254
  18	8.5000e-03	0.7251	-27.706927	0.000362	3.620823	1.226768	0.029127
  19	9.0000e-03	0.7636	-27.888970	-0.000453	-4.526029	-1.533460	-0.036409
  20	9.5000e-03	0.8150	-27.816153	0.000181	1.810412	0.613384	0.014563
  21	1.0000e-02	0.8406	-27.488476	0.000815	8.146852	2.760228	0.065535
  22	1.0500e-02	0.9016	-27.452067	0.000091	0.905206	0.306692	0.007282
  23	1.1000e-02	0.9176	-27.270024	0.000453	4.526029	1.533460	0.036409
  24	1.1500e-02	0.9674	-26.905938	0.000905	9.052058	3.066920	0.072817
  25	1.2000e-02	1.0010	-27.197207	-0.000724	-7.241647	-2.453536	-0.058254
  26	1.2500e-02	1.0411	-26.651078	0.001358	13.578087	4.600381	0.109226
  27	1.3000e-02	1.1005	-26.869530	-0.000543	-5.431235	-1.840152	-0.043690
  28	1.3500e-02	1.1406	-26.214175	0.001629	16.293705	5.520457	0.131071
  29	1.4000e-02	1.1871	-26.323401	-0.000272	-2.715617	-0.920076	-0.021845
  30	1.4500e-02	1.1759	-26.177767	-0.000362	-3.620823	-1.226768	0.029127
  31	1.5000e-02	1.2369	-26.141358	0.000091	0.905206	0.306692	0.007282
  32	1.5500e-02	1.2882	-25.886498	0.000634	6.336441	2.146844	0.050972
  33	1.6000e-02	1.3235	-25.595230	0.000724	7.241647	2.453536	0.058254
  34	1.6500e-02	1.3620	-25.668047	-0.000181	-1.810412	-0.613384	-0.014563
  35	1.7000e-02	1.4246	-25.595230	0.000181	1.810412	0.613384	0.014563
  36	1.7500e-02	1.4422	-25.194735	0.000996	9.957264	3.373612	0.080099
  37	1.8000e-02	1.5080	-25.194735	0.000000	0.000000	0.000000	0.000000
  38	1.8500e-02	1.5336	-25.231144	-0.000091	-0.905206	-0.306692	-0.007282
  39	1.9000e-02	1.5625	-24.939875	0.000724	7.241647	2.453536	0.058254
  40	1.9500e-02	1.6026	-24.903467	0.000091	0.905206	0.306692	0.007282
  41	2.0000e-02	1.6508	-24.502972	0.000996	9.957264	3.373612	0.080099
  42	2.0500e-02	1.6668	-24.284521	0.000543	5.431235	1.840152	0.043690
  43	2.1000e-02	1.7550	-24.320929	-0.000091	-0.905206	-0.306692	-0.007282
  44	2.1500e-02	1.7983	-23.884026	0.001086	10.862470	3.680304	0.087381
  45	2.2000e-02	1.7855	-24.430155	0.001358	13.578087	4.600381	-0.109226
  46	2.2500e-02	1.8272	-23.774801	0.001629	16.293705	5.520457	0.131071
  47	2.3000e-02	1.8721	-23.738392	0.000091	0.905206	0.306692	0.007282
  48	2.3500e-02	1.9411	-23.483532	0.000634	6.336441	2.146844	0.050972
  49	2.4000e-02	1.9636	-23.337898	0.000362	3.620823	1.226768	0.029127
  50	2.4500e-02	2.0117	-23.410715	-0.000181	-1.810412	-0.613384	-0.014563
  51	2.5000e-02	2.0342	-23.192264	0.000543	5.431235	1.840152	0.043690
  52	2.5500e-02	2.0903	-23.155855	0.000091	0.905206	0.306692	0.007282
  53	2.6000e-02	2.1112	-22.973812	0.000453	4.526029	1.533460	0.036409
  54	2.6500e-02	2.1689	-22.427683	0.001358	13.578087	4.600381	0.109226
  55	2.7000e-02	2.2267	-22.791769	-0.000905	-9.052058	-3.066920	-0.072817
  56	2.7500e-02	2.2572	-22.500501	0.000724	7.241647	2.453536	0.058254
  57	2.8000e-02	2.2780	-22.318458	0.000453	4.526029	1.533460	0.036409
  58	2.8500e-02	2.3454	-21.954372	0.000905	9.052058	3.066920	0.072817
  59	2.9000e-02	2.3935	-22.500501	-0.001358	-13.578087	-4.600381	-0.109226
  60	2.9500e-02	2.3919	-21.881555	-0.001539	-15.388499	-5.213765	0.123789
  61	3.0000e-02	2.4416	-21.626695	0.000634	6.336441	2.146844	0.050972
  62	3.0500e-02	2.5010	-21.808738	-0.000453	-4.526029	-1.533460	-0.036409
  63	3.1000e-02	2.5459	-21.226200	0.001448	14.483293	4.907073	0.116507
  64	3.1500e-02	2.5668	-21.335426	-0.000272	-2.715617	-0.920076	-0.021845
  65	3.2000e-02	2.5973	-20.898523	0.001086	10.862470	3.680304	0.087381
  66	3.2500e-02	2.6694	-21.080566	-0.000453	-4.526029	-1.533460	-0.036409
  67	3.3000e-02	2.6887	-21.044157	0.000091	0.905206	0.306692	0.007282
  68	3.3500e-02	2.7256	-20.862115	0.000453	4.526029	1.533460	0.036409
  69	3.4000e-02	2.7769	-20.752889	0.000272	2.715617	0.920076	0.021845
  70	3.4500e-02	2.8090	-20.388803	0.000905	9.052058	3.066920	0.072817
  71	3.5000e-02	2.8571	-20.170352	0.000543	5.431235	1.840152	0.043690
  72	3.5500e-02	2.8780	-20.352395	-0.000453	-4.526029	-1.533460	-0.036409
  73	3.6000e-02	2.9341	-20.024717	0.000815	8.146852	2.760228	0.065535
  74	3.6500e-02	2.9582	-19.587814	0.001086	10.862470	3.680304	0.087381
  75	3.7000e-02	3.0095	-19.915492	-0.000815	-8.146852	-2.760228	-0.065535
  76	3.7500e-02	3.0416	-19.296546	0.001539	15.388499	5.213765	0.123789
  77	3.8000e-02	3.0721	-19.223729	0.000181	1.810412	0.613384	0.014563
  78	3.8500e-02	3.1315	-19.442180	-0.000543	-5.431235	-1.840152	-0.043690
  79	3.9000e-02	3.1459	-19.150911	0.000724	7.241647	2.453536	0.058254
  80	3.9500e-02	3.2197	-19.114503	0.000091	0.905206	0.306692	0.007282
  81	4.0000e-02	3.2406	-18.750417	0.000905	9.052058	3.066920	0.072817
  82	4.0500e-02	3.2807	-18.823234	-0.000181	-1.810412	-0.613384	-0.014563
  83	4.1000e-02	3.3159	-18.677600	0.000362	3.620823	1.226768	0.029127
  84	4.1500e-02	3.3705	-17.876611	0.001991	19.914528	6.747225	0.160198
  85	4.2000e-02	3.4010	-18.386331	-0.001267	-12.672881	-4.293688	-0.101944
  86	4.2500e-02	3.4427	-18.131471	0.000634	6.336441	2.146844	0.050972
  87	4.3000e-02	3.4700	-17.985837	0.000362	3.620823	1.226768	0.029127
  88	4.3500e-02	3.5470	-17.949428	0.000091	0.905206	0.306692	0.007282
  89	4.4000e-02	3.5742	-17.876611	0.000181	1.810412	0.613384	0.014563
  90	4.4500e-02	3.6159	-17.330483	0.001358	13.578087	4.600381	0.109226
  91	4.5000e-02	3.6256	-17.294074	0.000091	0.905206	0.306692	0.007282
  92	4.5500e-02	3.7074	-17.257665	0.000091	0.905206	0.306692	0.007282
  93	4.6000e-02	3.7555	-17.039214	0.000543	5.431235	1.840152	0.043690
  94	4.6500e-02	3.7507	-16.929988	-0.000272	-2.715617	-0.920076	0.021845
  95	4.7000e-02	3.8036	-17.039214	-0.000272	-2.715617	-0.920076	-0.021845
  96	4.7500e-02	3.8309	-17.039214	0.000000	0.000000	0.000000	0.000000
  97	4.8000e-02	3.8838	-16.784354	0.000634	6.336441	2.146844	0.050972
  98	4.8500e-02	3.9127	-16.311042	0.001177	11.767676	3.986996	0.094662
  99	4.9000e-02	3.9753	-16.456677	-0.000362	-3.620823	-1.226768	-0.029127
 100	4.9500e-02	3.9945	-16.238225	0.000543	5.431235	1.840152	0.043690
 101	5.0000e-02	4.0298	-15.983365	0.000634	6.336441	2.146844	0.050972
 102	5.0500e-02	4.0812	-15.692097	0.000724	7.241647	2.453536	0.058254
 103	5.1000e-02	4.1277	-16.019774	-0.000815	-8.146852	-2.760228	-0.065535
 104	5.1500e-02	4.1774	-15.328011	0.001720	17.198911	5.827149	0.138353
 105	5.2000e-02	4.1903	-15.728505	-0.000996	-9.957264	-3.373612	-0.080099
 106	5.2500e-02	4.2560	-15.255194	0.001177	11.767676	3.986996	0.094662
 107	5.3000e-02	4.2913	-15.510054	-0.000634	-6.336441	-2.146844	-0.050972
 108	5.3500e-02	4.3170	-15.364419	0.000362	3.620823	1.226768	0.029127
 109	5.4000e-02	4.3427	-15.328011	0.000091	0.905206	0.306692	0.007282
 110	5.4500e-02	4.4213	-14.636248	0.001720	17.198911	5.827149	0.138353
 111	5.5000e-02	4.4325	-14.563431	0.000181	1.810412	0.613384	0.014563
 112	5.5500e-02	4.4951	-14.709065	-0.000362	-3.620823	-1.226768	-0.029127
 113	5.6000e-02	4.5223	-14.563431	0.000362	3.620823	1.226768	0.029127
 114	5.6500e-02	4.5961	-14.090119	0.001177	11.767676	3.986996	0.094662
 115	5.7000e-02	4.6025	-14.235754	-0.000362	-3.620823	-1.226768	-0.029127
 116	5.7500e-02	4.6459	-13.871668	0.000905	9.052058	3.066920	0.072817
 117	5.8000e-02	4.6828	-13.871668	0.000000	0.000000	0.000000	0.000000
 118	5.8500e-02	4.7389	-13.835259	0.000091	0.905206	0.306692	0.007282
 119	5.9000e-02	4.7485	-13.434765	0.000996	9.957264	3.373612	0.080099
 120	5.9500e-02	4.8191	-13.471173	-0.000091	-0.905206	-0.306692	-0.007282
 121	6.0000e-02	4.8368	-13.507582	-0.000091	-0.905206	-0.306692	-0.007282
 122	6.0500e-02	4.8769	-13.034271	0.001177	11.767676	3.986996	0.094662
 123	6.1000e-02	4.9073	-12.925045	0.000272	2.715617	0.920076	0.021845
 124	6.1500e-02	4.9699	-12.888636	0.000091	0.905206	0.306692	0.007282
 125	6.2000e-02	5.0245	-12.633776	0.000634	6.336441	2.146844	0.050972
 126	6.2500e-02	5.0501	-12.451733	0.000453	4.526029	1.533460	0.036409
 127	6.3000e-02	5.0838	-12.488142	-0.000091	-0.905206	-0.306692	-0.007282
 128	6.3500e-02	5.1271	-12.415325	0.000181	1.810412	0.613384	0.014563
 129	6.4000e-02	5.1672	-12.342508	0.000181	1.810412	0.613384	0.014563
 130	6.4500e-02	5.2250	-12.124056	0.000543	5.431235	1.840152	0.043690
 131	6.5000e-02	5.2474	-11.869196	0.000634	6.336441	2.146844	0.050972
 132	6.5500e-02	5.2619	-12.051239	-0.000453	-4.526029	-1.533460	-0.036409
 133	6.6000e-02	5.3341	-11.577927	0.001177	11.767676	3.986996	0.094662
 134	6.6500e-02	5.3533	-11.687153	-0.000272	-2.715617	-0.920076	-0.021845
 135	6.7000e-02	5.4255	-11.141025	0.001358	13.578087	4.600381	0.109226
 136	6.7500e-02	5.4448	-11.432293	-0.000724	-7.241647	-2.453536	-0.058254
 137	6.8000e-02	5.4817	-10.995390	0.001086	10.862470	3.680304	0.087381
 138	6.8500e-02	5.5314	-11.141025	-0.000362	-3.620823	-1.226768	-0.029127
 139	6.9000e-02	5.5474	-10.849756	0.000724	7.241647	2.453536	0.058254
 140	6.9500e-02	5.6052	-10.704122	0.000362	3.620823	1.226768	0.029127
 141	7.0000e-02	5.6501	-10.667713	0.000091	0.905206	0.306692	0.007282
 142	7.0500e-02	5.6950	-10.485670	0.000453	4.526029	1.533460	0.036409
 143	7.1000e-02	5.7367	-10.412853	0.000181	1.810412	0.613384	0.014563
 144	7.1500e-02	5.7640	-10.194402	0.000543	5.431235	1.840152	0.043690
 145	7.2000e-02	5.7945	-10.085176	0.000272	2.715617	0.920076	0.021845
 146	7.2500e-02	5.8747	-9.975950	0.000272	2.715617	0.920076	0.021845
 147	7.3000e-02	5.8811	-9.721090	0.000634	6.336441	2.146844	0.050972
 148	7.3500e-02	5.9341	-9.648273	0.000181	1.810412	0.613384	0.014563
 149	7.4000e-02	5.9710	-9.502639	0.000362	3.620823	1.226768	0.029127
 150	7.4500e-02	5.9934	-9.539047	-0.000091	-0.905206	-0.306692	-0.007282
 151	7.5000e-02	6.0319	-9.138553	0.000996	9.957264	3.373612	0.080099
 152	7.5500e-02	6.0768	-9.065736	0.000181	1.810412	0.613384	0.014563
 153	7.6000e-02	6.1009	-8.883693	0.000453	4.526029	1.533460	0.036409
 154	7.6500e-02	6.1603	-8.810876	0.000181	1.810412	0.613384	0.014563
 155	7.7000e-02	6.2020	-8.410381	0.000996	9.957264	3.373612	0.080099
 156	7.7500e-02	6.2389	-8.410381	0.000000	0.000000	0.000000	0.000000
 157	7.8000e-02	6.2822	-8.519607	-0.000272	-2.715617	-0.920076	-0.021845
 158	7.8500e-02	6.3383	-8.373973	0.000362	3.620823	1.226768	0.029127
 159	7.9000e-02	6.3848	-7.900661	0.001177	11.767676	3.986996	0.094662
 160	7.9500e-02	6.4137	-7.900661	0.000000	0.000000	0.000000	0.000000
 161	8.0000e-02	6.4683	-7.755027	0.000362	3.620823	1.226768	0.029127
 162	8.0500e-02	6.5004	-7.827844	-0.000181	-1.810412	-0.613384	-0.014563
 163	8.1000e-02	6.4987	-7.390941	-0.001086	-10.862470	-3.680304	0.087381
 164	8.1500e-02	6.5597	-7.318124	0.000181	1.810412	0.613384	0.014563
 165	8.2000e-02	6.6030	-7.645801	-0.000815	-8.146852	-2.760228	-0.065535
 166	8.2500e-02	6.6511	-6.917630	0.001810	18.104116	6.133841	0.145634
 167	8.3000e-02	6.6864	-7.099673	-0.000453	-4.526029	-1.533460	-0.036409
 168	8.3500e-02	6.7314	-6.954038	0.000362	3.620823	1.226768	0.029127
 169	8.4000e-02	6.7779	-6.517135	0.001086	10.862470	3.680304	0.087381
 170	8.4500e-02	6.7907	-6.844812	-0.000815	-8.146852	-2.760228	-0.065535
 171	8.5000e-02	6.8340	-6.881221	-0.000091	-0.905206	-0.306692	-0.007282
 172	8.5500e-02	6.9126	-6.517135	0.000905	9.052058	3.066920	0.072817
 173	8.6000e-02	6.9142	-6.153050	0.000905	9.052058	3.066920	0.072817
 174	8.6500e-02	6.9463	-6.225867	-0.000181	-1.810412	-0.613384	-0.014563
 175	8.7000e-02	7.0153	-6.116641	0.000272	2.715617	0.920076	0.021845
 176	8.7500e-02	7.0265	-5.788964	0.000815	8.146852	2.760228	0.065535
 177	8.8000e-02	7.0875	-6.007415	-0.000543	-5.431235	-1.840152	-0.043690
 178	8.8500e-02	7.1276	-5.752555	0.000634	6.336441	2.146844	0.050972
 179	8.9000e-02	7.1533	-5.570512	0.000453	4.526029	1.533460	0.036409
 180	8.9500e-02	7.1966	-5.352061	0.000543	5.431235	1.840152	0.043690
 181	9.0000e-02	7.2624	-5.097201	0.000634	6.336441	2.146844	0.050972
 182	9.0500e-02	7.2880	-5.315652	-0.000543	-5.431235	-1.840152	-0.043690
 183	9.1000e-02	7.3313	-4.805932	0.001267	12.672881	4.293688	0.101944
 184	9.1500e-02	7.3747	-4.769524	0.000091	0.905206	0.306692	0.007282
 185	9.2000e-02	7.4244	-4.805932	-0.000091	-0.905206	-0.306692	-0.007282
 186	9.2500e-02	7.4276	-4.660298	0.000362	3.620823	1.226768	0.029127
 187	9.3000e-02	7.4902	-4.478255	0.000453	4.526029	1.533460	0.036409
 188	9.3500e-02	7.5158	-4.223395	0.000634	6.336441	2.146844	0.050972
 189	9.4000e-02	7.5784	-3.932126	0.000724	7.241647	2.453536	0.058254
 190	9.4500e-02	7.6025	-3.968535	-0.000091	-0.905206	-0.306692	-0.007282
 191	9.5000e-02	7.6490	-3.458815	0.001267	12.672881	4.293688	0.101944
 192	9.5500e-02	7.6730	-3.859309	-0.000996	-9.957264	-3.373612	-0.080099
 193	9.6000e-02	7.7019	-3.604449	0.000634	6.336441	2.146844	0.050972
 194	9.6500e-02	7.7452	-3.385998	0.000543	5.431235	1.840152	0.043690
 195	9.7000e-02	7.8238	-3.750083	-0.000905	-9.052058	-3.066920	-0.072817
 196	9.7500e-02	7.8623	-3.422406	0.000815	8.146852	2.760228	0.065535
 197	9.8000e-02	7.8639	-3.094729	0.000815	8.146852	2.760228	0.065535
 198	9.8500e-02	7.9329	-2.876278	0.000543	5.431235	1.840152	0.043690
 199	9.9000e-02	7.9939	-2.839869	0.000091	0.905206	0.306692	0.007282
 200	9.9500e-02	8.0340	-3.131138	-0.000724	-7.241647	-2.453536	-0.058254
 201	1.0000e-01	8.0115	-2.657826	-0.001177	-11.767676	-3.986996	0.094662
 202	1.0050e-01	8.0613	-2.585009	0.000181	1.810412	0.613384	0.014563
 203	1.0100e-01	8.0950	-2.439375	0.000362	3.620823	1.226768	0.029127
 204	1.0150e-01	8.1816	-2.293740	0.000362	3.620823	1.226768	0.029127
 205	1.0200e-01	8.2121	-2.038880	0.000634	6.336441	2.146844	0.050972
 206	1.0250e-01	8.2458	-2.111697	-0.000181	-1.810412	-0.613384	-0.014563
 207	1.0300e-01	8.2810	-1.747612	0.000905	9.052058	3.066920	0.072817
 208	1.0350e-01	8.3179	-1.820429	-0.000181	-1.810412	-0.613384	-0.014563
 209	1.0400e-01	8.3548	-1.711203	0.000272	2.715617	0.920076	0.021845
 210	1.0450e-01	8.4126	-1.419935	0.000724	7.241647	2.453536	0.058254
 211	1.0500e-01	8.4431	-1.383526	0.000091	0.905206	0.306692	0.007282
 212	1.0550e-01	8.4800	-1.019440	0.000905	9.052058	3.066920	0.072817
 213	1.0600e-01	8.4960	-1.274300	-0.000634	-6.336441	-2.146844	-0.050972
 214	1.0650e-01	8.5842	-1.092257	0.000453	4.526029	1.533460	0.036409
 215	1.0700e-01	8.5987	-0.728172	0.000905	9.052058	3.066920	0.072817
 216	1.0750e-01	8.6516	-0.618946	0.000272	2.715617	0.920076	0.021845
 217	1.0800e-01	8.6869	-0.218451	0.000996	9.957264	3.373612	0.080099
 218	1.0850e-01	8.7174	-0.582537	-0.000905	-9.052058	-3.066920	-0.072817
 219	1.0900e-01	8.7527	-0.546129	0.000091	0.905206	0.306692	0.007282
 220	1.0950e-01	8.7928	-0.655354	-0.000272	-2.715617	-0.920076	-0.021845
 221	1.1000e-01	8.8377	0.072817	0.001810	18.104116	6.133841	0.145634
 222	1.1050e-01	8.8602	0.036409	-0.000091	-0.905206	-0.306692	-0.007282
 223	1.1100e-01	8.9211	0.291269	0.000634	6.336441	2.146844	0.050972
 224	1.1150e-01	8.9500	0.109226	-0.000453	-4.526029	-1.533460	-0.036409
 225	1.1200e-01	8.9901	0.327677	0.000543	5.431235	1.840152	0.043690
 226	1.1250e-01	9.0222	0.473312	0.000362	3.620823	1.226768	0.029127
 227	1.1300e-01	9.0816	0.655354	0.000453	4.526029	1.533460	0.036409
 228	1.1350e-01	9.1201	0.946623	0.000724	7.241647	2.453536	0.058254
 229	1.1400e-01	9.1554	1.092257	0.000362	3.620823	1.226768	0.029127
 230	1.1450e-01	9.2003	0.910214	-0.000453	-4.526029	-1.533460	-0.036409
 231	1.1500e-01	9.2292	1.165074	0.000634	6.336441	2.146844	0.050972
 232	1.1550e-01	9.2805	1.165074	0.000000	0.000000	0.000000	0.000000
 233	1.1600e-01	9.3366	1.347117	0.000453	4.526029	1.533460	0.036409
 234	1.1650e-01	9.3447	1.529160	0.000453	4.526029	1.533460	0.036409
 235	1.1700e-01	9.4008	2.111697	0.001448	14.483293	4.907073	0.116507
 236	1.1750e-01	9.4553	1.711203	-0.000996	-9.957264	-3.373612	-0.080099
 237	1.1800e-01	9.5131	1.929655	0.000543	5.431235	1.840152	0.043690
 238	1.1850e-01	9.5163	2.220923	0.000724	7.241647	2.453536	0.058254
 239	1.1900e-01	9.5741	2.075289	-0.000362	-3.620823	-1.226768	-0.029127
 240	1.1950e-01	9.6158	2.293740	0.000543	5.431235	1.840152	0.043690
 241	1.2000e-01	9.6318	2.439375	0.000362	3.620823	1.226768	0.029127
 242	1.2050e-01	9.6655	2.293740	-0.000362	-3.620823	-1.226768	-0.029127
 243	1.2100e-01	9.7200	2.985503	0.001720	17.198911	5.827149	0.138353
 244	1.2150e-01	9.7666	2.803460	-0.000453	-4.526029	-1.533460	-0.036409
 245	1.2200e-01	9.8131	2.839869	0.000091	0.905206	0.306692	0.007282
 246	1.2250e-01	9.8516	3.385998	0.001358	13.578087	4.600381	0.109226
 247	1.2300e-01	9.8708	3.167546	-0.000543	-5.431235	-1.840152	-0.043690
 248	1.2350e-01	9.9206	3.495223	0.000815	8.146852	2.760228	0.065535
 249	1.2400e-01	9.9639	3.131138	-0.000905	-9.052058	-3.066920	-0.072817
 250	1.2450e-01	10.0249	3.677266	0.001358	13.578087	4.600381	0.109226
 251	1.2500e-01	10.0617	3.859309	0.000453	4.526029	1.533460	0.036409
 252	1.2550e-01	10.0938	3.786492	-0.000181	-1.810412	-0.613384	-0.014563
 253	1.2600e-01	10.1307	4.041352	0.000634	6.336441	2.146844	0.050972
 254	1.2650e-01	10.1644	3.786492	-0.000634	-6.336441	-2.146844	-0.050972
 255	1.2700e-01	10.1885	4.369029	0.001448	14.483293	4.907073	0.116507
 256	1.2750e-01	10.2270	4.004943	-0.000905	-9.052058	-3.066920	-0.072817
 257	1.2800e-01	10.3040	4.296212	0.000724	7.241647	2.453536	0.058254
 258	1.2850e-01	10.3264	4.623889	0.000815	8.146852	2.760228	0.065535
 259	1.2900e-01	10.3521	4.514664	-0.000272	-2.715617	-0.920076	-0.021845
 260	1.2950e-01	10.4002	4.842341	0.000815	8.146852	2.760228	0.065535
 261	1.3000e-01	10.4227	5.097201	0.000634	6.336441	2.146844	0.050972
 262	1.3050e-01	10.4740	4.951566	-0.000362	-3.620823	-1.226768	-0.029127
 263	1.3100e-01	10.5286	5.388469	0.001086	10.862470	3.680304	0.087381
 264	1.3150e-01	10.5655	5.279244	-0.000272	-2.715617	-0.920076	-0.021845
 265	1.3200e-01	10.5895	5.716147	0.001086	10.862470	3.680304	0.087381
 266	1.3250e-01	10.6489	5.606921	-0.000272	-2.715617	-0.920076	-0.021845
 267	1.3300e-01	10.6906	5.570512	-0.000091	-0.905206	-0.306692	-0.007282
 268	1.3350e-01	10.7147	5.788964	0.000543	5.431235	1.840152	0.043690
 269	1.3400e-01	10.7532	5.788964	0.000000	0.000000	0.000000	0.000000
 270	1.3450e-01	10.7949	6.007415	0.000543	5.431235	1.840152	0.043690
 271	1.3500e-01	10.8526	6.444318	0.001086	10.862470	3.680304	0.087381
 272	1.3550e-01	10.8639	5.752555	-0.001720	-17.198911	-5.827149	-0.138353
 273	1.3600e-01	10.9136	6.080232	0.000815	8.146852	2.760228	0.065535
 274	1.3650e-01	10.9649	6.444318	0.000905	9.052058	3.066920	0.072817
 275	1.3700e-01	11.0082	6.553544	0.000272	2.715617	0.920076	0.021845
 276	1.3750e-01	11.0548	6.444318	-0.000272	-2.715617	-0.920076	-0.021845
 277	1.3800e-01	11.0804	6.699178	0.000634	6.336441	2.146844	0.050972
 278	1.3850e-01	11.1398	6.699178	0.000000	0.000000	0.000000	0.000000
 279	1.3900e-01	11.1815	7.099673	0.000996	9.957264	3.373612	0.080099
 280	1.3950e-01	11.1783	6.990447	0.000272	2.715617	0.920076	-0.021845
 281	1.4000e-01	11.2457	7.026855	0.000091	0.905206	0.306692	0.007282
 282	1.4050e-01	11.2745	7.536575	0.001267	12.672881	4.293688	0.101944
 283	1.4100e-01	11.3227	7.572984	0.000091	0.905206	0.306692	0.007282
 284	1.4150e-01	11.3403	7.718618	0.000362	3.620823	1.226768	0.029127
 285	1.4200e-01	11.4061	7.682210	-0.000091	-0.905206	-0.306692	-0.007282
 286	1.4250e-01	11.4350	7.937070	0.000634	6.336441	2.146844	0.050972
 287	1.4300e-01	11.4815	7.973478	0.000091	0.905206	0.306692	0.007282
 288	1.4350e-01	11.5376	7.682210	-0.000724	-7.241647	-2.453536	-0.058254
 289	1.4400e-01	11.5617	8.410381	0.001810	18.104116	6.133841	0.145634
 290	1.4450e-01	11.6082	8.191930	-0.000543	-5.431235	-1.840152	-0.043690
 291	1.4500e-01	11.6531	8.628833	0.001086	10.862470	3.680304	0.087381
 292	1.4550e-01	11.6756	8.446790	-0.000453	-4.526029	-1.533460	-0.036409
 293	1.4600e-01	11.7237	8.446790	0.000000	0.000000	0.000000	0.000000
 294	1.4650e-01	11.7558	8.446790	0.000000	0.000000	0.000000	0.000000
 295	1.4700e-01	11.8168	8.920101	0.001177	11.767676	3.986996	0.094662
 296	1.4750e-01	11.8232	8.738058	-0.000453	-4.526029	-1.533460	-0.036409
 297	1.4800e-01	11.8874	8.956510	0.000543	5.431235	1.840152	0.043690
 298	1.4850e-01	11.9243	9.429821	0.001177	11.767676	3.986996	0.094662
 299	1.4900e-01	11.9692	9.502639	0.000181	1.810412	0.613384	0.014563
 300	1.4950e-01	12.0093	9.502639	0.000000	0.000000	0.000000	0.000000
 301	1.5000e-01	12.0494	9.429821	-0.000181	-1.810412	-0.613384	-0.014563
 302	1.5050e-01	12.0831	9.611864	0.000453	4.526029	1.533460	0.036409
 303	1.5100e-01	12.1200	9.975950	0.000905	9.052058	3.066920	0.072817
 304	1.5150e-01	12.1473	10.012359	0.000091	0.905206	0.306692	0.007282
 305	1.5200e-01	12.1970	10.194402	0.000453	4.526029	1.533460	0.036409
 306	1.5250e-01	12.2226	10.230810	0.000091	0.905206	0.306692	0.007282
 307	1.5300e-01	12.2916	10.012359	-0.000543	-5.431235	-1.840152	-0.043690
 308	1.5350e-01	12.3221	10.303627	0.000724	7.241647	2.453536	0.058254
 309	1.5400e-01	12.3446	10.522079	0.000543	5.431235	1.840152	0.043690
 310	1.5450e-01	12.4103	10.558487	0.000091	0.905206	0.306692	0.007282
 311	1.5500e-01	12.4745	10.485670	-0.000181	-1.810412	-0.613384	-0.014563
 312	1.5550e-01	12.4681	10.995390	-0.001267	-12.672881	-4.293688	0.101944
 313	1.5600e-01	12.5210	10.849756	-0.000362	-3.620823	-1.226768	-0.029127
 314	1.5650e-01	12.5772	11.213842	0.000905	9.052058	3.066920	0.072817
 315	1.5700e-01	12.6189	11.468702	0.000634	6.336441	2.146844	0.050972
 316	1.5750e-01	12.6349	11.177433	-0.000724	-7.241647	-2.453536	-0.058254
 317	1.5800e-01	12.6766	11.359476	0.000453	4.526029	1.533460	0.036409
 318	1.5850e-01	12.7328	11.432293	0.000181	1.810412	0.613384	0.014563
 319	1.5900e-01	12.7537	11.541519	0.000272	2.715617	0.920076	0.021845
 320	1.5950e-01	12.8130	11.505110	-0.000091	-0.905206	-0.306692	-0.007282
 321	1.6000e-01	12.8611	11.905605	0.000996	9.957264	3.373612	0.080099
 322	1.6050e-01	12.8868	11.942013	0.000091	0.905206	0.306692	0.007282
 323	1.6100e-01	12.9237	12.051239	0.000272	2.715617	0.920076	0.021845
 324	1.6150e-01	12.9205	12.014830	0.000091	0.905206	0.306692	-0.007282
 325	1.6200e-01	13.0216	12.524550	0.001267	12.672881	4.293688	0.101944
 326	1.6250e-01	13.0376	12.269690	-0.000634	-6.336441	-2.146844	-0.050972
 327	1.6300e-01	13.0745	12.415325	0.000362	3.620823	1.226768	0.029127
 328	1.6350e-01	13.1098	12.815819	0.000996	9.957264	3.373612	0.080099
 329	1.6400e-01	13.1788	12.852228	0.000091	0.905206	0.306692	0.007282
 330	1.6450e-01	13.1852	12.961453	0.000272	2.715617	0.920076	0.021845
 331	1.6500e-01	13.2269	13.034271	0.000181	1.810412	0.613384	0.014563
 332	1.6550e-01	13.2847	12.779411	-0.000634	-6.336441	-2.146844	-0.050972
 333	1.6600e-01	13.3071	12.925045	0.000362	3.620823	1.226768	0.029127
 334	1.6650e-01	13.3841	13.325539	0.000996	9.957264	3.373612	0.080099
 335	1.6700e-01	13.3937	13.543991	0.000543	5.431235	1.840152	0.043690
 336	1.6750e-01	13.4435	13.580399	0.000091	0.905206	0.306692	0.007282
 337	1.6800e-01	13.4916	13.543991	-0.000091	-0.905206	-0.306692	-0.007282
 338	1.6850e-01	13.5012	13.653216	0.000272	2.715617	0.920076	0.021845
 339	1.6900e-01	13.5670	13.980894	0.000815	8.146852	2.760228	0.065535
 340	1.6950e-01	13.6103	13.871668	-0.000272	-2.715617	-0.920076	-0.021845
 341	1.7000e-01	13.6440	14.090119	0.000543	5.431235	1.840152	0.043690
 342	1.7050e-01	13.6745	14.162936	0.000181	1.810412	0.613384	0.014563
 343	1.7100e-01	13.7370	14.381388	0.000543	5.431235	1.840152	0.043690
 344	1.7150e-01	13.7788	14.199345	-0.000453	-4.526029	-1.533460	-0.036409
 345	1.7200e-01	13.7820	14.527022	0.000815	8.146852	2.760228	0.065535
 346	1.7250e-01	13.8349	14.672657	0.000362	3.620823	1.226768	0.029127
 347	1.7300e-01	13.8654	14.745474	0.000181	1.810412	0.613384	0.014563
 348	1.7350e-01	13.9039	14.745474	0.000000	0.000000	0.000000	0.000000
 349	1.7400e-01	13.9600	14.891108	0.000362	3.620823	1.226768	0.029127
 350	1.7450e-01	13.9825	15.145968	0.000634	6.336441	2.146844	0.050972
 351	1.7500e-01	14.0515	15.364419	0.000543	5.431235	1.840152	0.043690
 352	1.7550e-01	14.0932	14.927517	-0.001086	-10.862470	-3.680304	-0.087381
 353	1.7600e-01	14.1060	15.291602	0.000905	9.052058	3.066920	0.072817
 354	1.7650e-01	14.1686	15.728505	0.001086	10.862470	3.680304	0.087381
 355	1.7700e-01	14.1830	15.582871	-0.000362	-3.620823	-1.226768	-0.029127
 356	1.7750e-01	14.2520	15.728505	0.000362	3.620823	1.226768	0.029127
 357	1.7800e-01	14.2632	15.655688	-0.000181	-1.810412	-0.613384	-0.014563
 358	1.7850e-01	14.3194	15.801322	0.000362	3.620823	1.226768	0.029127
 359	1.7900e-01	14.3531	16.092591	0.000724	7.241647	2.453536	0.058254
 360	1.7950e-01	14.4044	16.019774	-0.000181	-1.810412	-0.613384	-0.014563
 361	1.8000e-01	14.4493	16.420268	0.000996	9.957264	3.373612	0.080099
 362	1.8050e-01	14.4622	16.129000	-0.000724	-7.241647	-2.453536	-0.058254
 363	1.8100e-01	14.5360	16.565903	0.001086	10.862470	3.680304	0.087381
 364	1.8150e-01	14.5729	16.602311	0.000091	0.905206	0.306692	0.007282
 365	1.8200e-01	14.5873	16.565903	-0.000091	-0.905206	-0.306692	-0.007282
 366	1.8250e-01	14.6322	16.820763	0.000634	6.336441	2.146844	0.050972
 367	1.8300e-01	14.6771	16.893580	0.000181	1.810412	0.613384	0.014563
 368	1.8350e-01	14.7124	16.857171	-0.000091	-0.905206	-0.306692	-0.007282
 369	1.8400e-01	14.7525	17.039214	0.000453	4.526029	1.533460	0.036409
 370	1.8450e-01	14.7910	17.112031	0.000181	1.810412	0.613384	0.014563
 371	1.8500e-01	14.8552	17.585343	0.001177	11.767676	3.986996	0.094662
 372	1.8550e-01	14.8841	17.257665	-0.000815	-8.146852	-2.760228	-0.065535
 373	1.8600e-01	14.9194	17.257665	0.000000	0.000000	0.000000	0.000000
 374	1.8650e-01	14.9691	17.585343	0.000815	8.146852	2.760228	0.065535
 375	1.8700e-01	15.0060	17.585343	0.000000	0.000000	0.000000	0.000000
 376	1.8750e-01	15.0381	17.767386	0.000453	4.526029	1.533460	0.036409
 377	1.8800e-01	15.0846	17.840203	0.000181	1.810412	0.613384	0.014563
 378	1.8850e-01	15.1135	17.949428	0.000272	2.715617	0.920076	0.021845
 379	1.8900e-01	15.1279	18.204288	0.000634	6.336441	2.146844	0.050972
 380	1.8950e-01	15.2033	18.277106	0.000181	1.810412	0.613384	0.014563
 381	1.9000e-01	15.2418	18.386331	0.000272	2.715617	0.920076	0.021845
 382	1.9050e-01	15.2915	18.277106	-0.000272	-2.715617	-0.920076	-0.021845
 383	1.9100e-01	15.3092	18.641191	0.000905	9.052058	3.066920	0.072817
 384	1.9150e-01	15.3349	18.677600	0.000091	0.905206	0.306692	0.007282
 385	1.9200e-01	15.3974	18.823234	0.000362	3.620823	1.226768	0.029127
 386	1.9250e-01	15.4439	18.786826	-0.000091	-0.905206	-0.306692	-0.007282
 387	1.9300e-01	15.4841	19.005277	0.000543	5.431235	1.840152	0.043690
 388	1.9350e-01	15.5097	19.041686	0.000091	0.905206	0.306692	0.007282
 389	1.9400e-01	15.5498	19.332954	0.000724	7.241647	2.453536	0.058254
 390	1.9450e-01	15.6028	19.187320	-0.000362	-3.620823	-1.226768	-0.029127
 391	1.9500e-01	15.6381	19.260137	0.000181	1.810412	0.613384	0.014563
 392	1.9550e-01	15.6910	19.551406	0.000724	7.241647	2.453536	0.058254
 393	1.9600e-01	15.7199	19.879083	0.000815	8.146852	2.760228	0.065535
 394	1.9650e-01	15.7648	19.442180	-0.001086	-10.862470	-3.680304	-0.087381
 395	1.9700e-01	15.7905	19.769857	0.000815	8.146852	2.760228	0.065535
 396	1.9750e-01	15.8514	20.133943	0.000905	9.052058	3.066920	0.072817
 397	1.9800e-01	15.8755	20.024717	-0.000272	-2.715617	-0.920076	-0.021845
 398	1.9850e-01	15.9092	19.879083	-0.000362	-3.620823	-1.226768	-0.029127
 399	1.9900e-01	15.9669	20.133943	0.000634	6.336441	2.146844	0.050972
 400	1.9950e-01	15.9894	20.388803	0.000634	6.336441	2.146844	0.050972
 401	2.0000e-01	16.0327	20.461620	0.000181	1.810412	0.613384	0.014563
 402	2.0050e-01	16.0744	20.570846	0.000272	2.715617	0.920076	0.021845
 403	2.0100e-01	16.1257	20.643663	0.000181	1.810412	0.613384	0.014563
 404	2.0150e-01	16.1466	20.680072	0.000091	0.905206	0.306692	0.007282
 405	2.0200e-01	16.1659	20.752889	0.000181	1.810412	0.613384	0.014563
 406	2.0250e-01	16.2204	20.971340	0.000543	5.431235	1.840152	0.043690
 407	2.0300e-01	16.2798	21.007749	0.000091	0.905206	0.306692	0.007282
 408	2.0350e-01	16.3183	21.262609	0.000634	6.336441	2.146844	0.050972
 409	2.0400e-01	16.3455	21.080566	-0.000453	-4.526029	-1.533460	-0.036409
 410	2.0450e-01	16.4001	21.335426	0.000634	6.336441	2.146844	0.050972
 411	2.0500e-01	16.4273	21.262609	-0.000181	-1.810412	-0.613384	-0.014563
 412	2.0550e-01	16.4867	21.845146	0.001448	14.483293	4.907073	0.116507
 413	2.0600e-01	16.5108	21.553878	-0.000724	-7.241647	-2.453536	-0.058254
 414	2.0650e-01	16.5557	21.663103	0.000272	2.715617	0.920076	0.021845
 415	2.0700e-01	16.6038	21.845146	0.000453	4.526029	1.533460	0.036409
 416	2.0750e-01	16.6551	21.990780	0.000362	3.620823	1.226768	0.029127
 417	2.0800e-01	16.6888	21.990780	0.000000	0.000000	0.000000	0.000000
 418	2.0850e-01	16.7193	22.100006	0.000272	2.715617	0.920076	0.021845
 419	2.0900e-01	16.7450	22.354866	0.000634	6.336441	2.146844	0.050972
 420	2.0950e-01	16.8092	22.209232	-0.000362	-3.620823	-1.226768	-0.029127
 421	2.1000e-01	16.8621	22.682543	0.001177	11.767676	3.986996	0.094662
 422	2.1050e-01	16.8781	22.427683	-0.000634	-6.336441	-2.146844	-0.050972
 423	2.1100e-01	16.9343	22.937403	0.001267	12.672881	4.293688	0.101944
 424	2.1150e-01	16.9712	22.646135	-0.000724	-7.241647	-2.453536	-0.058254
 425	2.1200e-01	17.0049	22.864586	0.000543	5.431235	1.840152	0.043690
 426	2.1250e-01	17.0450	23.083038	0.000543	5.431235	1.840152	0.043690
 427	2.1300e-01	17.0899	23.083038	0.000000	0.000000	0.000000	0.000000
 428	2.1350e-01	17.1107	23.119446	0.000091	0.905206	0.306692	0.007282
 429	2.1400e-01	17.1637	23.046629	-0.000181	-1.810412	-0.613384	-0.014563
 430	2.1450e-01	17.1894	23.228672	0.000453	4.526029	1.533460	0.036409
 431	2.1500e-01	17.2391	23.483532	0.000634	6.336441	2.146844	0.050972
 432	2.1550e-01	17.2696	23.447124	-0.000091	-0.905206	-0.306692	-0.007282
 433	2.1600e-01	17.3049	23.483532	0.000091	0.905206	0.306692	0.007282
 434	2.1650e-01	17.3562	23.592758	0.000272	2.715617	0.920076	0.021845
 435	2.1700e-01	17.4011	23.774801	0.000453	4.526029	1.533460	0.036409
 436	2.1750e-01	17.4541	23.738392	-0.000091	-0.905206	-0.306692	-0.007282
 437	2.1800e-01	17.4990	24.248112	0.001267	12.672881	4.293688	0.101944
 438	2.1850e-01	17.5118	23.956844	-0.000724	-7.241647	-2.453536	-0.058254
 439	2.1900e-01	17.5519	24.175295	0.000543	5.431235	1.840152	0.043690
 440	2.1950e-01	17.6000	24.138887	-0.000091	-0.905206	-0.306692	-0.007282
 441	2.2000e-01	17.6514	24.575789	0.001086	10.862470	3.680304	0.087381
 442	2.2050e-01	17.6722	24.357338	-0.000543	-5.431235	-1.840152	-0.043690
 443	2.2100e-01	17.7252	24.757832	0.000996	9.957264	3.373612	0.080099
 444	2.2150e-01	17.7589	24.721424	-0.000091	-0.905206	-0.306692	-0.007282
 445	2.2200e-01	17.7749	24.830649	0.000272	2.715617	0.920076	0.021845
 446	2.2250e-01	17.8439	24.976284	0.000362	3.620823	1.226768	0.029127
 447	2.2300e-01	17.8535	24.939875	-0.000091	-0.905206	-0.306692	-0.007282
 448	2.2350e-01	17.9369	25.340370	0.000996	9.957264	3.373612	0.080099
 449	2.2400e-01	17.9449	25.231144	-0.000272	-2.715617	-0.920076	-0.021845
 450	2.2450e-01	18.0107	25.303961	0.000181	1.810412	0.613384	0.014563
 451	2.2500e-01	18.0444	25.231144	-0.000181	-1.810412	-0.613384	-0.014563
 452	2.2550e-01	18.0813	25.595230	0.000905	9.052058	3.066920	0.072817
 453	2.2600e-01	18.1246	25.522412	-0.000181	-1.810412	-0.613384	-0.014563
 454	2.2650e-01	18.1342	25.777272	0.000634	6.336441	2.146844	0.050972
 455	2.2700e-01	18.1936	25.959315	0.000453	4.526029	1.533460	0.036409
 456	2.2750e-01	18.2417	25.704455	-0.000634	-6.336441	-2.146844	-0.050972
 457	2.2800e-01	18.2738	25.558821	-0.000362	-3.620823	-1.226768	-0.029127
 458	2.2850e-01	18.3139	26.141358	0.001448	14.483293	4.907073	0.116507
 459	2.2900e-01	18.3540	26.141358	0.000000	0.000000	0.000000	0.000000
 460	2.2950e-01	18.3909	25.959315	-0.000453	-4.526029	-1.533460	-0.036409
 461	2.3000e-01	18.4407	26.250584	0.000724	7.241647	2.453536	0.058254
 462	2.3050e-01	18.4727	26.032133	-0.000543	-5.431235	-1.840152	-0.043690
 463	2.3100e-01	18.5112	26.578261	0.001358	13.578087	4.600381	0.109226
 464	2.3150e-01	18.5610	26.687487	0.000272	2.715617	0.920076	0.021845
 465	2.3200e-01	18.6155	26.942347	0.000634	6.336441	2.146844	0.050972
 466	2.3250e-01	18.6460	26.869530	-0.000181	-1.810412	-0.613384	-0.014563
 467	2.3300e-01	18.6909	26.651078	-0.000543	-5.431235	-1.840152	-0.043690
 468	2.3350e-01	18.7134	26.723895	0.000181	1.810412	0.613384	0.014563
 469	2.3400e-01	18.7551	27.306433	0.001448	14.483293	4.907073	0.116507
 470	2.3450e-01	18.8144	27.270024	-0.000091	-0.905206	-0.306692	-0.007282
 471	2.3500e-01	18.8481	27.379250	0.000272	2.715617	0.920076	0.021845
 472	2.3550e-01	18.8914	27.415658	0.000091	0.905206	0.306692	0.007282
 473	2.3600e-01	18.9107	27.670518	0.000634	6.336441	2.146844	0.050972
 474	2.3650e-01	18.9749	27.488476	-0.000453	-4.526029	-1.533460	-0.036409
 475	2.3700e-01	19.0102	27.670518	0.000453	4.526029	1.533460	0.036409
 476	2.3750e-01	19.0278	27.961787	0.000724	7.241647	2.453536	0.058254
 477	2.3800e-01	19.0711	27.597701	-0.000905	-9.052058	-3.066920	-0.072817
 478	2.3850e-01	19.1225	27.925379	0.000815	8.146852	2.760228	0.065535
 479	2.3900e-01	19.1834	28.034604	0.000272	2.715617	0.920076	0.021845
 480	2.3950e-01	19.2027	28.107421	0.000181	1.810412	0.613384	0.014563
 481	2.4000e-01	19.2668	28.071013	-0.000091	-0.905206	-0.306692	-0.007282
 482	2.4050e-01	19.2877	28.107421	0.000091	0.905206	0.306692	0.007282
 483	2.4100e-01	19.3358	28.435099	0.000815	8.146852	2.760228	0.065535
 484	2.4150e-01	19.3599	28.507916	0.000181	1.810412	0.613384	0.014563
 485	2.4200e-01	19.4080	28.471507	-0.000091	-0.905206	-0.306692	-0.007282
 486	2.4250e-01	19.3872	28.617141	-0.000362	-3.620823	-1.226768	0.029127
 487	2.4300e-01	19.4866	28.617141	0.000000	0.000000	0.000000	0.000000
 488	2.4350e-01	19.5139	28.799184	0.000453	4.526029	1.533460	0.036409
 489	2.4400e-01	19.5813	29.017636	0.000543	5.431235	1.840152	0.043690
 490	2.4450e-01	19.5989	29.126862	0.000272	2.715617	0.920076	0.021845
 491	2.4500e-01	19.6631	29.054044	-0.000181	-1.810412	-0.613384	-0.014563
 492	2.4550e-01	19.6904	29.381722	0.000815	8.146852	2.760228	0.065535
 493	2.4600e-01	19.7144	29.308904	-0.000181	-1.810412	-0.613384	-0.014563
 494	2.4650e-01	19.7593	29.381722	0.000181	1.810412	0.613384	0.014563
 495	2.4700e-01	19.8187	29.454539	0.000181	1.810412	0.613384	0.014563
 496	2.4750e-01	19.8395	29.527356	0.000181	1.810412	0.613384	0.014563
 497	2.4800e-01	19.8668	29.745807	0.000543	5.431235	1.840152	0.043690
 498	2.4850e-01	19.9149	30.109893	0.000905	9.052058	3.066920	0.072817
 499	2.4900e-01	19.9711	29.782216	-0.000815	-8.146852	-2.760228	-0.065535
 500	2.4950e-01	19.9903	30.037076	0.000634	6.336441	2.146844	0.050972
 501	2.5000e-01	20.0497	29.855033	-0.000453	-4.526029	-1.533460	-0.036409
 502	2.5050e-01	19.9743	29.964259	-0.000272	-2.715617	-0.920076	0.021845
 503	2.5100e-01	19.9454	29.891442	0.000181	1.810412	0.613384	-0.014563
 504	2.5150e-01	19.8716	29.855033	0.000091	0.905206	0.306692	-0.007282
 505	2.5200e-01	19.8668	29.782216	0.000181	1.810412	0.613384	-0.014563
 506	2.5250e-01	19.8091	29.818625	-0.000091	-0.905206	-0.306692	0.007282
 507	2.5300e-01	19.7722	29.454539	0.000905	9.052058	3.066920	-0.072817
 508	2.5350e-01	19.7369	29.454539	-0.000000	-0.000000	-0.000000	0.000000
 509	2.5400e-01	19.6663	29.527356	-0.000181	-1.810412	-0.613384	0.014563
 510	2.5450e-01	19.6519	29.418130	0.000272	2.715617	0.920076	-0.021845
 511	2.5500e-01	19.5941	29.454539	-0.000091	-0.905206	-0.306692	0.007282
 512	2.5550e-01	19.5813	29.418130	0.000091	0.905206	0.306692	-0.007282
 513	2.5600e-01	19.5668	28.981227	0.001086	10.862470	3.680304	-0.087381
 514	2.5650e-01	19.5043	29.236087	-0.000634	-6.336441	-2.146844	0.050972
 515	2.5700e-01	19.4545	29.054044	0.000453	4.526029	1.533460	-0.036409
 516	2.5750e-01	19.4112	28.835593	0.000543	5.431235	1.840152	-0.043690
 517	2.5800e-01	19.4064	29.126862	-0.000724	-7.241647	-2.453536	0.058254
 518	2.5850e-01	19.3102	28.908410	0.000543	5.431235	1.840152	-0.043690
 519	2.5900e-01	19.3005	28.981227	-0.000181	-1.810412	-0.613384	0.014563
 520	2.5950e-01	19.2588	28.398690	0.001448	14.483293	4.907073	-0.116507
 521	2.6000e-01	19.2251	28.726367	-0.000815	-8.146852	-2.760228	0.065535
 522	2.6050e-01	19.1802	28.689959	0.000091	0.905206	0.306692	-0.007282
 523	2.6100e-01	19.1465	28.362281	0.000815	8.146852	2.760228	-0.065535
 524	2.6150e-01	19.1112	28.289464	0.000181	1.810412	0.613384	-0.014563
 525	2.6200e-01	19.0551	28.180239	0.000272	2.715617	0.920076	-0.021845
 526	2.6250e-01	19.0326	28.107421	0.000181	1.810412	0.613384	-0.014563
 527	2.6300e-01	18.9845	28.398690	-0.000724	-7.241647	-2.453536	0.058254
 528	2.6350e-01	18.9428	27.998196	0.000996	9.957264	3.373612	-0.080099
 529	2.6400e-01	18.8930	28.216647	-0.000543	-5.431235	-1.840152	0.043690
 530	2.6450e-01	18.8898	27.888970	0.000815	8.146852	2.760228	-0.065535
 531	2.6500e-01	18.8080	27.561293	0.000815	8.146852	2.760228	-0.065535
 532	2.6550e-01	18.7727	27.852561	-0.000724	-7.241647	-2.453536	0.058254
 533	2.6600e-01	18.7374	27.888970	-0.000091	-0.905206	-0.306692	0.007282
 534	2.6650e-01	18.7134	27.415658	0.001177	11.767676	3.986996	-0.094662
 535	2.6700e-01	18.6733	27.306433	0.000272	2.715617	0.920076	-0.021845
 536	2.6750e-01	18.6107	27.233616	0.000181	1.810412	0.613384	-0.014563
 537	2.6800e-01	18.5642	27.415658	-0.000453	-4.526029	-1.533460	0.036409
 538	2.6850e-01	18.5161	27.306433	0.000272	2.715617	0.920076	-0.021845
 539	2.6900e-01	18.5177	27.452067	0.000362	3.620823	1.226768	0.029127
 540	2.6950e-01	18.4583	26.942347	0.001267	12.672881	4.293688	-0.101944
 541	2.7000e-01	18.4198	27.087981	-0.000362	-3.620823	-1.226768	0.029127
 542	2.7050e-01	18.3508	26.760304	0.000815	8.146852	2.760228	-0.065535
 543	2.7100e-01	18.3428	26.760304	-0.000000	-0.000000	-0.000000	0.000000
 544	2.7150e-01	18.2947	26.541853	0.000543	5.431235	1.840152	-0.043690
 545	2.7200e-01	18.2610	26.359810	0.000453	4.526029	1.533460	-0.036409
 546	2.7250e-01	18.1936	26.505444	-0.000362	-3.620823	-1.226768	0.029127
 547	2.7300e-01	18.1663	26.323401	0.000453	4.526029	1.533460	-0.036409
 548	2.7350e-01	18.1182	26.578261	-0.000634	-6.336441	-2.146844	0.050972
 549	2.7400e-01	18.0974	26.323401	0.000634	6.336441	2.146844	-0.050972
 550	2.7450e-01	18.0637	26.541853	-0.000543	-5.431235	-1.840152	0.043690
 551	2.7500e-01	18.0268	26.214175	0.000815	8.146852	2.760228	-0.065535
 552	2.7550e-01	17.9818	26.068541	0.000362	3.620823	1.226768	-0.029127
 553	2.7600e-01	17.9193	26.177767	-0.000272	-2.715617	-0.920076	0.021845
 554	2.7650e-01	17.9048	25.922907	0.000634	6.336441	2.146844	-0.050972
 555	2.7700e-01	17.8599	25.558821	0.000905	9.052058	3.066920	-0.072817
 556	2.7750e-01	17.7942	25.850090	-0.000724	-7.241647	-2.453536	0.058254
 557	2.7800e-01	17.7605	25.740864	0.000272	2.715617	0.920076	-0.021845
 558	2.7850e-01	17.7204	25.267552	0.001177	11.767676	3.986996	-0.094662
 559	2.7900e-01	17.6931	25.413187	-0.000362	-3.620823	-1.226768	0.029127
 560	2.7950e-01	17.6450	25.376778	0.000091	0.905206	0.306692	-0.007282
 561	2.8000e-01	17.6032	25.340370	0.000091	0.905206	0.306692	-0.007282
 562	2.8050e-01	17.5856	25.267552	0.000181	1.810412	0.613384	-0.014563
 563	2.8100e-01	17.5262	25.012692	0.000634	6.336441	2.146844	-0.050972
 564	2.8150e-01	17.4910	25.194735	-0.000453	-4.526029	-1.533460	0.036409
 565	2.8200e-01	17.4444	24.830649	0.000905	9.052058	3.066920	-0.072817
 566	2.8250e-01	17.4220	24.939875	-0.000272	-2.715617	-0.920076	0.021845
 567	2.8300e-01	17.3947	24.903467	0.000091	0.905206	0.306692	-0.007282
 568	2.8350e-01	17.3321	24.648607	0.000634	6.336441	2.146844	-0.050972
 569	2.8400e-01	17.3129	24.648607	-0.000000	-0.000000	-0.000000	0.000000
 570	2.8450e-01	17.2519	24.393747	0.000634	6.336441	2.146844	-0.050972
 571	2.8500e-01	17.2134	24.612198	-0.000543	-5.431235	-1.840152	0.043690
 572	2.8550e-01	17.1637	24.248112	0.000905	9.052058	3.066920	-0.072817
 573	2.8600e-01	17.1509	24.284521	-0.000091	-0.905206	-0.306692	0.007282
 574	2.8650e-01	17.0947	24.393747	-0.000272	-2.715617	-0.920076	0.021845
 575	2.8700e-01	17.0722	23.956844	0.001086	10.862470	3.680304	-0.087381
 576	2.8750e-01	17.0225	24.029661	-0.000181	-1.810412	-0.613384	0.014563
 577	2.8800e-01	16.9728	23.847618	0.000453	4.526029	1.533460	-0.036409
 578	2.8850e-01	16.9567	23.847618	-0.000000	-0.000000	-0.000000	0.000000
 579	2.8900e-01	16.9134	23.847618	-0.000000	-0.000000	-0.000000	0.000000
 580	2.8950e-01	16.8525	23.556349	0.000724	7.241647	2.453536	-0.058254
 581	2.9000e-01	16.8059	23.701984	-0.000362	-3.620823	-1.226768	0.029127
 582	2.9050e-01	16.7835	23.228672	0.001177	11.767676	3.986996	-0.094662
 583	2.9100e-01	16.7723	23.447124	-0.000543	-5.431235	-1.840152	0.043690
 584	2.9150e-01	16.6824	23.556349	-0.000272	-2.715617	-0.920076	0.021845
 585	2.9200e-01	16.6840	23.337898	-0.000543	-5.431235	-1.840152	-0.043690
 586	2.9250e-01	16.6038	23.337898	-0.000000	-0.000000	-0.000000	0.000000
 587	2.9300e-01	16.5814	22.573318	0.001901	19.009322	6.440533	-0.152916
 588	2.9350e-01	16.5108	23.265081	-0.001720	-17.198911	-5.827149	0.138353
 589	2.9400e-01	16.5011	22.682543	0.001448	14.483293	4.907073	-0.116507
 590	2.9450e-01	16.4322	22.791769	-0.000272	-2.715617	-0.920076	0.021845
 591	2.9500e-01	16.4289	23.010221	-0.000543	-5.431235	-1.840152	0.043690
 592	2.9550e-01	16.4017	22.500501	0.001267	12.672881	4.293688	-0.101944
 593	2.9600e-01	16.3439	22.646135	-0.000362	-3.620823	-1.226768	0.029127
 594	2.9650e-01	16.3054	22.391275	0.000634	6.336441	2.146844	-0.050972
 595	2.9700e-01	16.2429	22.391275	-0.000000	-0.000000	-0.000000	0.000000
 596	2.9750e-01	16.2124	22.391275	-0.000000	-0.000000	-0.000000	0.000000
 597	2.9800e-01	16.1707	22.027189	0.000905	9.052058	3.066920	-0.072817
 598	2.9850e-01	16.1514	22.245641	-0.000543	-5.431235	-1.840152	0.043690
 599	2.9900e-01	16.0872	22.172823	0.000181	1.810412	0.613384	-0.014563
 600	2.9950e-01	16.0568	21.553878	0.001539	15.388499	5.213765	-0.123789
 601	3.0000e-01	16.0295	22.136415	-0.001448	-14.483293	-4.907073	0.116507
 602	3.0050e-01	15.9637	21.881555	0.000634	6.336441	2.146844	-0.050972
 603	3.0100e-01	15.9525	21.262609	0.001539	15.388499	5.213765	-0.123789
 604	3.0150e-01	15.8787	21.590286	-0.000815	-8.146852	-2.760228	0.065535
 605	3.0200e-01	15.8450	21.626695	-0.000091	-0.905206	-0.306692	0.007282
 606	3.0250e-01	15.8161	21.590286	0.000091	0.905206	0.306692	-0.007282
 607	3.0300e-01	15.7873	21.262609	0.000815	8.146852	2.760228	-0.065535
 608	3.0350e-01	15.7407	21.116975	0.000362	3.620823	1.226768	-0.029127
 609	3.0400e-01	15.7103	21.044157	0.000181	1.810412	0.613384	-0.014563
 610	3.0450e-01	15.6766	21.116975	-0.000181	-1.810412	-0.613384	0.014563
 611	3.0500e-01	15.6156	20.934932	0.000453	4.526029	1.533460	-0.036409
 612	3.0550e-01	15.5803	20.971340	-0.000091	-0.905206	-0.306692	0.007282
 613	3.0600e-01	15.5258	20.716480	0.000634	6.336441	2.146844	-0.050972
 614	3.0650e-01	15.5081	20.716480	-0.000000	-0.000000	-0.000000	0.000000
 615	3.0700e-01	15.4760	20.680072	0.000091	0.905206	0.306692	-0.007282
 616	3.0750e-01	15.4071	20.388803	0.000724	7.241647	2.453536	-0.058254
 617	3.0800e-01	15.3830	20.680072	-0.000724	-7.241647	-2.453536	0.058254
 618	3.0850e-01	15.3445	20.279577	0.000996	9.957264	3.373612	-0.080099
 619	3.0900e-01	15.3204	20.133943	0.000362	3.620823	1.226768	-0.029127
 620	3.0950e-01	15.2803	19.769857	0.000905	9.052058	3.066920	-0.072817
 621	3.1000e-01	15.2049	19.842674	-0.000181	-1.810412	-0.613384	0.014563
 622	3.1050e-01	15.1873	19.988309	-0.000362	-3.620823	-1.226768	0.029127
 623	3.1100e-01	15.1263	19.697040	0.000724	7.241647	2.453536	-0.058254
 624	3.1150e-01	15.1022	19.806266	-0.000272	-2.715617	-0.920076	0.021845
 625	3.1200e-01	15.0493	19.733449	0.000181	1.810412	0.613384	-0.014563
 626	3.1250e-01	15.0108	19.769857	-0.000091	-0.905206	-0.306692	0.007282
 627	3.1300e-01	14.9723	19.514997	0.000634	6.336441	2.146844	-0.050972
 628	3.1350e-01	14.9386	19.260137	0.000634	6.336441	2.146844	-0.050972
 629	3.1400e-01	14.9017	19.442180	-0.000453	-4.526029	-1.533460	0.036409
 630	3.1450e-01	14.8793	19.150911	0.000724	7.241647	2.453536	-0.058254
 631	3.1500e-01	14.8392	19.114503	0.000091	0.905206	0.306692	-0.007282
 632	3.1550e-01	14.7605	19.369363	-0.000634	-6.336441	-2.146844	0.050972
 633	3.1600e-01	14.7397	18.823234	0.001358	13.578087	4.600381	-0.109226
 634	3.1650e-01	14.7044	19.150911	-0.000815	-8.146852	-2.760228	0.065535
 635	3.1700e-01	14.6434	18.750417	0.000996	9.957264	3.373612	-0.080099
 636	3.1750e-01	14.6402	18.677600	0.000181	1.810412	0.613384	-0.014563
 637	3.1800e-01	14.5793	18.495557	0.000453	4.526029	1.533460	-0.036409
 638	3.1850e-01	14.5680	18.604783	-0.000272	-2.715617	-0.920076	0.021845
 639	3.1900e-01	14.5055	17.985837	0.001539	15.388499	5.213765	-0.123789
 640	3.1950e-01	14.4590	18.349923	-0.000905	-9.052058	-3.066920	0.072817
 641	3.2000e-01	14.3884	18.095063	0.000634	6.336441	2.146844	-0.050972
 642	3.2050e-01	14.3755	18.058654	0.000091	0.905206	0.306692	-0.007282
 643	3.2100e-01	14.3114	17.913020	0.000362	3.620823	1.226768	-0.029127
 644	3.2150e-01	14.2905	17.803794	0.000272	2.715617	0.920076	-0.021845
 645	3.2200e-01	14.2761	17.585343	0.000543	5.431235	1.840152	-0.043690
 646	3.2250e-01	14.2231	17.694568	-0.000272	-2.715617	-0.920076	0.021845
 647	3.2300e-01	14.1686	17.803794	-0.000272	-2.715617	-0.920076	0.021845
 648	3.2350e-01	14.1413	17.476117	0.000815	8.146852	2.760228	-0.065535
 649	3.2400e-01	14.1140	17.439708	0.000091	0.905206	0.306692	-0.007282
 650	3.2450e-01	14.0611	17.403300	0.000091	0.905206	0.306692	-0.007282
 651	3.2500e-01	14.0258	17.112031	0.000724	7.241647	2.453536	-0.058254
 652	3.2550e-01	13.9825	17.257665	-0.000362	-3.620823	-1.226768	0.029127
 653	3.2600e-01	13.9344	16.893580	0.000905	9.052058	3.066920	-0.072817
 654	3.2650e-01	13.9215	16.711537	0.000453	4.526029	1.533460	-0.036409
 655	3.2700e-01	13.8477	16.857171	-0.000362	-3.620823	-1.226768	0.029127
 656	3.2750e-01	13.8060	16.565903	0.000724	7.241647	2.453536	-0.058254
 657	3.2800e-01	13.7627	16.711537	-0.000362	-3.620823	-1.226768	0.029127
 658	3.2850e-01	13.7258	16.747945	-0.000091	-0.905206	-0.306692	0.007282
 659	3.2900e-01	13.7146	16.274634	0.001177	11.767676	3.986996	-0.094662
 660	3.2950e-01	13.6392	16.347451	-0.000181	-1.810412	-0.613384	0.014563
 661	3.3000e-01	13.6135	15.983365	0.000905	9.052058	3.066920	-0.072817
 662	3.3050e-01	13.5846	16.311042	-0.000815	-8.146852	-2.760228	0.065535
 663	3.3100e-01	13.5590	15.764914	0.001358	13.578087	4.600381	-0.109226
 664	3.3150e-01	13.4916	16.129000	-0.000905	-9.052058	-3.066920	0.072817
 665	3.3200e-01	13.4820	15.546462	0.001448	14.483293	4.907073	-0.116507
 666	3.3250e-01	13.4146	15.764914	-0.000543	-5.431235	-1.840152	0.043690
 667	3.3300e-01	13.3793	15.510054	0.000634	6.336441	2.146844	-0.050972
 668	3.3350e-01	13.3424	15.728505	-0.000543	-5.431235	-1.840152	0.043690
 669	3.3400e-01	13.2798	15.182377	0.001358	13.578087	4.600381	-0.109226
 670	3.3450e-01	13.2638	15.255194	-0.000181	-1.810412	-0.613384	0.014563
 671	3.3500e-01	13.1852	15.145968	0.000272	2.715617	0.920076	-0.021845
 672	3.3550e-01	13.1724	15.218785	-0.000181	-1.810412	-0.613384	0.014563
 673	3.3600e-01	13.1579	15.073151	0.000362	3.620823	1.226768	-0.029127
 674	3.3650e-01	13.1242	15.073151	-0.000000	-0.000000	-0.000000	0.000000
 675	3.3700e-01	13.0520	14.599839	0.001177	11.767676	3.986996	-0.094662
 676	3.3750e-01	13.0248	14.891108	-0.000724	-7.241647	-2.453536	0.058254
 677	3.3800e-01	12.9718	14.344979	0.001358	13.578087	4.600381	-0.109226
 678	3.3850e-01	12.9494	14.709065	-0.000905	-9.052058	-3.066920	0.072817
 679	3.3900e-01	12.9333	14.636248	0.000181	1.810412	0.613384	-0.014563
 680	3.3950e-01	12.8403	14.053711	0.001448	14.483293	4.907073	-0.116507
 681	3.4000e-01	12.8258	14.417796	-0.000905	-9.052058	-3.066920	0.072817
 682	3.4050e-01	12.7841	13.980894	0.001086	10.862470	3.680304	-0.087381
 683	3.4100e-01	12.7232	14.527022	-0.001358	-13.578087	-4.600381	0.109226
 684	3.4150e-01	12.7055	13.980894	0.001358	13.578087	4.600381	-0.109226
 685	3.4200e-01	12.6558	14.017302	-0.000091	-0.905206	-0.306692	0.007282
 686	3.4250e-01	12.6333	13.616808	0.000996	9.957264	3.373612	-0.080099
 687	3.4300e-01	12.5820	13.835259	-0.000543	-5.431235	-1.840152	0.043690
 688	3.4350e-01	12.5194	13.726034	0.000272	2.715617	0.920076	-0.021845
 689	3.4400e-01	12.4761	13.361948	0.000905	9.052058	3.066920	-0.072817
 690	3.4450e-01	12.4681	13.689625	-0.000815	-8.146852	-2.760228	0.065535
 691	3.4500e-01	12.4136	13.434765	0.000634	6.336441	2.146844	-0.050972
 692	3.4550e-01	12.3911	13.070679	0.000905	9.052058	3.066920	-0.072817
 693	3.4600e-01	12.3317	13.216313	-0.000362	-3.620823	-1.226768	0.029127
 694	3.4650e-01	12.3205	12.925045	0.000724	7.241647	2.453536	-0.058254
 695	3.4700e-01	12.2579	13.107088	-0.000453	-4.526029	-1.533460	0.036409
 696	3.4750e-01	12.2451	12.524550	0.001448	14.483293	4.907073	-0.116507
 697	3.4800e-01	12.1729	12.633776	-0.000272	-2.715617	-0.920076	0.021845
 698	3.4850e-01	12.1184	12.524550	0.000272	2.715617	0.920076	-0.021845
 699	3.4900e-01	12.1071	12.670185	-0.000362	-3.620823	-1.226768	0.029127
 700	3.4950e-01	12.0879	12.014830	0.001629	16.293705	5.520457	-0.131071
 701	3.5000e-01	12.0141	12.160465	-0.000362	-3.620823	-1.226768	0.029127
 702	3.5050e-01	11.9868	12.524550	-0.000905	-9.052058	-3.066920	0.072817
 703	3.5100e-01	11.9050	12.051239	0.001177	11.767676	3.986996	-0.094662
 704	3.5150e-01	11.8970	11.905605	0.000362	3.620823	1.226768	-0.029127
 705	3.5200e-01	11.8617	11.796379	0.000272	2.715617	0.920076	-0.021845
 706	3.5250e-01	11.8232	11.942013	-0.000362	-3.620823	-1.226768	0.029127
 707	3.5300e-01	11.7911	11.577927	0.000905	9.052058	3.066920	-0.072817
 708	3.5350e-01	11.7430	11.286659	0.000724	7.241647	2.453536	-0.058254
 709	3.5400e-01	11.6997	11.286659	-0.000000	-0.000000	-0.000000	0.000000
 710	3.5450e-01	11.6531	11.177433	0.000272	2.715617	0.920076	-0.021845
 711	3.5500e-01	11.6259	11.468702	-0.000724	-7.241647	-2.453536	0.058254
 712	3.5550e-01	11.5826	10.813347	0.001629	16.293705	5.520457	-0.131071
 713	3.5600e-01	11.5248	10.704122	0.000272	2.715617	0.920076	-0.021845
 714	3.5650e-01	11.5184	10.886165	-0.000453	-4.526029	-1.533460	0.036409
 715	3.5700e-01	11.4655	10.704122	0.000453	4.526029	1.533460	-0.036409
 716	3.5750e-01	11.4334	10.449262	0.000634	6.336441	2.146844	-0.050972
 717	3.5800e-01	11.3804	10.376444	0.000181	1.810412	0.613384	-0.014563
 718	3.5850e-01	11.3532	10.740530	-0.000905	-9.052058	-3.066920	0.072817
 719	3.5900e-01	11.2986	10.412853	0.000815	8.146852	2.760228	-0.065535
 720	3.5950e-01	11.2569	10.340036	0.000181	1.810412	0.613384	-0.014563
 721	3.6000e-01	11.2296	9.866724	0.001177	11.767676	3.986996	-0.094662
 722	3.6050e-01	11.1847	10.085176	-0.000543	-5.431235	-1.840152	0.043690
 723	3.6100e-01	11.1173	9.939542	0.000362	3.620823	1.226768	-0.029127
 724	3.6150e-01	11.0788	9.866724	0.000181	1.810412	0.613384	-0.014563
 725	3.6200e-01	11.0692	9.393413	0.001177	11.767676	3.986996	-0.094662
 726	3.6250e-01	11.0179	9.648273	-0.000634	-6.336441	-2.146844	0.050972
 727	3.6300e-01	10.9794	9.721090	-0.000181	-1.810412	-0.613384	0.014563
 728	3.6350e-01	10.9633	9.429821	0.000724	7.241647	2.453536	-0.058254
 729	3.6400e-01	10.8959	9.174961	0.000634	6.336441	2.146844	-0.050972
 730	3.6450e-01	10.8783	9.466230	-0.000724	-7.241647	-2.453536	0.058254
 731	3.6500e-01	10.8286	8.701650	0.001901	19.009322	6.440533	-0.152916
 732	3.6550e-01	10.7885	9.029327	-0.000815	-8.146852	-2.760228	0.065535
 733	3.6600e-01	10.7387	9.174961	-0.000362	-3.620823	-1.226768	0.029127
 734	3.6650e-01	10.7131	8.701650	0.001177	11.767676	3.986996	-0.094662
 735	3.6700e-01	10.6601	8.665241	0.000091	0.905206	0.306692	-0.007282
 736	3.6750e-01	10.6200	8.446790	0.000543	5.431235	1.840152	-0.043690
 737	3.6800e-01	10.5815	8.264747	0.000453	4.526029	1.533460	-0.036409
 738	3.6850e-01	10.5478	8.701650	-0.001086	-10.862470	-3.680304	0.087381
 739	3.6900e-01	10.5029	8.119113	0.001448	14.483293	4.907073	-0.116507
 740	3.6950e-01	10.4676	8.155521	-0.000091	-0.905206	-0.306692	0.007282
 741	3.7000e-01	10.4034	7.864253	0.000724	7.241647	2.453536	-0.058254
 742	3.7050e-01	10.3874	8.009887	-0.000362	-3.620823	-1.226768	0.029127
 743	3.7100e-01	10.3666	7.791435	0.000543	5.431235	1.840152	-0.043690
 744	3.7150e-01	10.2992	7.572984	0.000543	5.431235	1.840152	-0.043690
 745	3.7200e-01	10.2543	7.500167	0.000181	1.810412	0.613384	-0.014563
 746	3.7250e-01	10.2510	7.572984	-0.000181	-1.810412	-0.613384	0.014563
 747	3.7300e-01	10.2077	7.463758	0.000272	2.715617	0.920076	-0.021845
 748	3.7350e-01	10.1339	7.099673	0.000905	9.052058	3.066920	-0.072817
 749	3.7400e-01	10.1115	7.172490	-0.000181	-1.810412	-0.613384	0.014563
 750	3.7450e-01	10.0569	7.026855	0.000362	3.620823	1.226768	-0.029127
 751	3.7500e-01	10.0650	7.063264	0.000091	0.905206	0.306692	0.007282
 752	3.7550e-01	10.0088	6.844812	0.000543	5.431235	1.840152	-0.043690
 753	3.7600e-01	9.9575	6.371501	0.001177	11.767676	3.986996	-0.094662
 754	3.7650e-01	9.9190	6.480727	-0.000272	-2.715617	-0.920076	0.021845
 755	3.7700e-01	9.8516	6.517135	-0.000091	-0.905206	-0.306692	0.007282
 756	3.7750e-01	9.8275	6.116641	0.000996	9.957264	3.373612	-0.080099
 757	3.7800e-01	9.7826	6.262275	-0.000362	-3.620823	-1.226768	0.029127
 758	3.7850e-01	9.7441	5.971007	0.000724	7.241647	2.453536	-0.058254
 759	3.7900e-01	9.6783	5.934598	0.000091	0.905206	0.306692	-0.007282
 760	3.7950e-01	9.6623	6.007415	-0.000181	-1.810412	-0.613384	0.014563
 761	3.8000e-01	9.6061	5.534104	0.001177	11.767676	3.986996	-0.094662
 762	3.8050e-01	9.5725	5.461287	0.000181	1.810412	0.613384	-0.014563
 763	3.8100e-01	9.5324	5.643329	-0.000453	-4.526029	-1.533460	0.036409
 764	3.8150e-01	9.4874	5.279244	0.000905	9.052058	3.066920	-0.072817
 765	3.8200e-01	9.4586	5.060792	0.000543	5.431235	1.840152	-0.043690
 766	3.8250e-01	9.4152	5.424878	-0.000905	-9.052058	-3.066920	0.072817
 767	3.8300e-01	9.3671	4.951566	0.001177	11.767676	3.986996	-0.094662
 768	3.8350e-01	9.3511	5.133609	-0.000453	-4.526029	-1.533460	0.036409
 769	3.8400e-01	9.3126	4.769524	0.000905	9.052058	3.066920	-0.072817
 770	3.8450e-01	9.2484	4.769524	-0.000000	-0.000000	-0.000000	0.000000
 771	3.8500e-01	9.2099	4.733115	0.000091	0.905206	0.306692	-0.007282
 772	3.8550e-01	9.1730	4.514664	0.000543	5.431235	1.840152	-0.043690
 773	3.8600e-01	9.1265	4.587481	-0.000181	-1.810412	-0.613384	0.014563
 774	3.8650e-01	9.0896	4.186986	0.000996	9.957264	3.373612	-0.080099
 775	3.8700e-01	9.0607	4.369029	-0.000453	-4.526029	-1.533460	0.036409
 776	3.8750e-01	9.0238	4.332621	0.000091	0.905206	0.306692	-0.007282
 777	3.8800e-01	8.9869	3.750083	0.001448	14.483293	4.907073	-0.116507
 778	3.8850e-01	8.9356	4.077761	-0.000815	-8.146852	-2.760228	0.065535
 779	3.8900e-01	8.9099	3.531632	0.001358	13.578087	4.600381	-0.109226
 780	3.8950e-01	8.8714	3.640858	-0.000272	-2.715617	-0.920076	0.021845
 781	3.9000e-01	8.8265	3.349589	0.000724	7.241647	2.453536	-0.058254
 782	3.9050e-01	8.7992	3.203955	0.000362	3.620823	1.226768	-0.029127
 783	3.9100e-01	8.7270	3.349589	-0.000362	-3.620823	-1.226768	0.029127
 784	3.9150e-01	8.6933	3.349589	-0.000000	-0.000000	-0.000000	0.000000
 785	3.9200e-01	8.6516	3.094729	0.000634	6.336441	2.146844	-0.050972
 786	3.9250e-01	8.6003	3.094729	-0.000000	-0.000000	-0.000000	0.000000
 787	3.9300e-01	8.5778	2.548600	0.001358	13.578087	4.600381	-0.109226
 788	3.9350e-01	8.5490	2.730643	-0.000453	-4.526029	-1.533460	0.036409
 789	3.9400e-01	8.4816	2.548600	0.000453	4.526029	1.533460	-0.036409
 790	3.9450e-01	8.4591	2.475783	0.000181	1.810412	0.613384	-0.014563
 791	3.9500e-01	8.3933	2.621418	-0.000362	-3.620823	-1.226768	0.029127
 792	3.9550e-01	8.3741	2.402966	0.000543	5.431235	1.840152	-0.043690
 793	3.9600e-01	8.3147	2.075289	0.000815	8.146852	2.760228	-0.065535
 794	3.9650e-01	8.3083	2.220923	-0.000362	-3.620823	-1.226768	0.029127
 795	3.9700e-01	8.2634	1.638386	0.001448	14.483293	4.907073	-0.116507
 796	3.9750e-01	8.2169	1.784020	-0.000362	-3.620823	-1.226768	0.029127
 797	3.9800e-01	8.1896	1.856837	-0.000181	-1.810412	-0.613384	0.014563
 798	3.9850e-01	8.1495	1.674795	0.000453	4.526029	1.533460	-0.036409
 799	3.9900e-01	8.0725	1.565569	0.000272	2.715617	0.920076	-0.021845
 800	3.9950e-01	8.0661	1.165074	0.000996	9.957264	3.373612	-0.080099
 801	4.0000e-01	8.0308	1.456343	-0.000724	-7.241647	-2.453536	0.058254
 802	4.0050e-01	8.0035	0.873806	0.001448	14.483293	4.907073	-0.116507
 803	4.0100e-01	7.9361	0.800989	0.000181	1.810412	0.613384	-0.014563
 804	4.0150e-01	7.8976	0.837397	-0.000091	-0.905206	-0.306692	0.007282
 805	4.0200e-01	7.8688	0.728172	0.000272	2.715617	0.920076	-0.021845
 806	4.0250e-01	7.8303	0.618946	0.000272	2.715617	0.920076	-0.021845
 807	4.0300e-01	7.7837	0.036409	0.001448	14.483293	4.907073	-0.116507
 808	4.0350e-01	7.7549	0.473312	-0.001086	-10.862470	-3.680304	0.087381
 809	4.0400e-01	7.7019	0.364086	0.000272	2.715617	0.920076	-0.021845
 810	4.0450e-01	7.6795	0.109226	0.000634	6.336441	2.146844	-0.050972
 811	4.0500e-01	7.6185	0.145634	-0.000091	-0.905206	-0.306692	0.007282
 812	4.0550e-01	7.5624	0.109226	0.000091	0.905206	0.306692	-0.007282
 813	4.0600e-01	7.5591	-0.036409	0.000362	3.620823	1.226768	-0.029127
 814	4.0650e-01	7.4950	-0.364086	0.000815	8.146852	2.760228	-0.065535
 815	4.0700e-01	7.4693	-0.364086	-0.000000	-0.000000	-0.000000	0.000000
 816	4.0750e-01	7.4180	-0.546129	0.000453	4.526029	1.533460	-0.036409
 817	4.0800e-01	7.3859	-0.728172	0.000453	4.526029	1.533460	-0.036409
 818	4.0850e-01	7.3490	-1.201483	0.001177	11.767676	3.986996	-0.094662
 819	4.0900e-01	7.2832	-1.055849	-0.000362	-3.620823	-1.226768	0.029127
 820	4.0950e-01	7.2463	-0.983032	-0.000181	-1.810412	-0.613384	0.014563
 821	4.1000e-01	7.2046	-1.165074	0.000453	4.526029	1.533460	-0.036409
 822	4.1050e-01	7.1661	-1.128666	-0.000091	-0.905206	-0.306692	0.007282
 823	4.1100e-01	7.1453	-1.456343	0.000815	8.146852	2.760228	-0.065535
 824	4.1150e-01	7.1019	-1.419935	-0.000091	-0.905206	-0.306692	0.007282
 825	4.1200e-01	7.0442	-1.856837	0.001086	10.862470	3.680304	-0.087381
 826	4.1250e-01	7.0330	-1.638386	-0.000543	-5.431235	-1.840152	0.043690
 827	4.1300e-01	6.9848	-1.711203	0.000181	1.810412	0.613384	-0.014563
 828	4.1350e-01	6.9223	-2.184515	0.001177	11.767676	3.986996	-0.094662
 829	4.1400e-01	6.8902	-2.475783	0.000724	7.241647	2.453536	-0.058254
 830	4.1450e-01	6.8741	-2.148106	-0.000815	-8.146852	-2.760228	0.065535
 831	4.1500e-01	6.8180	-2.366558	0.000543	5.431235	1.840152	-0.043690
 832	4.1550e-01	6.7522	-2.184515	-0.000453	-4.526029	-1.533460	0.036409
 833	4.1600e-01	6.7314	-2.548600	0.000905	9.052058	3.066920	-0.072817
 834	4.1650e-01	6.7137	-2.657826	0.000272	2.715617	0.920076	-0.021845
 835	4.1700e-01	6.6720	-2.912686	0.000634	6.336441	2.146844	-0.050972
 836	4.1750e-01	6.6175	-3.167546	0.000634	6.336441	2.146844	-0.050972
 837	4.1800e-01	6.5741	-2.985503	-0.000453	-4.526029	-1.533460	0.036409
 838	4.1850e-01	6.5340	-3.349589	0.000905	9.052058	3.066920	-0.072817
 839	4.1900e-01	6.4987	-3.495223	0.000362	3.620823	1.226768	-0.029127
 840	4.1950e-01	6.4795	-3.640858	0.000362	3.620823	1.226768	-0.029127
 841	4.2000e-01	6.4153	-3.458815	-0.000453	-4.526029	-1.533460	0.036409
 842	4.2050e-01	6.4025	-3.750083	0.000724	7.241647	2.453536	-0.058254
 843	4.2100e-01	6.3447	-3.713675	-0.000091	-0.905206	-0.306692	0.007282
 844	4.2150e-01	6.3175	-4.186986	0.001177	11.767676	3.986996	-0.094662
 845	4.2200e-01	6.2758	-4.223395	0.000091	0.905206	0.306692	-0.007282
 846	4.2250e-01	6.2196	-4.077761	-0.000362	-3.620823	-1.226768	0.029127
 847	4.2300e-01	6.1683	-4.296212	0.000543	5.431235	1.840152	-0.043690
 848	4.2350e-01	6.1105	-4.478255	0.000453	4.526029	1.533460	-0.036409
 849	4.2400e-01	6.0897	-4.551072	0.000181	1.810412	0.613384	-0.014563
 850	4.2450e-01	6.0383	-4.587481	0.000091	0.905206	0.306692	-0.007282
 851	4.2500e-01	6.0127	-5.170018	0.001448	14.483293	4.907073	-0.116507
 852	4.2550e-01	5.9918	-5.133609	-0.000091	-0.905206	-0.306692	0.007282
 853	4.2600e-01	5.9533	-5.279244	0.000362	3.620823	1.226768	-0.029127
 854	4.2650e-01	5.9020	-5.242835	-0.000091	-0.905206	-0.306692	0.007282
 855	4.2700e-01	5.8715	-5.679738	0.001086	10.862470	3.680304	-0.087381
 856	4.2750e-01	5.8073	-5.060792	-0.001539	-15.388499	-5.213765	0.123789
 857	4.2800e-01	5.8009	-5.643329	0.001448	14.483293	4.907073	-0.116507
 858	4.2850e-01	5.7255	-5.752555	0.000272	2.715617	0.920076	-0.021845
 859	4.2900e-01	5.6870	-6.298684	0.001358	13.578087	4.600381	-0.109226
 860	4.2950e-01	5.6726	-6.080232	-0.000543	-5.431235	-1.840152	0.043690
 861	4.3000e-01	5.6132	-6.080232	-0.000000	-0.000000	-0.000000	0.000000
 862	4.3050e-01	5.5859	-6.335092	0.000634	6.336441	2.146844	-0.050972
 863	4.3100e-01	5.5330	-6.225867	-0.000272	-2.715617	-0.920076	0.021845
 864	4.3150e-01	5.4929	-6.480727	0.000634	6.336441	2.146844	-0.050972
 865	4.3200e-01	5.4432	-6.589952	0.000272	2.715617	0.920076	-0.021845
 866	4.3250e-01	5.3982	-6.662770	0.000181	1.810412	0.613384	-0.014563
 867	4.3300e-01	5.4063	-6.771995	-0.000272	-2.715617	-0.920076	-0.021845
 868	4.3350e-01	5.3453	-6.917630	0.000362	3.620823	1.226768	-0.029127
 869	4.3400e-01	5.3132	-6.990447	0.000181	1.810412	0.613384	-0.014563
 870	4.3450e-01	5.2603	-7.281715	0.000724	7.241647	2.453536	-0.058254
 871	4.3500e-01	5.2266	-7.354533	0.000181	1.810412	0.613384	-0.014563
 872	4.3550e-01	5.1913	-7.463758	0.000272	2.715617	0.920076	-0.021845
 873	4.3600e-01	5.1335	-7.645801	0.000453	4.526029	1.533460	-0.036409
 874	4.3650e-01	5.0886	-7.973478	0.000815	8.146852	2.760228	-0.065535
 875	4.3700e-01	5.0630	-7.937070	-0.000091	-0.905206	-0.306692	0.007282
 876	4.3750e-01	5.0196	-8.301156	0.000905	9.052058	3.066920	-0.072817
 877	4.3800e-01	4.9715	-8.046296	-0.000634	-6.336441	-2.146844	0.050972
 878	4.3850e-01	4.9394	-8.701650	0.001629	16.293705	5.520457	-0.131071
 879	4.3900e-01	4.8817	-8.191930	-0.001267	-12.672881	-4.293688	0.101944
 880	4.3950e-01	4.8384	-9.029327	0.002082	20.819734	7.053917	-0.167479
 881	4.4000e-01	4.8239	-8.556016	-0.001177	-11.767676	-3.986996	0.094662
 882	4.4050e-01	4.7694	-8.920101	0.000905	9.052058	3.066920	-0.072817
 883	4.4100e-01	4.7421	-8.883693	-0.000091	-0.905206	-0.306692	0.007282
 884	4.4150e-01	4.6972	-8.956510	0.000181	1.810412	0.613384	-0.014563
 885	4.4200e-01	4.6346	-9.466230	0.001267	12.672881	4.293688	-0.101944
 886	4.4250e-01	4.6314	-9.174961	-0.000724	-7.241647	-2.453536	0.058254
 887	4.4300e-01	4.5929	-9.611864	0.001086	10.862470	3.680304	-0.087381
 888	4.4350e-01	4.5207	-9.539047	-0.000181	-1.810412	-0.613384	0.014563
 889	4.4400e-01	4.4902	-9.830316	0.000724	7.241647	2.453536	-0.058254
 890	4.4450e-01	4.4886	-10.230810	0.000996	9.957264	3.373612	-0.080099
 891	4.4500e-01	4.4277	-10.267219	0.000091	0.905206	0.306692	-0.007282
 892	4.4550e-01	4.3812	-10.230810	-0.000091	-0.905206	-0.306692	0.007282
 893	4.4600e-01	4.3443	-10.376444	0.000362	3.620823	1.226768	-0.029127
 894	4.4650e-01	4.3106	-10.412853	0.000091	0.905206	0.306692	-0.007282
 895	4.4700e-01	4.2496	-10.886165	0.001177	11.767676	3.986996	-0.094662
 896	4.4750e-01	4.2015	-10.704122	-0.000453	-4.526029	-1.533460	0.036409
 897	4.4800e-01	4.1887	-10.995390	0.000724	7.241647	2.453536	-0.058254
 898	4.4850e-01	4.1309	-10.886165	-0.000272	-2.715617	-0.920076	0.021845
 899	4.4900e-01	4.0844	-11.141025	0.000634	6.336441	2.146844	-0.050972
 900	4.4950e-01	4.0667	-11.577927	0.001086	10.862470	3.680304	-0.087381
 901	4.5000e-01	4.0154	-11.359476	-0.000543	-5.431235	-1.840152	0.043690
 902	4.5050e-01	3.9785	-11.687153	0.000815	8.146852	2.760228	-0.065535
 903	4.5100e-01	3.9464	-11.650745	-0.000091	-0.905206	-0.306692	0.007282
 904	4.5150e-01	3.9159	-11.759970	0.000272	2.715617	0.920076	-0.021845
 905	4.5200e-01	3.8774	-11.942013	0.000453	4.526029	1.533460	-0.036409
 906	4.5250e-01	3.8437	-11.942013	-0.000000	-0.000000	-0.000000	0.000000
 907	4.5300e-01	3.7780	-12.160465	0.000543	5.431235	1.840152	-0.043690
 908	4.5350e-01	3.7443	-12.233282	0.000181	1.810412	0.613384	-0.014563
 909	4.5400e-01	3.7058	-12.488142	0.000634	6.336441	2.146844	-0.050972
 910	4.5450e-01	3.6400	-12.961453	0.001177	11.767676	3.986996	-0.094662
 911	4.5500e-01	3.6191	-12.451733	-0.001267	-12.672881	-4.293688	0.101944
 912	4.5550e-01	3.5790	-12.779411	0.000815	8.146852	2.760228	-0.065535
 913	4.5600e-01	3.5325	-13.507582	0.001810	18.104116	6.133841	-0.145634
 914	4.5650e-01	3.4764	-13.107088	-0.000996	-9.957264	-3.373612	0.080099
 915	4.5700e-01	3.4748	-13.507582	0.000996	9.957264	3.373612	-0.080099
 916	4.5750e-01	3.4315	-13.143496	-0.000905	-9.052058	-3.066920	0.072817
 917	4.5800e-01	3.4250	-13.762442	0.001539	15.388499	5.213765	-0.123789
 918	4.5850e-01	3.3496	-13.543991	-0.000543	-5.431235	-1.840152	0.043690
 919	4.5900e-01	3.3031	-13.944485	0.000996	9.957264	3.373612	-0.080099
 920	4.5950e-01	3.2582	-14.090119	0.000362	3.620823	1.226768	-0.029127
 921	4.6000e-01	3.2309	-14.308571	0.000543	5.431235	1.840152	-0.043690
 922	4.6050e-01	3.1523	-14.017302	-0.000724	-7.241647	-2.453536	0.058254
 923	4.6100e-01	3.1475	-14.308571	0.000724	7.241647	2.453536	-0.058254
 924	4.6150e-01	3.0865	-14.636248	0.000815	8.146852	2.760228	-0.065535
 925	4.6200e-01	3.0898	-14.417796	0.000543	5.431235	1.840152	0.043690
 926	4.6250e-01	3.0208	-14.818291	0.000996	9.957264	3.373612	-0.080099
 927	4.6300e-01	2.9839	-15.000334	0.000453	4.526029	1.533460	-0.036409
 928	4.6350e-01	2.9341	-14.709065	-0.000724	-7.241647	-2.453536	0.058254
 929	4.6400e-01	2.8860	-15.364419	0.001629	16.293705	5.520457	-0.131071
 930	4.6450e-01	2.8796	-15.582871	0.000543	5.431235	1.840152	-0.043690
 931	4.6500e-01	2.8090	-15.728505	0.000362	3.620823	1.226768	-0.029127
 932	4.6550e-01	2.7914	-15.582871	-0.000362	-3.620823	-1.226768	0.029127
 933	4.6600e-01	2.7384	-15.692097	0.000272	2.715617	0.920076	-0.021845
 934	4.6650e-01	2.7047	-15.728505	0.000091	0.905206	0.306692	-0.007282
 935	4.6700e-01	2.6951	-16.019774	0.000724	7.241647	2.453536	-0.058254
 936	4.6750e-01	2.6133	-16.129000	0.000272	2.715617	0.920076	-0.021845
 937	4.6800e-01	2.5684	-16.456677	0.000815	8.146852	2.760228	-0.065535
 938	4.6850e-01	2.5459	-16.456677	-0.000000	-0.000000	-0.000000	0.000000
 939	4.6900e-01	2.4946	-16.747945	0.000724	7.241647	2.453536	-0.058254
 940	4.6950e-01	2.4352	-16.638720	-0.000272	-2.715617	-0.920076	0.021845
 941	4.7000e-01	2.4176	-17.112031	0.001177	11.767676	3.986996	-0.094662
 942	4.7050e-01	2.3743	-17.221257	0.000272	2.715617	0.920076	-0.021845
 943	4.7100e-01	2.3470	-16.929988	-0.000724	-7.241647	-2.453536	0.058254
 944	4.7150e-01	2.2876	-17.730977	0.001991	19.914528	6.747225	-0.160198
 945	4.7200e-01	2.2620	-17.112031	-0.001539	-15.388499	-5.213765	0.123789
 946	4.7250e-01	2.2203	-17.730977	0.001539	15.388499	5.213765	-0.123789
 947	4.7300e-01	2.1721	-17.876611	0.000362	3.620823	1.226768	-0.029127
 948	4.7350e-01	2.1481	-18.022246	0.000362	3.620823	1.226768	-0.029127
 949	4.7400e-01	2.0871	-18.240697	0.000543	5.431235	1.840152	-0.043690
 950	4.7450e-01	2.0550	-18.277106	0.000091	0.905206	0.306692	-0.007282
 951	4.7500e-01	2.0213	-18.131471	-0.000362	-3.620823	-1.226768	0.029127
 952	4.7550e-01	1.9716	-18.568374	0.001086	10.862470	3.680304	-0.087381
 953	4.7600e-01	1.9540	-18.568374	-0.000000	-0.000000	-0.000000	0.000000
 954	4.7650e-01	1.9106	-18.750417	0.000453	4.526029	1.533460	-0.036409
 955	4.7700e-01	1.8401	-19.187320	0.001086	10.862470	3.680304	-0.087381
 956	4.7750e-01	1.8272	-19.078094	-0.000272	-2.715617	-0.920076	0.021845
 957	4.7800e-01	1.7743	-19.296546	0.000543	5.431235	1.840152	-0.043690
 958	4.7850e-01	1.7470	-19.369363	0.000181	1.810412	0.613384	-0.014563
 959	4.7900e-01	1.7037	-19.296546	-0.000181	-1.810412	-0.613384	0.014563
 960	4.7950e-01	1.6540	-19.478589	0.000453	4.526029	1.533460	-0.036409
 961	4.8000e-01	1.6090	-19.915492	0.001086	10.862470	3.680304	-0.087381
 962	4.8050e-01	1.5818	-20.024717	0.000272	2.715617	0.920076	-0.021845
 963	4.8100e-01	1.5176	-19.769857	-0.000634	-6.336441	-2.146844	0.050972
 964	4.8150e-01	1.5112	-19.988309	0.000543	5.431235	1.840152	-0.043690
 965	4.8200e-01	1.4615	-20.461620	0.001177	11.767676	3.986996	-0.094662
 966	4.8250e-01	1.4374	-20.607255	0.000362	3.620823	1.226768	-0.029127
 967	4.8300e-01	1.3764	-20.461620	-0.000362	-3.620823	-1.226768	0.029127
 968	4.8350e-01	1.3347	-20.789297	0.000815	8.146852	2.760228	-0.065535
 969	4.8400e-01	1.2994	-20.825706	0.000091	0.905206	0.306692	-0.007282
 970	4.8450e-01	1.2417	-20.898523	0.000181	1.810412	0.613384	-0.014563
 971	4.8500e-01	1.2304	-21.116975	0.000543	5.431235	1.840152	-0.043690
 972	4.8550e-01	1.2112	-21.699512	0.001448	14.483293	4.907073	-0.116507
 973	4.8600e-01	1.1294	-21.444652	-0.000634	-6.336441	-2.146844	0.050972
 974	4.8650e-01	1.0973	-21.590286	0.000362	3.620823	1.226768	-0.029127
 975	4.8700e-01	1.0588	-21.626695	0.000091	0.905206	0.306692	-0.007282
 976	4.8750e-01	1.0171	-21.954372	0.000815	8.146852	2.760228	-0.065535
 977	4.8800e-01	0.9657	-22.172823	0.000543	5.431235	1.840152	-0.043690
 978	4.8850e-01	0.9064	-22.354866	0.000453	4.526029	1.533460	-0.036409
 979	4.8900e-01	0.8791	-22.391275	0.000091	0.905206	0.306692	-0.007282
 980	4.8950e-01	0.8615	-22.391275	-0.000000	-0.000000	-0.000000	0.000000
 981	4.9000e-01	0.8342	-22.828178	0.001086	10.862470	3.680304	-0.087381
 982	4.9050e-01	0.7813	-22.755361	-0.000181	-1.810412	-0.613384	0.014563
 983	4.9100e-01	0.7187	-22.900995	0.000362	3.620823	1.226768	-0.029127
 984	4.9150e-01	0.7171	-22.973812	0.000181	1.810412	0.613384	-0.014563
 985	4.9200e-01	0.6625	-23.483532	0.001267	12.672881	4.293688	-0.101944
 986	4.9250e-01	0.6305	-23.301489	-0.000453	-4.526029	-1.533460	0.036409
 987	4.9300e-01	0.5727	-23.629166	0.000815	8.146852	2.760228	-0.065535
 988	4.9350e-01	0.5486	-23.811209	0.000453	4.526029	1.533460	-0.036409
 989	4.9400e-01	0.4797	-24.029661	0.000543	5.431235	1.840152	-0.043690
 990	4.9450e-01	0.4380	-23.847618	-0.000453	-4.526029	-1.533460	0.036409
 991	4.9500e-01	0.4155	-24.393747	0.001358	13.578087	4.600381	-0.109226
 992	4.9550e-01	0.3818	-24.430155	0.000091	0.905206	0.306692	-0.007282
 993	4.9600e-01	0.3305	-24.721424	0.000724	7.241647	2.453536	-0.058254
 994	4.9650e-01	0.3048	-24.430155	-0.000724	-7.241647	-2.453536	0.058254
 995	4.9700e-01	0.2663	-24.939875	0.001267	12.672881	4.293688	-0.101944
 996	4.9750e-01	0.2246	-25.085510	0.000362	3.620823	1.226768	-0.029127
 997	4.9800e-01	0.2005	-25.194735	0.000272	2.715617	0.920076	-0.021845
 998	4.9850e-01	0.1043	-25.413187	0.000543	5.431235	1.840152	-0.043690
 999	4.9900e-01	0.0898	-25.486004	0.000181	1.810412	0.613384	-0.014563
1000	4.9950e-01	0.0706	-25.777272	0.000724	7.241647	2.453536	-0.058254
1001	5.0000e-01	0.0545	-25.777272	0.000724	7.241647	2.453536	0.000000

PMax (uC/cm2):	6.00e+01
Pr (uC/cm2):	4.37e+00
-Pr (uC/cm2):	0.00e+00
PLoss (uC/cm2):	0.00e+00
C (Max-Eff) (nF):	2.99e-01
K (Eff):	1.01e+03
Vert. (+/-Pr) Shift (uC/cm2):	2.18e+00
Offset (uC/cm2):	3.01e+01

A (Loop Area - uC/cm2·Volts):	3.10e-01



Hysteresis Version: 5.48.1 - Radiant Technologies, Inc., 1999 - 9/12/24

