»»»»»»»»»»»»»»»»»»»»»»»»»»»»»»»»»»»» Hysteresis ««««««««««««««««««««««««««««««««««««
»»»  Executed Version:	5.48.1
»»»  Vision Version:	5.48.4 (R)
»»»  Vision Compiled:	9/18/24
»»»  Driver Version:	5.47.0
»»»  Windows Version:	Windows 8 or 8.1
»»»  Processor Information:	x86 (AMD or Intel) - 32 Processors
»»»  Tester Name:	PMF21124-494 (100V)
»»»  Tester S/N:	PMF21124-494
»»»  Internal Amp Type:	100V RevK 270k
»»»  Internal Amp S/N:	iAB2-596/K     
»»»  Execution Count:	1
»»»»»»»»»»»»»»»»»»»»»»»»»»»»»»»»»»»»»»»»»»««««««««««««««««««««««««««««««««««««««««««

Stored:	10/10/2025 - 16:9:41
Configured:	10/10/25 10:37:25 AM
Executed:	10/10/25 04:09:17 PM

»»»»»»»»»»»»»»»»»»»»»»»»»»»»»»»»»»» Sample Info ««««««««««««««««««««««««««««««««««««
Sample Name:	Int. Ref. Ferroelectric
Lot Name:	N/A
Wafer Name:	N/A
Die Row/Column:	0/0
Capacitor Number:	0
Sample Area (cm2):	1.00e-04
Sample Thickness (microns):	3.00e-01

Amplifier:	Internal

»»»»»»»»»»»»»»»»»»»»»»»»»»»»»»»»»»» Tester Info «««««««««««««««««««««««««««««««««««
Tester Name:	PMF21124-494 (100V)
Tester Serial Number:	PMF21124-494
Return Signal Amp. Level:	0.02 [Index: 2]

»»»»»»»»»»»»»»»»»»»»»»»»»»»»»»»» Hysteresis Info ««««««««««««««««««««««««««««««««««
Task Name:	Hyst-170
Volts:	20.00
Field:	666.67 (kV/cm)
DCBias:	0.00
DCField:	0.00 (kV/cm)
Hysteresis Period (ms):	5.00e-01
Preset:	Enabled
Preset Delay (ms):	1.00e+03
Profile:	Standard Monopolar

»»»»»»»»»»»»»»»»»»»»»»»»»»»»»»»»»»»»»» Data «««««««««««««««««««««««««««««««««««««««
Points:	1001

Valid Data

Point	Time (ms)	Drive Voltage	Measured Polarization (uC/cm2)	Capacitance (uF)	Normalized Capacitance (uF/cm2)	Dielectric Constant	Instantaneous Current (mA)
   1	0.0000e+00	0.0561	-36.881888	-0.000631	-6.305464	-2.136349	0.050972
   2	5.0000e-04	0.0433	-36.627028	-0.000631	-6.305464	-2.136349	0.050972
   3	1.0000e-03	0.1444	-36.590620	0.000090	0.900781	0.305193	0.007282
   4	1.5000e-03	0.1636	-36.408577	0.000450	4.503903	1.525964	0.036409
   5	2.0000e-03	0.1957	-36.190126	0.000540	5.404683	1.831156	0.043690
   6	2.5000e-03	0.2342	-36.408577	-0.000540	-5.404683	-1.831156	-0.043690
   7	3.0000e-03	0.2823	-35.898857	0.001261	12.610928	4.272698	0.101944
   8	3.5000e-03	0.3353	-35.643997	0.000631	6.305464	2.136349	0.050972
   9	4.0000e-03	0.3802	-35.607588	0.000090	0.900781	0.305193	0.007282
  10	4.5000e-03	0.4091	-35.170685	0.001081	10.809367	3.662313	0.087381
  11	5.0000e-03	0.4556	-35.207094	-0.000090	-0.900781	-0.305193	-0.007282
  12	5.5000e-03	0.4829	-34.988642	0.000540	5.404683	1.831156	0.043690
  13	6.0000e-03	0.5246	-34.588148	0.000991	9.908586	3.357120	0.080099
  14	6.5000e-03	0.5519	-34.624557	-0.000090	-0.900781	-0.305193	-0.007282
  15	7.0000e-03	0.6289	-34.588148	0.000090	0.900781	0.305193	0.007282
  16	7.5000e-03	0.6593	-34.151245	0.001081	10.809367	3.662313	0.087381
  17	8.0000e-03	0.6513	-34.224062	0.000180	1.801561	0.610385	-0.014563
  18	8.5000e-03	0.7315	-33.932794	0.000721	7.206244	2.441542	0.058254
  19	9.0000e-03	0.7716	-33.605117	0.000811	8.107025	2.746734	0.065535
  20	9.5000e-03	0.8294	-33.386665	0.000540	5.404683	1.831156	0.043690
  21	1.0000e-02	0.8454	-33.168214	0.000540	5.404683	1.831156	0.043690
  22	1.0500e-02	0.8952	-33.168214	0.000000	0.000000	0.000000	0.000000
  23	1.1000e-02	0.9128	-32.876945	0.000721	7.206244	2.441542	0.058254
  24	1.1500e-02	0.9625	-32.840536	0.000090	0.900781	0.305193	0.007282
  25	1.2000e-02	1.0171	-32.622085	0.000540	5.404683	1.831156	0.043690
  26	1.2500e-02	1.0652	-32.512859	0.000270	2.702342	0.915578	0.021845
  27	1.3000e-02	1.1021	-32.003139	0.001261	12.610928	4.272698	0.101944
  28	1.3500e-02	1.1518	-32.112365	-0.000270	-2.702342	-0.915578	-0.021845
  29	1.4000e-02	1.1534	-31.457010	0.001621	16.214050	5.493469	0.131071
  30	1.4500e-02	1.2128	-31.347785	0.000270	2.702342	0.915578	0.021845
  31	1.5000e-02	1.2433	-31.420602	-0.000180	-1.801561	-0.610385	-0.014563
  32	1.5500e-02	1.2994	-31.092925	0.000811	8.107025	2.746734	0.065535
  33	1.6000e-02	1.3315	-31.238559	-0.000360	-3.603122	-1.220771	-0.029127
  34	1.6500e-02	1.3684	-30.801656	0.001081	10.809367	3.662313	0.087381
  35	1.7000e-02	1.4053	-30.546796	0.000631	6.305464	2.136349	0.050972
  36	1.7500e-02	1.4422	-30.619613	-0.000180	-1.801561	-0.610385	-0.014563
  37	1.8000e-02	1.4759	-30.146302	0.001171	11.710147	3.967505	0.094662
  38	1.8500e-02	1.5320	-30.109893	0.000090	0.900781	0.305193	0.007282
  39	1.9000e-02	1.5641	-30.073485	0.000090	0.900781	0.305193	0.007282
  40	1.9500e-02	1.5962	-29.527356	0.001351	13.511708	4.577891	0.109226
  41	2.0000e-02	1.6251	-29.600173	-0.000180	-1.801561	-0.610385	-0.014563
  42	2.0500e-02	1.6700	-29.236087	0.000901	9.007806	3.051927	0.072817
  43	2.1000e-02	1.7181	-29.272496	-0.000090	-0.900781	-0.305193	-0.007282
  44	2.1500e-02	1.7663	-29.090453	0.000450	4.503903	1.525964	0.036409
  45	2.2000e-02	1.7983	-28.799184	0.000721	7.206244	2.441542	0.058254
  46	2.2500e-02	1.8304	-28.726367	0.000180	1.801561	0.610385	0.014563
  47	2.3000e-02	1.8673	-28.325873	0.000991	9.908586	3.357120	0.080099
  48	2.3500e-02	1.9042	-28.180239	0.000360	3.603122	1.220771	0.029127
  49	2.4000e-02	1.9556	-28.071013	0.000270	2.702342	0.915578	0.021845
  50	2.4500e-02	2.0101	-27.597701	0.001171	11.710147	3.967505	0.094662
  51	2.5000e-02	2.0759	-27.524884	0.000180	1.801561	0.610385	0.014563
  52	2.5500e-02	2.0775	-27.561293	-0.000090	-0.900781	-0.305193	-0.007282
  53	2.6000e-02	2.1112	-27.342841	0.000540	5.404683	1.831156	0.043690
  54	2.6500e-02	2.1481	-27.087981	0.000631	6.305464	2.136349	0.050972
  55	2.7000e-02	2.2058	-27.124390	-0.000090	-0.900781	-0.305193	-0.007282
  56	2.7500e-02	2.2507	-26.432627	0.001711	17.114831	5.798662	0.138353
  57	2.8000e-02	2.2957	-26.541853	-0.000270	-2.702342	-0.915578	-0.021845
  58	2.8500e-02	2.3101	-26.469035	0.000180	1.801561	0.610385	0.014563
  59	2.9000e-02	2.3807	-26.250584	0.000540	5.404683	1.831156	0.043690
  60	2.9500e-02	2.3887	-25.995724	0.000631	6.305464	2.136349	0.050972
  61	3.0000e-02	2.4304	-26.068541	-0.000180	-1.801561	-0.610385	-0.014563
  62	3.0500e-02	2.4737	-25.668047	0.000991	9.908586	3.357120	0.080099
  63	3.1000e-02	2.5251	-25.413187	0.000631	6.305464	2.136349	0.050972
  64	3.1500e-02	2.5588	-25.303961	0.000270	2.702342	0.915578	0.021845
  65	3.2000e-02	2.6293	-25.049101	0.000631	6.305464	2.136349	0.050972
  66	3.2500e-02	2.6502	-25.049101	0.000000	0.000000	0.000000	0.000000
  67	3.3000e-02	2.6951	-24.867058	0.000450	4.503903	1.525964	0.036409
  68	3.3500e-02	2.7192	-24.648607	0.000540	5.404683	1.831156	0.043690
  69	3.4000e-02	2.7384	-24.430155	0.000540	5.404683	1.831156	0.043690
  70	3.4500e-02	2.8459	-24.393747	0.000090	0.900781	0.305193	0.007282
  71	3.5000e-02	2.8652	-23.811209	0.001441	14.412489	4.883083	0.116507
  72	3.5500e-02	2.8507	-23.847618	0.000090	0.900781	0.305193	-0.007282
  73	3.6000e-02	2.9261	-23.665575	0.000450	4.503903	1.525964	0.036409
  74	3.6500e-02	2.9678	-23.374306	0.000721	7.206244	2.441542	0.058254
  75	3.7000e-02	3.0320	-23.519941	-0.000360	-3.603122	-1.220771	-0.029127
  76	3.7500e-02	3.0400	-22.900995	0.001531	15.313270	5.188276	0.123789
  77	3.8000e-02	3.0721	-22.973812	-0.000180	-1.801561	-0.610385	-0.014563
  78	3.8500e-02	3.1058	-22.791769	0.000450	4.503903	1.525964	0.036409
  79	3.9000e-02	3.1555	-22.500501	0.000721	7.206244	2.441542	0.058254
  80	3.9500e-02	3.2261	-22.427683	0.000180	1.801561	0.610385	0.014563
  81	4.0000e-02	3.2758	-22.100006	0.000811	8.107025	2.746734	0.065535
  82	4.0500e-02	3.2726	-22.027189	-0.000180	-1.801561	-0.610385	0.014563
  83	4.1000e-02	3.3192	-21.590286	0.001081	10.809367	3.662313	0.087381
  84	4.1500e-02	3.3304	-21.517469	0.000180	1.801561	0.610385	0.014563
  85	4.2000e-02	3.4138	-21.371835	0.000360	3.603122	1.220771	0.029127
  86	4.2500e-02	3.4395	-21.408243	-0.000090	-0.900781	-0.305193	-0.007282
  87	4.3000e-02	3.4684	-21.044157	0.000901	9.007806	3.051927	0.072817
  88	4.3500e-02	3.5261	-21.262609	-0.000540	-5.404683	-1.831156	-0.043690
  89	4.4000e-02	3.5534	-20.825706	0.001081	10.809367	3.662313	0.087381
  90	4.4500e-02	3.6047	-20.607255	0.000540	5.404683	1.831156	0.043690
  91	4.5000e-02	3.6304	-20.607255	0.000000	0.000000	0.000000	0.000000
  92	4.5500e-02	3.6849	-20.498029	0.000270	2.702342	0.915578	0.021845
  93	4.6000e-02	3.7507	-20.097534	0.000991	9.908586	3.357120	0.080099
  94	4.6500e-02	3.7443	-20.024717	-0.000180	-1.801561	-0.610385	0.014563
  95	4.7000e-02	3.8004	-19.915492	0.000270	2.702342	0.915578	0.021845
  96	4.7500e-02	3.8486	-19.332954	0.001441	14.412489	4.883083	0.116507
  97	4.8000e-02	3.9063	-19.624223	-0.000721	-7.206244	-2.441542	-0.058254
  98	4.8500e-02	3.9320	-19.223729	0.000991	9.908586	3.357120	0.080099
  99	4.9000e-02	3.9496	-19.041686	0.000450	4.503903	1.525964	0.036409
 100	4.9500e-02	4.0090	-18.750417	0.000721	7.206244	2.441542	0.058254
 101	5.0000e-02	4.0379	-19.005277	-0.000631	-6.305464	-2.136349	-0.050972
 102	5.0500e-02	4.0844	-18.422740	0.001441	14.412489	4.883083	0.116507
 103	5.1000e-02	4.1052	-18.386331	0.000090	0.900781	0.305193	0.007282
 104	5.1500e-02	4.1854	-17.985837	0.000991	9.908586	3.357120	0.080099
 105	5.2000e-02	4.2127	-18.058654	-0.000180	-1.801561	-0.610385	-0.014563
 106	5.2500e-02	4.2673	-17.913020	0.000360	3.603122	1.220771	0.029127
 107	5.3000e-02	4.2865	-17.658160	0.000631	6.305464	2.136349	0.050972
 108	5.3500e-02	4.3250	-17.585343	0.000180	1.801561	0.610385	0.014563
 109	5.4000e-02	4.3780	-17.403300	0.000450	4.503903	1.525964	0.036409
 110	5.4500e-02	4.4004	-17.330483	0.000180	1.801561	0.610385	0.014563
 111	5.5000e-02	4.4485	-16.966397	0.000901	9.007806	3.051927	0.072817
 112	5.5500e-02	4.4902	-16.784354	0.000450	4.503903	1.525964	0.036409
 113	5.6000e-02	4.5111	-16.638720	0.000360	3.603122	1.220771	0.029127
 114	5.6500e-02	4.5673	-16.311042	0.000811	8.107025	2.746734	0.065535
 115	5.7000e-02	4.6090	-16.347451	-0.000090	-0.900781	-0.305193	-0.007282
 116	5.7500e-02	4.6346	-15.910548	0.001081	10.809367	3.662313	0.087381
 117	5.8000e-02	4.6908	-16.056182	-0.000360	-3.603122	-1.220771	-0.029127
 118	5.8500e-02	4.7213	-15.874140	0.000450	4.503903	1.525964	0.036409
 119	5.9000e-02	4.7533	-15.728505	0.000360	3.603122	1.220771	0.029127
 120	5.9500e-02	4.8143	-15.510054	0.000540	5.404683	1.831156	0.043690
 121	6.0000e-02	4.8336	-15.546462	-0.000090	-0.900781	-0.305193	-0.007282
 122	6.0500e-02	4.8769	-15.364419	0.000450	4.503903	1.525964	0.036409
 123	6.1000e-02	4.8993	-14.781882	0.001441	14.412489	4.883083	0.116507
 124	6.1500e-02	4.9635	-15.073151	-0.000721	-7.206244	-2.441542	-0.058254
 125	6.2000e-02	4.9972	-14.417796	0.001621	16.214050	5.493469	0.131071
 126	6.2500e-02	5.0309	-14.563431	-0.000360	-3.603122	-1.220771	-0.029127
 127	6.3000e-02	5.0886	-14.126528	0.001081	10.809367	3.662313	0.087381
 128	6.3500e-02	5.1031	-14.126528	0.000000	0.000000	0.000000	0.000000
 129	6.4000e-02	5.1913	-13.762442	0.000901	9.007806	3.051927	0.072817
 130	6.4500e-02	5.1977	-13.835259	-0.000180	-1.801561	-0.610385	-0.014563
 131	6.5000e-02	5.2490	-13.726034	0.000270	2.702342	0.915578	0.021845
 132	6.5500e-02	5.2779	-13.471173	0.000631	6.305464	2.136349	0.050972
 133	6.6000e-02	5.2988	-13.289131	0.000450	4.503903	1.525964	0.036409
 134	6.6500e-02	5.3646	-13.143496	0.000360	3.603122	1.220771	0.029127
 135	6.7000e-02	5.4143	-12.852228	0.000721	7.206244	2.441542	0.058254
 136	6.7500e-02	5.4464	-12.925045	-0.000180	-1.801561	-0.610385	-0.014563
 137	6.8000e-02	5.4913	-12.633776	0.000721	7.206244	2.441542	0.058254
 138	6.8500e-02	5.5330	-12.451733	0.000450	4.503903	1.525964	0.036409
 139	6.9000e-02	5.5683	-12.378916	0.000180	1.801561	0.610385	0.014563
 140	6.9500e-02	5.5956	-12.051239	0.000811	8.107025	2.746734	0.065535
 141	7.0000e-02	5.6581	-11.869196	0.000450	4.503903	1.525964	0.036409
 142	7.0500e-02	5.7127	-11.687153	0.000450	4.503903	1.525964	0.036409
 143	7.1000e-02	5.7383	-11.577927	0.000270	2.702342	0.915578	0.021845
 144	7.1500e-02	5.7640	-11.359476	0.000540	5.404683	1.831156	0.043690
 145	7.2000e-02	5.8282	-11.031799	0.000811	8.107025	2.746734	0.065535
 146	7.2500e-02	5.8603	-11.250250	-0.000540	-5.404683	-1.831156	-0.043690
 147	7.3000e-02	5.8843	-10.958982	0.000721	7.206244	2.441542	0.058254
 148	7.3500e-02	5.9533	-10.776939	0.000450	4.503903	1.525964	0.036409
 149	7.4000e-02	5.9421	-10.485670	-0.000721	-7.206244	-2.441542	0.058254
 150	7.4500e-02	6.0271	-10.157993	0.000811	8.107025	2.746734	0.065535
 151	7.5000e-02	6.0624	-10.085176	0.000180	1.801561	0.610385	0.014563
 152	7.5500e-02	6.0865	-10.012359	0.000180	1.801561	0.610385	0.014563
 153	7.6000e-02	6.1121	-9.939542	0.000180	1.801561	0.610385	0.014563
 154	7.6500e-02	6.1731	-9.721090	0.000540	5.404683	1.831156	0.043690
 155	7.7000e-02	6.2100	-9.466230	0.000631	6.305464	2.136349	0.050972
 156	7.7500e-02	6.2693	-9.247779	0.000540	5.404683	1.831156	0.043690
 157	7.8000e-02	6.2886	-9.393413	-0.000360	-3.603122	-1.220771	-0.029127
 158	7.8500e-02	6.3399	-8.956510	0.001081	10.809367	3.662313	0.087381
 159	7.9000e-02	6.3576	-9.029327	-0.000180	-1.801561	-0.610385	-0.014563
 160	7.9500e-02	6.3993	-8.956510	0.000180	1.801561	0.610385	0.014563
 161	8.0000e-02	6.4554	-8.701650	0.000631	6.305464	2.136349	0.050972
 162	8.0500e-02	6.4699	-8.191930	0.001261	12.610928	4.272698	0.101944
 163	8.1000e-02	6.4907	-8.155521	0.000090	0.900781	0.305193	0.007282
 164	8.1500e-02	6.5453	-8.337564	-0.000450	-4.503903	-1.525964	-0.036409
 165	8.2000e-02	6.6014	-7.973478	0.000901	9.007806	3.051927	0.072817
 166	8.2500e-02	6.6319	-7.973478	0.000000	0.000000	0.000000	0.000000
 167	8.3000e-02	6.6993	-7.572984	0.000991	9.908586	3.357120	0.080099
 168	8.3500e-02	6.7442	-7.463758	0.000270	2.702342	0.915578	0.021845
 169	8.4000e-02	6.7586	-7.136081	0.000811	8.107025	2.746734	0.065535
 170	8.4500e-02	6.8148	-7.318124	-0.000450	-4.503903	-1.525964	-0.036409
 171	8.5000e-02	6.8324	-7.136081	0.000450	4.503903	1.525964	0.036409
 172	8.5500e-02	6.8709	-7.026855	0.000270	2.702342	0.915578	0.021845
 173	8.6000e-02	6.9287	-6.589952	0.001081	10.809367	3.662313	0.087381
 174	8.6500e-02	6.9864	-6.480727	0.000270	2.702342	0.915578	0.021845
 175	8.7000e-02	7.0057	-6.116641	0.000901	9.007806	3.051927	0.072817
 176	8.7500e-02	7.0474	-6.043824	0.000180	1.801561	0.610385	0.014563
 177	8.8000e-02	7.0859	-5.971007	0.000180	1.801561	0.610385	0.014563
 178	8.8500e-02	7.1116	-5.788964	0.000450	4.503903	1.525964	0.036409
 179	8.9000e-02	7.1613	-5.752555	0.000090	0.900781	0.305193	0.007282
 180	8.9500e-02	7.2110	-5.497695	0.000631	6.305464	2.136349	0.050972
 181	9.0000e-02	7.2431	-5.606921	-0.000270	-2.702342	-0.915578	-0.021845
 182	9.0500e-02	7.3153	-5.170018	0.001081	10.809367	3.662313	0.087381
 183	9.1000e-02	7.3313	-4.915158	0.000631	6.305464	2.136349	0.050972
 184	9.1500e-02	7.3811	-4.951566	-0.000090	-0.900781	-0.305193	-0.007282
 185	9.2000e-02	7.4019	-4.915158	0.000090	0.900781	0.305193	0.007282
 186	9.2500e-02	7.4677	-4.441846	0.001171	11.710147	3.967505	0.094662
 187	9.3000e-02	7.4677	-4.405438	-0.000090	-0.900781	-0.305193	0.007282
 188	9.3500e-02	7.5222	-3.859309	0.001351	13.511708	4.577891	0.109226
 189	9.4000e-02	7.5495	-4.332621	-0.001171	-11.710147	-3.967505	-0.094662
 190	9.4500e-02	7.6105	-3.895718	0.001081	10.809367	3.662313	0.087381
 191	9.5000e-02	7.6329	-3.932126	-0.000090	-0.900781	-0.305193	-0.007282
 192	9.5500e-02	7.6730	-3.968535	-0.000090	-0.900781	-0.305193	-0.007282
 193	9.6000e-02	7.7212	-3.276772	0.001711	17.114831	5.798662	0.138353
 194	9.6500e-02	7.7533	-3.203955	0.000180	1.801561	0.610385	0.014563
 195	9.7000e-02	7.7934	-3.131138	0.000180	1.801561	0.610385	0.014563
 196	9.7500e-02	7.8415	-2.876278	0.000631	6.305464	2.136349	0.050972
 197	9.8000e-02	7.8832	-2.548600	0.000811	8.107025	2.746734	0.065535
 198	9.8500e-02	7.9265	-2.512192	0.000090	0.900781	0.305193	0.007282
 199	9.9000e-02	7.9730	-2.512192	0.000000	0.000000	0.000000	0.000000
 200	9.9500e-02	8.0180	-2.439375	0.000180	1.801561	0.610385	0.014563
 201	1.0000e-01	8.0468	-2.257332	0.000450	4.503903	1.525964	0.036409
 202	1.0050e-01	8.0869	-1.893246	0.000901	9.007806	3.051927	0.072817
 203	1.0100e-01	8.1351	-1.601977	0.000721	7.206244	2.441542	0.058254
 204	1.0150e-01	8.1511	-1.893246	-0.000721	-7.206244	-2.441542	-0.058254
 205	1.0200e-01	8.2153	-1.419935	0.001171	11.710147	3.967505	0.094662
 206	1.0250e-01	8.2377	-1.419935	0.000000	0.000000	0.000000	0.000000
 207	1.0300e-01	8.2698	-1.128666	0.000721	7.206244	2.441542	0.058254
 208	1.0350e-01	8.3244	-1.092257	0.000090	0.900781	0.305193	0.007282
 209	1.0400e-01	8.3677	-0.983032	0.000270	2.702342	0.915578	0.021845
 210	1.0450e-01	8.3950	-0.728172	0.000631	6.305464	2.136349	0.050972
 211	1.0500e-01	8.4495	-0.655354	0.000180	1.801561	0.610385	0.014563
 212	1.0550e-01	8.5008	-0.218451	0.001081	10.809367	3.662313	0.087381
 213	1.0600e-01	8.5169	-0.582537	-0.000901	-9.007806	-3.051927	-0.072817
 214	1.0650e-01	8.5490	-0.218451	0.000901	9.007806	3.051927	0.072817
 215	1.0700e-01	8.6035	0.109226	0.000811	8.107025	2.746734	0.065535
 216	1.0750e-01	8.6179	-0.072817	-0.000450	-4.503903	-1.525964	-0.036409
 217	1.0800e-01	8.6741	0.182043	0.000631	6.305464	2.136349	0.050972
 218	1.0850e-01	8.7222	0.291269	0.000270	2.702342	0.915578	0.021845
 219	1.0900e-01	8.7447	0.436903	0.000360	3.603122	1.220771	0.029127
 220	1.0950e-01	8.8281	1.128666	0.001711	17.114831	5.798662	0.138353
 221	1.1000e-01	8.8393	0.946623	-0.000450	-4.503903	-1.525964	-0.036409
 222	1.1050e-01	8.8907	0.873806	-0.000180	-1.801561	-0.610385	-0.014563
 223	1.1100e-01	8.9051	1.274300	0.000991	9.908586	3.357120	0.080099
 224	1.1150e-01	8.9468	1.055849	-0.000540	-5.404683	-1.831156	-0.043690
 225	1.1200e-01	8.9949	1.711203	0.001621	16.214050	5.493469	0.131071
 226	1.1250e-01	9.0495	1.565569	-0.000360	-3.603122	-1.220771	-0.029127
 227	1.1300e-01	9.0944	2.220923	0.001621	16.214050	5.493469	0.131071
 228	1.1350e-01	9.1233	1.820429	-0.000991	-9.908586	-3.357120	-0.080099
 229	1.1400e-01	9.1554	2.184515	0.000901	9.007806	3.051927	0.072817
 230	1.1450e-01	9.2051	2.148106	-0.000090	-0.900781	-0.305193	-0.007282
 231	1.1500e-01	9.2596	2.220923	0.000180	1.801561	0.610385	0.014563
 232	1.1550e-01	9.2981	2.548600	0.000811	8.107025	2.746734	0.065535
 233	1.1600e-01	9.3190	2.293740	-0.000631	-6.305464	-2.136349	-0.050972
 234	1.1650e-01	9.3687	2.694235	0.000991	9.908586	3.357120	0.080099
 235	1.1700e-01	9.4168	2.949095	0.000631	6.305464	2.136349	0.050972
 236	1.1750e-01	9.4281	3.058320	0.000270	2.702342	0.915578	0.021845
 237	1.1800e-01	9.4874	3.058320	0.000000	0.000000	0.000000	0.000000
 238	1.1850e-01	9.5532	3.422406	0.000901	9.007806	3.051927	0.072817
 239	1.1900e-01	9.5420	3.495223	-0.000180	-1.801561	-0.610385	0.014563
 240	1.1950e-01	9.6029	3.859309	0.000901	9.007806	3.051927	0.072817
 241	1.2000e-01	9.6575	4.077761	0.000540	5.404683	1.831156	0.043690
 242	1.2050e-01	9.6719	4.041352	-0.000090	-0.900781	-0.305193	-0.007282
 243	1.2100e-01	9.7152	4.041352	0.000000	0.000000	0.000000	0.000000
 244	1.2150e-01	9.7585	4.332621	0.000721	7.206244	2.441542	0.058254
 245	1.2200e-01	9.8291	4.478255	0.000360	3.603122	1.220771	0.029127
 246	1.2250e-01	9.8420	4.587481	0.000270	2.702342	0.915578	0.021845
 247	1.2300e-01	9.8965	4.842341	0.000631	6.305464	2.136349	0.050972
 248	1.2350e-01	9.9158	5.206427	0.000901	9.007806	3.051927	0.072817
 249	1.2400e-01	9.9543	4.951566	-0.000631	-6.305464	-2.136349	-0.050972
 250	1.2450e-01	10.0008	5.024384	0.000180	1.801561	0.610385	0.014563
 251	1.2500e-01	10.0666	5.643329	0.001531	15.313270	5.188276	0.123789
 252	1.2550e-01	10.0906	5.388469	-0.000631	-6.305464	-2.136349	-0.050972
 253	1.2600e-01	10.1243	5.752555	0.000901	9.007806	3.051927	0.072817
 254	1.2650e-01	10.1420	5.934598	0.000450	4.503903	1.525964	0.036409
 255	1.2700e-01	10.1949	5.934598	0.000000	0.000000	0.000000	0.000000
 256	1.2750e-01	10.1965	6.262275	0.000811	8.107025	2.746734	0.065535
 257	1.2800e-01	10.2863	6.480727	0.000540	5.404683	1.831156	0.043690
 258	1.2850e-01	10.3056	6.225867	-0.000631	-6.305464	-2.136349	-0.050972
 259	1.2900e-01	10.3922	6.626361	0.000991	9.908586	3.357120	0.080099
 260	1.2950e-01	10.3922	6.917630	-0.000721	-7.206244	-2.441542	0.058254
 261	1.3000e-01	10.4821	6.917630	0.000000	0.000000	0.000000	0.000000
 262	1.3050e-01	10.4997	7.099673	0.000450	4.503903	1.525964	0.036409
 263	1.3100e-01	10.5254	7.026855	-0.000180	-1.801561	-0.610385	-0.014563
 264	1.3150e-01	10.5960	7.427350	0.000991	9.908586	3.357120	0.080099
 265	1.3200e-01	10.6232	7.136081	-0.000721	-7.206244	-2.441542	-0.058254
 266	1.3250e-01	10.6329	7.718618	0.001441	14.412489	4.883083	0.116507
 267	1.3300e-01	10.6922	7.791435	0.000180	1.801561	0.610385	0.014563
 268	1.3350e-01	10.7211	8.046296	0.000631	6.305464	2.136349	0.050972
 269	1.3400e-01	10.7628	7.937070	-0.000270	-2.702342	-0.915578	-0.021845
 270	1.3450e-01	10.8157	8.373973	0.001081	10.809367	3.662313	0.087381
 271	1.3500e-01	10.8189	8.446790	0.000180	1.801561	0.610385	0.014563
 272	1.3550e-01	10.8943	8.410381	-0.000090	-0.900781	-0.305193	-0.007282
 273	1.3600e-01	10.9361	8.665241	0.000631	6.305464	2.136349	0.050972
 274	1.3650e-01	10.9553	8.774467	0.000270	2.702342	0.915578	0.021845
 275	1.3700e-01	10.9906	8.628833	-0.000360	-3.603122	-1.220771	-0.029127
 276	1.3750e-01	11.0628	8.883693	0.000631	6.305464	2.136349	0.050972
 277	1.3800e-01	11.0852	9.284187	0.000991	9.908586	3.357120	0.080099
 278	1.3850e-01	11.1238	9.102144	-0.000450	-4.503903	-1.525964	-0.036409
 279	1.3900e-01	11.1446	9.174961	0.000180	1.801561	0.610385	0.014563
 280	1.3950e-01	11.2040	9.466230	0.000721	7.206244	2.441542	0.058254
 281	1.4000e-01	11.2457	9.793907	0.000811	8.107025	2.746734	0.065535
 282	1.4050e-01	11.2922	9.866724	0.000180	1.801561	0.610385	0.014563
 283	1.4100e-01	11.3211	9.721090	-0.000360	-3.603122	-1.220771	-0.029127
 284	1.4150e-01	11.3564	10.449262	0.001802	18.015611	6.103854	0.145634
 285	1.4200e-01	11.4045	10.012359	-0.001081	-10.809367	-3.662313	-0.087381
 286	1.4250e-01	11.4510	10.485670	0.001171	11.710147	3.967505	0.094662
 287	1.4300e-01	11.4719	10.667713	0.000450	4.503903	1.525964	0.036409
 288	1.4350e-01	11.5312	10.376444	-0.000721	-7.206244	-2.441542	-0.058254
 289	1.4400e-01	11.5649	10.886165	0.001261	12.610928	4.272698	0.101944
 290	1.4450e-01	11.6034	11.141025	0.000631	6.305464	2.136349	0.050972
 291	1.4500e-01	11.6323	10.922573	-0.000540	-5.404683	-1.831156	-0.043690
 292	1.4550e-01	11.6933	11.359476	0.001081	10.809367	3.662313	0.087381
 293	1.4600e-01	11.7157	11.723562	0.000901	9.007806	3.051927	0.072817
 294	1.4650e-01	11.7670	11.359476	-0.000901	-9.007806	-3.051927	-0.072817
 295	1.4700e-01	11.8168	11.505110	0.000360	3.603122	1.220771	0.029127
 296	1.4750e-01	11.8408	11.759970	0.000631	6.305464	2.136349	0.050972
 297	1.4800e-01	11.8713	12.014830	0.000631	6.305464	2.136349	0.050972
 298	1.4850e-01	11.9435	12.087648	0.000180	1.801561	0.610385	0.014563
 299	1.4900e-01	11.9531	12.196873	0.000270	2.702342	0.915578	0.021845
 300	1.4950e-01	12.0013	12.269690	0.000180	1.801561	0.610385	0.014563
 301	1.5000e-01	12.0430	12.524550	0.000631	6.305464	2.136349	0.050972
 302	1.5050e-01	12.0735	12.633776	0.000270	2.702342	0.915578	0.021845
 303	1.5100e-01	12.1055	12.451733	-0.000450	-4.503903	-1.525964	-0.036409
 304	1.5150e-01	12.1553	12.779411	0.000811	8.107025	2.746734	0.065535
 305	1.5200e-01	12.2226	12.961453	0.000450	4.503903	1.525964	0.036409
 306	1.5250e-01	12.2226	13.179905	-0.000540	-5.404683	-1.831156	0.043690
 307	1.5300e-01	12.3013	13.216313	0.000090	0.900781	0.305193	0.007282
 308	1.5350e-01	12.3125	13.325539	0.000270	2.702342	0.915578	0.021845
 309	1.5400e-01	12.3783	13.580399	0.000631	6.305464	2.136349	0.050972
 310	1.5450e-01	12.4023	14.017302	0.001081	10.809367	3.662313	0.087381
 311	1.5500e-01	12.4505	13.762442	-0.000631	-6.305464	-2.136349	-0.050972
 312	1.5550e-01	12.5082	13.726034	-0.000090	-0.900781	-0.305193	-0.007282
 313	1.5600e-01	12.5226	14.053711	0.000811	8.107025	2.746734	0.065535
 314	1.5650e-01	12.5692	14.235754	0.000450	4.503903	1.525964	0.036409
 315	1.5700e-01	12.6077	14.344979	0.000270	2.702342	0.915578	0.021845
 316	1.5750e-01	12.6430	14.527022	0.000450	4.503903	1.525964	0.036409
 317	1.5800e-01	12.6766	14.527022	0.000000	0.000000	0.000000	0.000000
 318	1.5850e-01	12.7200	14.745474	0.000540	5.404683	1.831156	0.043690
 319	1.5900e-01	12.7408	15.182377	0.001081	10.809367	3.662313	0.087381
 320	1.5950e-01	12.8130	15.218785	0.000090	0.900781	0.305193	0.007282
 321	1.6000e-01	12.8274	15.218785	0.000000	0.000000	0.000000	0.000000
 322	1.6050e-01	12.8852	15.218785	0.000000	0.000000	0.000000	0.000000
 323	1.6100e-01	12.9317	15.619280	0.000991	9.908586	3.357120	0.080099
 324	1.6150e-01	12.9285	15.655688	-0.000090	-0.900781	-0.305193	0.007282
 325	1.6200e-01	13.0055	15.764914	0.000270	2.702342	0.915578	0.021845
 326	1.6250e-01	13.0392	15.764914	0.000000	0.000000	0.000000	0.000000
 327	1.6300e-01	13.0970	15.801322	0.000090	0.900781	0.305193	0.007282
 328	1.6350e-01	13.1178	16.019774	0.000540	5.404683	1.831156	0.043690
 329	1.6400e-01	13.1643	16.165408	0.000360	3.603122	1.220771	0.029127
 330	1.6450e-01	13.1868	16.311042	0.000360	3.603122	1.220771	0.029127
 331	1.6500e-01	13.2413	16.529494	0.000540	5.404683	1.831156	0.043690
 332	1.6550e-01	13.2991	16.493085	-0.000090	-0.900781	-0.305193	-0.007282
 333	1.6600e-01	13.3296	16.857171	0.000901	9.007806	3.051927	0.072817
 334	1.6650e-01	13.3328	16.820763	-0.000090	-0.900781	-0.305193	-0.007282
 335	1.6700e-01	13.3921	16.857171	0.000090	0.900781	0.305193	0.007282
 336	1.6750e-01	13.4403	17.112031	0.000631	6.305464	2.136349	0.050972
 337	1.6800e-01	13.4627	17.512526	0.000991	9.908586	3.357120	0.080099
 338	1.6850e-01	13.5044	17.512526	0.000000	0.000000	0.000000	0.000000
 339	1.6900e-01	13.5510	17.366891	-0.000360	-3.603122	-1.220771	-0.029127
 340	1.6950e-01	13.6103	17.694568	0.000811	8.107025	2.746734	0.065535
 341	1.7000e-01	13.6344	18.131471	0.001081	10.809367	3.662313	0.087381
 342	1.7050e-01	13.6745	17.913020	-0.000540	-5.404683	-1.831156	-0.043690
 343	1.7100e-01	13.7338	18.058654	0.000360	3.603122	1.220771	0.029127
 344	1.7150e-01	13.7563	18.022246	-0.000090	-0.900781	-0.305193	-0.007282
 345	1.7200e-01	13.7820	18.131471	0.000270	2.702342	0.915578	0.021845
 346	1.7250e-01	13.8253	18.714009	0.001441	14.412489	4.883083	0.116507
 347	1.7300e-01	13.9071	18.422740	-0.000721	-7.206244	-2.441542	-0.058254
 348	1.7350e-01	13.9183	18.677600	0.000631	6.305464	2.136349	0.050972
 349	1.7400e-01	13.9552	18.896051	0.000540	5.404683	1.831156	0.043690
 350	1.7450e-01	14.0226	18.750417	-0.000360	-3.603122	-1.220771	-0.029127
 351	1.7500e-01	14.0499	18.859643	0.000270	2.702342	0.915578	0.021845
 352	1.7550e-01	14.0820	19.405772	0.001351	13.511708	4.577891	0.109226
 353	1.7600e-01	14.1124	19.369363	-0.000090	-0.900781	-0.305193	-0.007282
 354	1.7650e-01	14.1654	19.587814	0.000540	5.404683	1.831156	0.043690
 355	1.7700e-01	14.2023	19.769857	0.000450	4.503903	1.525964	0.036409
 356	1.7750e-01	14.2376	19.915492	0.000360	3.603122	1.220771	0.029127
 357	1.7800e-01	14.3001	19.879083	-0.000090	-0.900781	-0.305193	-0.007282
 358	1.7850e-01	14.3114	20.243169	0.000901	9.007806	3.051927	0.072817
 359	1.7900e-01	14.3787	20.243169	0.000000	0.000000	0.000000	0.000000
 360	1.7950e-01	14.3739	19.915492	0.000811	8.107025	2.746734	-0.065535
 361	1.8000e-01	14.4285	20.643663	0.001802	18.015611	6.103854	0.145634
 362	1.8050e-01	14.4878	20.279577	-0.000901	-9.007806	-3.051927	-0.072817
 363	1.8100e-01	14.5247	20.570846	0.000721	7.206244	2.441542	0.058254
 364	1.8150e-01	14.5568	20.789297	0.000540	5.404683	1.831156	0.043690
 365	1.8200e-01	14.6017	20.789297	0.000000	0.000000	0.000000	0.000000
 366	1.8250e-01	14.6434	20.934932	0.000360	3.603122	1.220771	0.029127
 367	1.8300e-01	14.6627	21.226200	0.000721	7.206244	2.441542	0.058254
 368	1.8350e-01	14.7124	21.262609	0.000090	0.900781	0.305193	0.007282
 369	1.8400e-01	14.7573	21.226200	-0.000090	-0.900781	-0.305193	-0.007282
 370	1.8450e-01	14.7894	21.663103	0.001081	10.809367	3.662313	0.087381
 371	1.8500e-01	14.8327	22.209232	0.001351	13.511708	4.577891	0.109226
 372	1.8550e-01	14.8809	21.699512	-0.001261	-12.610928	-4.272698	-0.101944
 373	1.8600e-01	14.9001	21.845146	0.000360	3.603122	1.220771	0.029127
 374	1.8650e-01	14.9627	22.100006	0.000631	6.305464	2.136349	0.050972
 375	1.8700e-01	15.0044	21.881555	-0.000540	-5.404683	-1.831156	-0.043690
 376	1.8750e-01	15.0140	22.609726	0.001802	18.015611	6.103854	0.145634
 377	1.8800e-01	15.0862	22.427683	-0.000450	-4.503903	-1.525964	-0.036409
 378	1.8850e-01	15.1199	22.573318	0.000360	3.603122	1.220771	0.029127
 379	1.8900e-01	15.1504	22.900995	0.000811	8.107025	2.746734	0.065535
 380	1.8950e-01	15.2097	22.500501	-0.000991	-9.908586	-3.357120	-0.080099
 381	1.9000e-01	15.2611	23.192264	0.001711	17.114831	5.798662	0.138353
 382	1.9050e-01	15.2899	23.010221	-0.000450	-4.503903	-1.525964	-0.036409
 383	1.9100e-01	15.3140	22.973812	-0.000090	-0.900781	-0.305193	-0.007282
 384	1.9150e-01	15.3605	23.192264	0.000540	5.404683	1.831156	0.043690
 385	1.9200e-01	15.4006	23.665575	0.001171	11.710147	3.967505	0.094662
 386	1.9250e-01	15.4488	23.701984	0.000090	0.900781	0.305193	0.007282
 387	1.9300e-01	15.4776	23.155855	-0.001351	-13.511708	-4.577891	-0.109226
 388	1.9350e-01	15.5226	23.993252	0.002072	20.717953	7.019432	0.167479
 389	1.9400e-01	15.5562	23.847618	-0.000360	-3.603122	-1.220771	-0.029127
 390	1.9450e-01	15.6076	23.665575	-0.000450	-4.503903	-1.525964	-0.036409
 391	1.9500e-01	15.6445	24.357338	0.001711	17.114831	5.798662	0.138353
 392	1.9550e-01	15.6942	24.248112	-0.000270	-2.702342	-0.915578	-0.021845
 393	1.9600e-01	15.7375	23.920435	-0.000811	-8.107025	-2.746734	-0.065535
 394	1.9650e-01	15.7455	24.757832	0.002072	20.717953	7.019432	0.167479
 395	1.9700e-01	15.7905	24.648607	-0.000270	-2.702342	-0.915578	-0.021845
 396	1.9750e-01	15.8274	24.612198	-0.000090	-0.900781	-0.305193	-0.007282
 397	1.9800e-01	15.8755	25.158327	0.001351	13.511708	4.577891	0.109226
 398	1.9850e-01	15.9284	24.867058	-0.000721	-7.206244	-2.441542	-0.058254
 399	1.9900e-01	15.9445	25.194735	0.000811	8.107025	2.746734	0.065535
 400	1.9950e-01	16.0086	25.121918	-0.000180	-1.801561	-0.610385	-0.014563
 401	2.0000e-01	16.0423	25.231144	0.000270	2.702342	0.915578	0.021845
 402	2.0050e-01	16.0680	25.413187	0.000450	4.503903	1.525964	0.036409
 403	2.0100e-01	16.1209	25.558821	0.000360	3.603122	1.220771	0.029127
 404	2.0150e-01	16.1755	25.813681	0.000631	6.305464	2.136349	0.050972
 405	2.0200e-01	16.2092	25.522412	-0.000721	-7.206244	-2.441542	-0.058254
 406	2.0250e-01	16.2525	25.922907	0.000991	9.908586	3.357120	0.080099
 407	2.0300e-01	16.2749	25.886498	-0.000090	-0.900781	-0.305193	-0.007282
 408	2.0350e-01	16.3247	26.177767	0.000721	7.206244	2.441542	0.058254
 409	2.0400e-01	16.3664	26.396218	0.000540	5.404683	1.831156	0.043690
 410	2.0450e-01	16.3856	26.286993	-0.000270	-2.702342	-0.915578	-0.021845
 411	2.0500e-01	16.4482	26.432627	0.000360	3.603122	1.220771	0.029127
 412	2.0550e-01	16.4658	26.651078	0.000540	5.404683	1.831156	0.043690
 413	2.0600e-01	16.4979	26.869530	0.000540	5.404683	1.831156	0.043690
 414	2.0650e-01	16.5445	26.760304	-0.000270	-2.702342	-0.915578	-0.021845
 415	2.0700e-01	16.6150	27.270024	0.001261	12.610928	4.272698	0.101944
 416	2.0750e-01	16.6471	27.342841	0.000180	1.801561	0.610385	0.014563
 417	2.0800e-01	16.6744	27.379250	0.000090	0.900781	0.305193	0.007282
 418	2.0850e-01	16.7113	27.452067	0.000180	1.801561	0.610385	0.014563
 419	2.0900e-01	16.7530	27.561293	0.000270	2.702342	0.915578	0.021845
 420	2.0950e-01	16.8140	27.634110	0.000180	1.801561	0.610385	0.014563
 421	2.1000e-01	16.8364	27.888970	0.000631	6.305464	2.136349	0.050972
 422	2.1050e-01	16.8669	27.634110	-0.000631	-6.305464	-2.136349	-0.050972
 423	2.1100e-01	16.9086	28.107421	0.001171	11.710147	3.967505	0.094662
 424	2.1150e-01	16.9503	28.289464	0.000450	4.503903	1.525964	0.036409
 425	2.1200e-01	16.9808	28.034604	-0.000631	-6.305464	-2.136349	-0.050972
 426	2.1250e-01	17.0546	28.071013	0.000090	0.900781	0.305193	0.007282
 427	2.1300e-01	17.0755	28.398690	0.000811	8.107025	2.746734	0.065535
 428	2.1350e-01	17.0979	28.617141	0.000540	5.404683	1.831156	0.043690
 429	2.1400e-01	17.1428	28.617141	0.000000	0.000000	0.000000	0.000000
 430	2.1450e-01	17.1845	28.689959	0.000180	1.801561	0.610385	0.014563
 431	2.1500e-01	17.2343	28.872002	0.000450	4.503903	1.525964	0.036409
 432	2.1550e-01	17.2744	28.689959	-0.000450	-4.503903	-1.525964	-0.036409
 433	2.1600e-01	17.3353	29.454539	0.001892	18.916392	6.409047	0.152916
 434	2.1650e-01	17.3546	28.799184	-0.001621	-16.214050	-5.493469	-0.131071
 435	2.1700e-01	17.3931	29.454539	0.001621	16.214050	5.493469	0.131071
 436	2.1750e-01	17.4268	29.490947	0.000090	0.900781	0.305193	0.007282
 437	2.1800e-01	17.4861	29.563764	0.000180	1.801561	0.610385	0.014563
 438	2.1850e-01	17.5278	29.672990	0.000270	2.702342	0.915578	0.021845
 439	2.1900e-01	17.5599	29.636582	-0.000090	-0.900781	-0.305193	-0.007282
 440	2.1950e-01	17.6097	29.964259	0.000811	8.107025	2.746734	0.065535
 441	2.2000e-01	17.6305	29.855033	-0.000270	-2.702342	-0.915578	-0.021845
 442	2.2050e-01	17.6802	30.219119	0.000901	9.007806	3.051927	0.072817
 443	2.2100e-01	17.7107	30.255527	0.000090	0.900781	0.305193	0.007282
 444	2.2150e-01	17.7380	30.364753	0.000270	2.702342	0.915578	0.021845
 445	2.2200e-01	17.7733	30.583205	0.000540	5.404683	1.831156	0.043690
 446	2.2250e-01	17.8407	30.437570	-0.000360	-3.603122	-1.220771	-0.029127
 447	2.2300e-01	17.8695	30.801656	0.000901	9.007806	3.051927	0.072817
 448	2.2350e-01	17.9113	30.619613	-0.000450	-4.503903	-1.525964	-0.036409
 449	2.2400e-01	17.9385	30.728839	0.000270	2.702342	0.915578	0.021845
 450	2.2450e-01	17.9995	31.274968	0.001351	13.511708	4.577891	0.109226
 451	2.2500e-01	18.0380	31.566236	0.000721	7.206244	2.441542	0.058254
 452	2.2550e-01	18.0893	31.311376	-0.000631	-6.305464	-2.136349	-0.050972
 453	2.2600e-01	18.1214	31.493419	0.000450	4.503903	1.525964	0.036409
 454	2.2650e-01	18.1744	31.420602	-0.000180	-1.801561	-0.610385	-0.014563
 455	2.2700e-01	18.2129	31.675462	0.000631	6.305464	2.136349	0.050972
 456	2.2750e-01	18.2562	31.711871	0.000090	0.900781	0.305193	0.007282
 457	2.2800e-01	18.2834	31.857505	0.000360	3.603122	1.220771	0.029127
 458	2.2850e-01	18.3075	32.039548	0.000450	4.503903	1.525964	0.036409
 459	2.2900e-01	18.3717	32.075956	0.000090	0.900781	0.305193	0.007282
 460	2.2950e-01	18.4198	32.075956	0.000000	0.000000	0.000000	0.000000
 461	2.3000e-01	18.4262	32.403633	0.000811	8.107025	2.746734	0.065535
 462	2.3050e-01	18.4599	32.330816	-0.000180	-1.801561	-0.610385	-0.014563
 463	2.3100e-01	18.5161	32.549268	0.000540	5.404683	1.831156	0.043690
 464	2.3150e-01	18.5562	32.767719	0.000540	5.404683	1.831156	0.043690
 465	2.3200e-01	18.5738	32.986171	0.000540	5.404683	1.831156	0.043690
 466	2.3250e-01	18.6524	33.204622	0.000540	5.404683	1.831156	0.043690
 467	2.3300e-01	18.6765	33.095396	-0.000270	-2.702342	-0.915578	-0.021845
 468	2.3350e-01	18.7390	32.986171	-0.000270	-2.702342	-0.915578	-0.021845
 469	2.3400e-01	18.7695	33.241031	0.000631	6.305464	2.136349	0.050972
 470	2.3450e-01	18.7984	33.204622	-0.000090	-0.900781	-0.305193	-0.007282
 471	2.3500e-01	18.8465	33.423074	0.000540	5.404683	1.831156	0.043690
 472	2.3550e-01	18.8770	33.532299	0.000270	2.702342	0.915578	0.021845
 473	2.3600e-01	18.9235	33.495891	-0.000090	-0.900781	-0.305193	-0.007282
 474	2.3650e-01	18.9636	33.969202	0.001171	11.710147	3.967505	0.094662
 475	2.3700e-01	19.0102	33.750751	-0.000540	-5.404683	-1.831156	-0.043690
 476	2.3750e-01	19.0246	34.042019	0.000721	7.206244	2.441542	0.058254
 477	2.3800e-01	19.0743	33.787159	-0.000631	-6.305464	-2.136349	-0.050972
 478	2.3850e-01	19.1273	34.260471	0.001171	11.710147	3.967505	0.094662
 479	2.3900e-01	19.1449	34.333288	0.000180	1.801561	0.610385	0.014563
 480	2.3950e-01	19.1786	34.151245	-0.000450	-4.503903	-1.525964	-0.036409
 481	2.4000e-01	19.2364	34.770191	0.001531	15.313270	5.188276	0.123789
 482	2.4050e-01	19.2700	34.515331	-0.000631	-6.305464	-2.136349	-0.050972
 483	2.4100e-01	19.3118	34.843008	0.000811	8.107025	2.746734	0.065535
 484	2.4150e-01	19.3470	34.879417	0.000090	0.900781	0.305193	0.007282
 485	2.4200e-01	19.3823	34.697374	-0.000450	-4.503903	-1.525964	-0.036409
 486	2.4250e-01	19.4144	35.279911	0.001441	14.412489	4.883083	0.116507
 487	2.4300e-01	19.5059	35.207094	-0.000180	-1.801561	-0.610385	-0.014563
 488	2.4350e-01	19.5219	35.061460	-0.000360	-3.603122	-1.220771	-0.029127
 489	2.4400e-01	19.5460	35.571180	0.001261	12.610928	4.272698	0.101944
 490	2.4450e-01	19.6037	35.716814	0.000360	3.603122	1.220771	0.029127
 491	2.4500e-01	19.6342	35.316320	-0.000991	-9.908586	-3.357120	-0.080099
 492	2.4550e-01	19.6759	35.607588	0.000721	7.206244	2.441542	0.058254
 493	2.4600e-01	19.7321	35.534771	-0.000180	-1.801561	-0.610385	-0.014563
 494	2.4650e-01	19.7401	35.971674	0.001081	10.809367	3.662313	0.087381
 495	2.4700e-01	19.7914	35.935265	-0.000090	-0.900781	-0.305193	-0.007282
 496	2.4750e-01	19.8203	35.971674	0.000090	0.900781	0.305193	0.007282
 497	2.4800e-01	19.8780	36.117308	0.000360	3.603122	1.220771	0.029127
 498	2.4850e-01	19.9021	36.117308	0.000000	0.000000	0.000000	0.000000
 499	2.4900e-01	19.9647	36.335760	0.000540	5.404683	1.831156	0.043690
 500	2.4950e-01	20.0000	36.444986	0.000270	2.702342	0.915578	0.021845
 501	2.5000e-01	20.0096	36.845480	0.000991	9.908586	3.357120	0.080099
 502	2.5050e-01	19.9743	36.372168	0.001171	11.710147	3.967505	-0.094662
 503	2.5100e-01	19.9438	36.881888	-0.001261	-12.610928	-4.272698	0.101944
 504	2.5150e-01	19.9069	36.335760	0.001351	13.511708	4.577891	-0.109226
 505	2.5200e-01	19.8492	36.481394	-0.000360	-3.603122	-1.220771	0.029127
 506	2.5250e-01	19.8219	36.262943	0.000540	5.404683	1.831156	-0.043690
 507	2.5300e-01	19.7850	36.408577	-0.000360	-3.603122	-1.220771	0.029127
 508	2.5350e-01	19.7321	36.008083	0.000991	9.908586	3.357120	-0.080099
 509	2.5400e-01	19.6839	36.153717	-0.000360	-3.603122	-1.220771	0.029127
 510	2.5450e-01	19.6599	35.862448	0.000721	7.206244	2.441542	-0.058254
 511	2.5500e-01	19.6069	35.862448	-0.000000	-0.000000	-0.000000	0.000000
 512	2.5550e-01	19.5781	35.716814	0.000360	3.603122	1.220771	-0.029127
 513	2.5600e-01	19.5412	36.044491	-0.000811	-8.107025	-2.746734	0.065535
 514	2.5650e-01	19.4706	35.716814	0.000811	8.107025	2.746734	-0.065535
 515	2.5700e-01	19.4481	35.316320	0.000991	9.908586	3.357120	-0.080099
 516	2.5750e-01	19.4000	35.207094	0.000270	2.702342	0.915578	-0.021845
 517	2.5800e-01	19.4176	35.097868	-0.000270	-2.702342	-0.915578	-0.021845
 518	2.5850e-01	19.3342	35.352728	-0.000631	-6.305464	-2.136349	0.050972
 519	2.5900e-01	19.3085	35.097868	0.000631	6.305464	2.136349	-0.050972
 520	2.5950e-01	19.2765	35.061460	0.000090	0.900781	0.305193	-0.007282
 521	2.6000e-01	19.2107	35.025051	0.000090	0.900781	0.305193	-0.007282
 522	2.6050e-01	19.1674	34.697374	0.000811	8.107025	2.746734	-0.065535
 523	2.6100e-01	19.1353	34.697374	-0.000000	-0.000000	-0.000000	0.000000
 524	2.6150e-01	19.0888	34.733782	-0.000090	-0.900781	-0.305193	0.007282
 525	2.6200e-01	19.0615	34.369697	0.000901	9.007806	3.051927	-0.072817
 526	2.6250e-01	19.0214	34.660965	-0.000721	-7.206244	-2.441542	0.058254
 527	2.6300e-01	18.9620	34.369697	0.000721	7.206244	2.441542	-0.058254
 528	2.6350e-01	18.9187	34.551740	-0.000450	-4.503903	-1.525964	0.036409
 529	2.6400e-01	18.8963	34.224062	0.000811	8.107025	2.746734	-0.065535
 530	2.6450e-01	18.8802	34.333288	-0.000270	-2.702342	-0.915578	0.021845
 531	2.6500e-01	18.8000	33.532299	0.001982	19.817172	6.714240	-0.160198
 532	2.6550e-01	18.7759	34.078428	-0.001351	-13.511708	-4.577891	0.109226
 533	2.6600e-01	18.7439	33.787159	0.000721	7.206244	2.441542	-0.058254
 534	2.6650e-01	18.7021	33.969202	-0.000450	-4.503903	-1.525964	0.036409
 535	2.6700e-01	18.6364	33.896385	0.000180	1.801561	0.610385	-0.014563
 536	2.6750e-01	18.6348	33.568708	0.000811	8.107025	2.746734	-0.065535
 537	2.6800e-01	18.5449	33.423074	0.000360	3.603122	1.220771	-0.029127
 538	2.6850e-01	18.5465	33.241031	-0.000450	-4.503903	-1.525964	-0.036409
 539	2.6900e-01	18.4936	33.204622	0.000090	0.900781	0.305193	-0.007282
 540	2.6950e-01	18.4615	33.095396	0.000270	2.702342	0.915578	-0.021845
 541	2.7000e-01	18.4166	32.694902	0.000991	9.908586	3.357120	-0.080099
 542	2.7050e-01	18.3797	32.840536	-0.000360	-3.603122	-1.220771	0.029127
 543	2.7100e-01	18.3508	32.876945	-0.000090	-0.900781	-0.305193	0.007282
 544	2.7150e-01	18.3187	32.767719	0.000270	2.702342	0.915578	-0.021845
 545	2.7200e-01	18.2385	32.694902	0.000180	1.801561	0.610385	-0.014563
 546	2.7250e-01	18.2096	32.403633	0.000721	7.206244	2.441542	-0.058254
 547	2.7300e-01	18.1679	32.330816	0.000180	1.801561	0.610385	-0.014563
 548	2.7350e-01	18.1326	32.294408	0.000090	0.900781	0.305193	-0.007282
 549	2.7400e-01	18.0957	32.257999	0.000090	0.900781	0.305193	-0.007282
 550	2.7450e-01	18.0669	32.221591	0.000090	0.900781	0.305193	-0.007282
 551	2.7500e-01	18.0091	31.639053	0.001441	14.412489	4.883083	-0.116507
 552	2.7550e-01	17.9433	32.075956	-0.001081	-10.809367	-3.662313	0.087381
 553	2.7600e-01	17.9369	31.784688	0.000721	7.206244	2.441542	-0.058254
 554	2.7650e-01	17.9209	31.639053	0.000360	3.603122	1.220771	-0.029127
 555	2.7700e-01	17.8695	31.493419	0.000360	3.603122	1.220771	-0.029127
 556	2.7750e-01	17.8086	31.238559	0.000631	6.305464	2.136349	-0.050972
 557	2.7800e-01	17.7749	31.675462	-0.001081	-10.809367	-3.662313	0.087381
 558	2.7850e-01	17.7332	31.384193	0.000721	7.206244	2.441542	-0.058254
 559	2.7900e-01	17.7107	30.983699	0.000991	9.908586	3.357120	-0.080099
 560	2.7950e-01	17.6562	31.165742	-0.000450	-4.503903	-1.525964	0.036409
 561	2.8000e-01	17.6049	30.947290	0.000540	5.404683	1.831156	-0.043690
 562	2.8050e-01	17.5696	30.728839	0.000540	5.404683	1.831156	-0.043690
 563	2.8100e-01	17.5343	30.801656	-0.000180	-1.801561	-0.610385	0.014563
 564	2.8150e-01	17.5054	31.056516	-0.000631	-6.305464	-2.136349	0.050972
 565	2.8200e-01	17.4637	30.801656	0.000631	6.305464	2.136349	-0.050972
 566	2.8250e-01	17.4220	30.146302	0.001621	16.214050	5.493469	-0.131071
 567	2.8300e-01	17.3402	30.473979	-0.000811	-8.107025	-2.746734	0.065535
 568	2.8350e-01	17.3482	30.219119	-0.000631	-6.305464	-2.136349	-0.050972
 569	2.8400e-01	17.3017	30.109893	0.000270	2.702342	0.915578	-0.021845
 570	2.8450e-01	17.2455	30.255527	-0.000360	-3.603122	-1.220771	0.029127
 571	2.8500e-01	17.2327	29.782216	0.001171	11.710147	3.967505	-0.094662
 572	2.8550e-01	17.1813	29.782216	-0.000000	-0.000000	-0.000000	0.000000
 573	2.8600e-01	17.1541	30.255527	-0.001171	-11.710147	-3.967505	0.094662
 574	2.8650e-01	17.0931	29.745807	0.001261	12.610928	4.272698	-0.101944
 575	2.8700e-01	17.0658	29.418130	0.000811	8.107025	2.746734	-0.065535
 576	2.8750e-01	17.0193	29.818625	-0.000991	-9.908586	-3.357120	0.080099
 577	2.8800e-01	16.9744	29.381722	0.001081	10.809367	3.662313	-0.087381
 578	2.8850e-01	16.9150	29.454539	-0.000180	-1.801561	-0.610385	0.014563
 579	2.8900e-01	16.8894	29.308904	0.000360	3.603122	1.220771	-0.029127
 580	2.8950e-01	16.8653	29.308904	-0.000000	-0.000000	-0.000000	0.000000
 581	2.9000e-01	16.7979	28.908410	0.000991	9.908586	3.357120	-0.080099
 582	2.9050e-01	16.7466	28.908410	-0.000000	-0.000000	-0.000000	0.000000
 583	2.9100e-01	16.7370	28.689959	0.000540	5.404683	1.831156	-0.043690
 584	2.9150e-01	16.6920	28.762776	-0.000180	-1.801561	-0.610385	0.014563
 585	2.9200e-01	16.6728	28.398690	0.000901	9.007806	3.051927	-0.072817
 586	2.9250e-01	16.6022	28.580733	-0.000450	-4.503903	-1.525964	0.036409
 587	2.9300e-01	16.5637	28.507916	0.000180	1.801561	0.610385	-0.014563
 588	2.9350e-01	16.5300	28.253056	0.000631	6.305464	2.136349	-0.050972
 589	2.9400e-01	16.5027	28.435099	-0.000450	-4.503903	-1.525964	0.036409
 590	2.9450e-01	16.4450	27.925379	0.001261	12.610928	4.272698	-0.101944
 591	2.9500e-01	16.4225	27.961787	-0.000090	-0.900781	-0.305193	0.007282
 592	2.9550e-01	16.3680	27.561293	0.000991	9.908586	3.357120	-0.080099
 593	2.9600e-01	16.3183	27.998196	-0.001081	-10.809367	-3.662313	0.087381
 594	2.9650e-01	16.2798	27.561293	0.001081	10.809367	3.662313	-0.087381
 595	2.9700e-01	16.2541	27.379250	0.000450	4.503903	1.525964	-0.036409
 596	2.9750e-01	16.2300	27.379250	-0.000000	-0.000000	-0.000000	0.000000
 597	2.9800e-01	16.1707	27.306433	0.000180	1.801561	0.610385	-0.014563
 598	2.9850e-01	16.1514	27.233616	0.000180	1.801561	0.610385	-0.014563
 599	2.9900e-01	16.0840	27.087981	0.000360	3.603122	1.220771	-0.029127
 600	2.9950e-01	16.0520	26.869530	0.000540	5.404683	1.831156	-0.043690
 601	3.0000e-01	16.0086	26.833121	0.000090	0.900781	0.305193	-0.007282
 602	3.0050e-01	15.9830	26.614670	0.000540	5.404683	1.831156	-0.043690
 603	3.0100e-01	15.9220	26.723895	-0.000270	-2.702342	-0.915578	0.021845
 604	3.0150e-01	15.8787	26.833121	-0.000270	-2.702342	-0.915578	0.021845
 605	3.0200e-01	15.8306	26.469035	0.000901	9.007806	3.051927	-0.072817
 606	3.0250e-01	15.8113	26.505444	-0.000090	-0.900781	-0.305193	0.007282
 607	3.0300e-01	15.7616	26.250584	0.000631	6.305464	2.136349	-0.050972
 608	3.0350e-01	15.7343	26.177767	0.000180	1.801561	0.610385	-0.014563
 609	3.0400e-01	15.6862	25.959315	0.000540	5.404683	1.831156	-0.043690
 610	3.0450e-01	15.6397	26.177767	-0.000540	-5.404683	-1.831156	0.043690
 611	3.0500e-01	15.6172	25.704455	0.001171	11.710147	3.967505	-0.094662
 612	3.0550e-01	15.5595	25.740864	-0.000090	-0.900781	-0.305193	0.007282
 613	3.0600e-01	15.5482	25.813681	-0.000180	-1.801561	-0.610385	0.014563
 614	3.0650e-01	15.4873	25.194735	0.001531	15.313270	5.188276	-0.123789
 615	3.0700e-01	15.4520	25.486004	-0.000721	-7.206244	-2.441542	0.058254
 616	3.0750e-01	15.4135	25.340370	0.000360	3.603122	1.220771	-0.029127
 617	3.0800e-01	15.3718	25.049101	0.000721	7.206244	2.441542	-0.058254
 618	3.0850e-01	15.3397	24.939875	0.000270	2.702342	0.915578	-0.021845
 619	3.0900e-01	15.2899	24.939875	-0.000000	-0.000000	-0.000000	0.000000
 620	3.0950e-01	15.2611	24.430155	0.001261	12.610928	4.272698	-0.101944
 621	3.1000e-01	15.2242	24.903467	-0.001171	-11.710147	-3.967505	0.094662
 622	3.1050e-01	15.1760	24.502972	0.000991	9.908586	3.357120	-0.080099
 623	3.1100e-01	15.1456	24.466564	0.000090	0.900781	0.305193	-0.007282
 624	3.1150e-01	15.1022	24.284521	0.000450	4.503903	1.525964	-0.036409
 625	3.1200e-01	15.0509	24.211704	0.000180	1.801561	0.610385	-0.014563
 626	3.1250e-01	15.0204	24.029661	0.000450	4.503903	1.525964	-0.036409
 627	3.1300e-01	14.9611	23.738392	0.000721	7.206244	2.441542	-0.058254
 628	3.1350e-01	14.9162	24.138887	-0.000991	-9.908586	-3.357120	0.080099
 629	3.1400e-01	14.8969	23.920435	0.000540	5.404683	1.831156	-0.043690
 630	3.1450e-01	14.8279	23.701984	0.000540	5.404683	1.831156	-0.043690
 631	3.1500e-01	14.7942	23.701984	-0.000000	-0.000000	-0.000000	0.000000
 632	3.1550e-01	14.7846	23.629166	0.000180	1.801561	0.610385	-0.014563
 633	3.1600e-01	14.7477	23.447124	0.000450	4.503903	1.525964	-0.036409
 634	3.1650e-01	14.6787	22.900995	0.001351	13.511708	4.577891	-0.109226
 635	3.1700e-01	14.6354	22.973812	-0.000180	-1.801561	-0.610385	0.014563
 636	3.1750e-01	14.6017	23.155855	-0.000450	-4.503903	-1.525964	0.036409
 637	3.1800e-01	14.5729	22.900995	0.000631	6.305464	2.136349	-0.050972
 638	3.1850e-01	14.5424	22.536909	0.000901	9.007806	3.051927	-0.072817
 639	3.1900e-01	14.5087	22.828178	-0.000721	-7.206244	-2.441542	0.058254
 640	3.1950e-01	14.4557	22.646135	0.000450	4.503903	1.525964	-0.036409
 641	3.2000e-01	14.4156	22.282049	0.000901	9.007806	3.051927	-0.072817
 642	3.2050e-01	14.3755	22.536909	-0.000631	-6.305464	-2.136349	0.050972
 643	3.2100e-01	14.3162	22.573318	-0.000090	-0.900781	-0.305193	0.007282
 644	3.2150e-01	14.2969	21.990780	0.001441	14.412489	4.883083	-0.116507
 645	3.2200e-01	14.2520	22.172823	-0.000450	-4.503903	-1.525964	0.036409
 646	3.2250e-01	14.2199	21.845146	0.000811	8.107025	2.746734	-0.065535
 647	3.2300e-01	14.1894	21.808738	0.000090	0.900781	0.305193	-0.007282
 648	3.2350e-01	14.1397	21.481060	0.000811	8.107025	2.746734	-0.065535
 649	3.2400e-01	14.1012	21.590286	-0.000270	-2.702342	-0.915578	0.021845
 650	3.2450e-01	14.0467	21.262609	0.000811	8.107025	2.746734	-0.065535
 651	3.2500e-01	14.0242	21.590286	-0.000811	-8.107025	-2.746734	0.065535
 652	3.2550e-01	14.0017	21.189792	0.000991	9.908586	3.357120	-0.080099
 653	3.2600e-01	13.9536	20.862115	0.000811	8.107025	2.746734	-0.065535
 654	3.2650e-01	13.9087	20.680072	0.000450	4.503903	1.525964	-0.036409
 655	3.2700e-01	13.8461	21.189792	-0.001261	-12.610928	-4.272698	0.101944
 656	3.2750e-01	13.7932	20.752889	0.001081	10.809367	3.662313	-0.087381
 657	3.2800e-01	13.7852	20.643663	0.000270	2.702342	0.915578	-0.021845
 658	3.2850e-01	13.7306	20.680072	-0.000090	-0.900781	-0.305193	0.007282
 659	3.2900e-01	13.6905	20.170352	0.001261	12.610928	4.272698	-0.101944
 660	3.2950e-01	13.6440	20.534437	-0.000901	-9.007806	-3.051927	0.072817
 661	3.3000e-01	13.5911	19.951900	0.001441	14.412489	4.883083	-0.116507
 662	3.3050e-01	13.5895	20.133943	-0.000450	-4.503903	-1.525964	0.036409
 663	3.3100e-01	13.5429	19.988309	0.000360	3.603122	1.220771	-0.029127
 664	3.3150e-01	13.5012	19.296546	0.001711	17.114831	5.798662	-0.138353
 665	3.3200e-01	13.4611	19.769857	-0.001171	-11.710147	-3.967505	0.094662
 666	3.3250e-01	13.4403	19.624223	0.000360	3.603122	1.220771	-0.029127
 667	3.3300e-01	13.3921	19.478589	0.000360	3.603122	1.220771	-0.029127
 668	3.3350e-01	13.3232	19.041686	0.001081	10.809367	3.662313	-0.087381
 669	3.3400e-01	13.2927	19.296546	-0.000631	-6.305464	-2.136349	0.050972
 670	3.3450e-01	13.2558	18.786826	0.001261	12.610928	4.272698	-0.101944
 671	3.3500e-01	13.2044	18.932460	-0.000360	-3.603122	-1.220771	0.029127
 672	3.3550e-01	13.1724	19.041686	-0.000270	-2.702342	-0.915578	0.021845
 673	3.3600e-01	13.1210	19.296546	-0.000631	-6.305464	-2.136349	0.050972
 674	3.3650e-01	13.0937	18.022246	0.003153	31.527320	10.681745	-0.254860
 675	3.3700e-01	13.0649	18.641191	-0.001531	-15.313270	-5.188276	0.123789
 676	3.3750e-01	13.0071	18.313514	0.000811	8.107025	2.746734	-0.065535
 677	3.3800e-01	12.9622	18.022246	0.000721	7.206244	2.441542	-0.058254
 678	3.3850e-01	12.9237	18.167880	-0.000360	-3.603122	-1.220771	0.029127
 679	3.3900e-01	12.9269	17.913020	-0.000631	-6.305464	-2.136349	-0.050972
 680	3.3950e-01	12.8483	17.694568	0.000540	5.404683	1.831156	-0.043690
 681	3.4000e-01	12.8531	17.694568	0.000000	0.000000	0.000000	0.000000
 682	3.4050e-01	12.7809	17.512526	0.000450	4.503903	1.525964	-0.036409
 683	3.4100e-01	12.7296	17.767386	-0.000631	-6.305464	-2.136349	0.050972
 684	3.4150e-01	12.6959	17.184848	0.001441	14.412489	4.883083	-0.116507
 685	3.4200e-01	12.6734	17.476117	-0.000721	-7.206244	-2.441542	0.058254
 686	3.4250e-01	12.6157	16.929988	0.001351	13.511708	4.577891	-0.109226
 687	3.4300e-01	12.5676	17.148440	-0.000540	-5.404683	-1.831156	0.043690
 688	3.4350e-01	12.5547	17.075623	0.000180	1.801561	0.610385	-0.014563
 689	3.4400e-01	12.5403	16.747945	0.000811	8.107025	2.746734	-0.065535
 690	3.4450e-01	12.4633	16.893580	-0.000360	-3.603122	-1.220771	0.029127
 691	3.4500e-01	12.4168	16.675128	0.000540	5.404683	1.831156	-0.043690
 692	3.4550e-01	12.3718	16.274634	0.000991	9.908586	3.357120	-0.080099
 693	3.4600e-01	12.3333	16.529494	-0.000631	-6.305464	-2.136349	0.050972
 694	3.4650e-01	12.3029	16.092591	0.001081	10.809367	3.662313	-0.087381
 695	3.4700e-01	12.2660	15.728505	0.000901	9.007806	3.051927	-0.072817
 696	3.4750e-01	12.2130	15.801322	-0.000180	-1.801561	-0.610385	0.014563
 697	3.4800e-01	12.1713	16.019774	-0.000540	-5.404683	-1.831156	0.043690
 698	3.4850e-01	12.1408	15.692097	0.000811	8.107025	2.746734	-0.065535
 699	3.4900e-01	12.0911	15.400828	0.000721	7.206244	2.441542	-0.058254
 700	3.4950e-01	12.0446	15.510054	-0.000270	-2.702342	-0.915578	0.021845
 701	3.5000e-01	12.0237	15.364419	0.000360	3.603122	1.220771	-0.029127
 702	3.5050e-01	11.9756	15.109559	0.000631	6.305464	2.136349	-0.050972
 703	3.5100e-01	11.9178	15.073151	0.000090	0.900781	0.305193	-0.007282
 704	3.5150e-01	11.9034	14.781882	0.000721	7.206244	2.441542	-0.058254
 705	3.5200e-01	11.8569	14.527022	0.000631	6.305464	2.136349	-0.050972
 706	3.5250e-01	11.8088	14.745474	-0.000540	-5.404683	-1.831156	0.043690
 707	3.5300e-01	11.7879	14.672657	0.000180	1.801561	0.610385	-0.014563
 708	3.5350e-01	11.7269	14.381388	0.000721	7.206244	2.441542	-0.058254
 709	3.5400e-01	11.6965	14.235754	0.000360	3.603122	1.220771	-0.029127
 710	3.5450e-01	11.6772	14.272162	-0.000090	-0.900781	-0.305193	0.007282
 711	3.5500e-01	11.6162	13.944485	0.000811	8.107025	2.746734	-0.065535
 712	3.5550e-01	11.6018	14.199345	-0.000631	-6.305464	-2.136349	0.050972
 713	3.5600e-01	11.5344	13.835259	0.000901	9.007806	3.051927	-0.072817
 714	3.5650e-01	11.5184	13.543991	0.000721	7.206244	2.441542	-0.058254
 715	3.5700e-01	11.4382	13.507582	0.000090	0.900781	0.305193	-0.007282
 716	3.5750e-01	11.4205	12.997862	0.001261	12.610928	4.272698	-0.101944
 717	3.5800e-01	11.3692	13.434765	-0.001081	-10.809367	-3.662313	0.087381
 718	3.5850e-01	11.3612	12.961453	0.001171	11.710147	3.967505	-0.094662
 719	3.5900e-01	11.3018	12.961453	-0.000000	-0.000000	-0.000000	0.000000
 720	3.5950e-01	11.2601	12.670185	0.000721	7.206244	2.441542	-0.058254
 721	3.6000e-01	11.2328	12.925045	-0.000631	-6.305464	-2.136349	0.050972
 722	3.6050e-01	11.1639	12.706593	0.000540	5.404683	1.831156	-0.043690
 723	3.6100e-01	11.1558	12.524550	0.000450	4.503903	1.525964	-0.036409
 724	3.6150e-01	11.1077	12.670185	-0.000360	-3.603122	-1.220771	0.029127
 725	3.6200e-01	11.0612	12.233282	0.001081	10.809367	3.662313	-0.087381
 726	3.6250e-01	11.0355	11.832788	0.000991	9.908586	3.357120	-0.080099
 727	3.6300e-01	10.9617	11.942013	-0.000270	-2.702342	-0.915578	0.021845
 728	3.6350e-01	10.9425	12.051239	-0.000270	-2.702342	-0.915578	0.021845
 729	3.6400e-01	10.8895	11.832788	0.000540	5.404683	1.831156	-0.043690
 730	3.6450e-01	10.8478	11.614336	0.000540	5.404683	1.831156	-0.043690
 731	3.6500e-01	10.8013	11.286659	0.000811	8.107025	2.746734	-0.065535
 732	3.6550e-01	10.7820	11.359476	-0.000180	-1.801561	-0.610385	0.014563
 733	3.6600e-01	10.7435	11.359476	-0.000000	-0.000000	-0.000000	0.000000
 734	3.6650e-01	10.7066	10.995390	0.000901	9.007806	3.051927	-0.072817
 735	3.6700e-01	10.6698	10.776939	0.000540	5.404683	1.831156	-0.043690
 736	3.6750e-01	10.6216	10.594896	0.000450	4.503903	1.525964	-0.036409
 737	3.6800e-01	10.5944	10.594896	-0.000000	-0.000000	-0.000000	0.000000
 738	3.6850e-01	10.5286	10.704122	-0.000270	-2.702342	-0.915578	0.021845
 739	3.6900e-01	10.5013	10.048767	0.001621	16.214050	5.493469	-0.131071
 740	3.6950e-01	10.4596	10.376444	-0.000811	-8.107025	-2.746734	0.065535
 741	3.7000e-01	10.4420	10.157993	0.000540	5.404683	1.831156	-0.043690
 742	3.7050e-01	10.3633	9.648273	0.001261	12.610928	4.272698	-0.101944
 743	3.7100e-01	10.3441	10.121584	-0.001171	-11.710147	-3.967505	0.094662
 744	3.7150e-01	10.2863	9.721090	0.000991	9.908586	3.357120	-0.080099
 745	3.7200e-01	10.2623	9.357004	0.000901	9.007806	3.051927	-0.072817
 746	3.7250e-01	10.2013	9.466230	-0.000270	-2.702342	-0.915578	0.021845
 747	3.7300e-01	10.1805	9.284187	0.000450	4.503903	1.525964	-0.036409
 748	3.7350e-01	10.1420	9.247779	0.000090	0.900781	0.305193	-0.007282
 749	3.7400e-01	10.0890	9.029327	0.000540	5.404683	1.831156	-0.043690
 750	3.7450e-01	10.0377	9.174961	-0.000360	-3.603122	-1.220771	0.029127
 751	3.7500e-01	10.0361	9.029327	0.000360	3.603122	1.220771	-0.029127
 752	3.7550e-01	9.9623	8.628833	0.000991	9.908586	3.357120	-0.080099
 753	3.7600e-01	9.9414	8.628833	-0.000000	-0.000000	-0.000000	0.000000
 754	3.7650e-01	9.8933	8.446790	0.000450	4.503903	1.525964	-0.036409
 755	3.7700e-01	9.8452	8.046296	0.000991	9.908586	3.357120	-0.080099
 756	3.7750e-01	9.8083	7.973478	0.000180	1.801561	0.610385	-0.014563
 757	3.7800e-01	9.7826	8.191930	-0.000540	-5.404683	-1.831156	0.043690
 758	3.7850e-01	9.7666	7.864253	0.000811	8.107025	2.746734	-0.065535
 759	3.7900e-01	9.7265	7.645801	0.000540	5.404683	1.831156	-0.043690
 760	3.7950e-01	9.6735	7.281715	0.000901	9.007806	3.051927	-0.072817
 761	3.8000e-01	9.6126	7.864253	-0.001441	-14.412489	-4.883083	0.116507
 762	3.8050e-01	9.5821	7.427350	0.001081	10.809367	3.662313	-0.087381
 763	3.8100e-01	9.5420	7.281715	0.000360	3.603122	1.220771	-0.029127
 764	3.8150e-01	9.4634	7.099673	0.000450	4.503903	1.525964	-0.036409
 765	3.8200e-01	9.4634	6.881221	0.000540	5.404683	1.831156	-0.043690
 766	3.8250e-01	9.4168	6.771995	0.000270	2.702342	0.915578	-0.021845
 767	3.8300e-01	9.3896	6.553544	0.000540	5.404683	1.831156	-0.043690
 768	3.8350e-01	9.3238	6.699178	-0.000360	-3.603122	-1.220771	0.029127
 769	3.8400e-01	9.2901	6.480727	0.000540	5.404683	1.831156	-0.043690
 770	3.8450e-01	9.2644	6.225867	0.000631	6.305464	2.136349	-0.050972
 771	3.8500e-01	9.2067	5.788964	0.001081	10.809367	3.662313	-0.087381
 772	3.8550e-01	9.1923	5.971007	-0.000450	-4.503903	-1.525964	0.036409
 773	3.8600e-01	9.1682	5.752555	0.000540	5.404683	1.831156	-0.043690
 774	3.8650e-01	9.1040	5.461287	0.000721	7.206244	2.441542	-0.058254
 775	3.8700e-01	9.0479	5.643329	-0.000450	-4.503903	-1.525964	0.036409
 776	3.8750e-01	9.0158	5.424878	0.000540	5.404683	1.831156	-0.043690
 777	3.8800e-01	9.0014	4.696706	0.001802	18.015611	6.103854	-0.145634
 778	3.8850e-01	8.9324	4.915158	-0.000540	-5.404683	-1.831156	0.043690
 779	3.8900e-01	8.9163	4.951566	-0.000090	-0.900781	-0.305193	0.007282
 780	3.8950e-01	8.8634	4.696706	0.000631	6.305464	2.136349	-0.050972
 781	3.9000e-01	8.8473	4.733115	-0.000090	-0.900781	-0.305193	0.007282
 782	3.9050e-01	8.7960	4.369029	0.000901	9.007806	3.051927	-0.072817
 783	3.9100e-01	8.7206	4.769524	-0.000991	-9.908586	-3.357120	0.080099
 784	3.9150e-01	8.7014	4.369029	0.000991	9.908586	3.357120	-0.080099
 785	3.9200e-01	8.6596	4.114169	0.000631	6.305464	2.136349	-0.050972
 786	3.9250e-01	8.6228	3.859309	0.000631	6.305464	2.136349	-0.050972
 787	3.9300e-01	8.5746	3.604449	0.000631	6.305464	2.136349	-0.050972
 788	3.9350e-01	8.5457	4.041352	-0.001081	-10.809367	-3.662313	0.087381
 789	3.9400e-01	8.5089	3.531632	0.001261	12.610928	4.272698	-0.101944
 790	3.9450e-01	8.4559	3.750083	-0.000540	-5.404683	-1.831156	0.043690
 791	3.9500e-01	8.3901	3.385998	0.000901	9.007806	3.051927	-0.072817
 792	3.9550e-01	8.3869	3.094729	0.000721	7.206244	2.441542	-0.058254
 793	3.9600e-01	8.3404	2.985503	0.000270	2.702342	0.915578	-0.021845
 794	3.9650e-01	8.3067	2.839869	0.000360	3.603122	1.220771	-0.029127
 795	3.9700e-01	8.2586	2.876278	-0.000090	-0.900781	-0.305193	0.007282
 796	3.9750e-01	8.2409	2.839869	0.000090	0.900781	0.305193	-0.007282
 797	3.9800e-01	8.1736	2.475783	0.000901	9.007806	3.051927	-0.072817
 798	3.9850e-01	8.1543	1.966063	0.001261	12.610928	4.272698	-0.101944
 799	3.9900e-01	8.1014	2.184515	-0.000540	-5.404683	-1.831156	0.043690
 800	3.9950e-01	8.0549	1.966063	0.000540	5.404683	1.831156	-0.043690
 801	4.0000e-01	8.0260	1.674795	0.000721	7.206244	2.441542	-0.058254
 802	4.0050e-01	7.9875	1.893246	-0.000540	-5.404683	-1.831156	0.043690
 803	4.0100e-01	7.9410	1.310709	0.001441	14.412489	4.883083	-0.116507
 804	4.0150e-01	7.9057	1.310709	-0.000000	-0.000000	-0.000000	0.000000
 805	4.0200e-01	7.8656	1.601977	-0.000721	-7.206244	-2.441542	0.058254
 806	4.0250e-01	7.8126	0.837397	0.001892	18.916392	6.409047	-0.152916
 807	4.0300e-01	7.7982	1.055849	-0.000540	-5.404683	-1.831156	0.043690
 808	4.0350e-01	7.7292	0.728172	0.000811	8.107025	2.746734	-0.065535
 809	4.0400e-01	7.6955	0.873806	-0.000360	-3.603122	-1.220771	0.029127
 810	4.0450e-01	7.6650	0.473312	0.000991	9.908586	3.357120	-0.080099
 811	4.0500e-01	7.6458	0.582537	-0.000270	-2.702342	-0.915578	0.021845
 812	4.0550e-01	7.5768	0.291269	0.000721	7.206244	2.441542	-0.058254
 813	4.0600e-01	7.5303	0.254860	0.000090	0.900781	0.305193	-0.007282
 814	4.0650e-01	7.4998	0.036409	0.000540	5.404683	1.831156	-0.043690
 815	4.0700e-01	7.4436	-0.036409	0.000180	1.801561	0.610385	-0.014563
 816	4.0750e-01	7.4244	-0.254860	0.000540	5.404683	1.831156	-0.043690
 817	4.0800e-01	7.3634	-0.291269	0.000090	0.900781	0.305193	-0.007282
 818	4.0850e-01	7.3281	-0.873806	0.001441	14.412489	4.883083	-0.116507
 819	4.0900e-01	7.2896	-0.728172	-0.000360	-3.603122	-1.220771	0.029127
 820	4.0950e-01	7.2608	-0.546129	-0.000450	-4.503903	-1.525964	0.036409
 821	4.1000e-01	7.2014	-1.383526	0.002072	20.717953	7.019432	-0.167479
 822	4.1050e-01	7.1838	-1.055849	-0.000811	-8.107025	-2.746734	0.065535
 823	4.1100e-01	7.1436	-1.456343	0.000991	9.908586	3.357120	-0.080099
 824	4.1150e-01	7.1051	-1.274300	-0.000450	-4.503903	-1.525964	0.036409
 825	4.1200e-01	7.0666	-1.529160	0.000631	6.305464	2.136349	-0.050972
 826	4.1250e-01	7.0233	-1.784020	0.000631	6.305464	2.136349	-0.050972
 827	4.1300e-01	6.9656	-1.893246	0.000270	2.702342	0.915578	-0.021845
 828	4.1350e-01	6.9383	-2.220923	0.000811	8.107025	2.746734	-0.065535
 829	4.1400e-01	6.9030	-1.966063	-0.000631	-6.305464	-2.136349	0.050972
 830	4.1450e-01	6.8581	-2.475783	0.001261	12.610928	4.272698	-0.101944
 831	4.1500e-01	6.8388	-2.330149	-0.000360	-3.603122	-1.220771	0.029127
 832	4.1550e-01	6.7827	-2.803460	0.001171	11.710147	3.967505	-0.094662
 833	4.1600e-01	6.7554	-2.694235	-0.000270	-2.702342	-0.915578	0.021845
 834	4.1650e-01	6.6977	-2.912686	0.000540	5.404683	1.831156	-0.043690
 835	4.1700e-01	6.6640	-3.094729	0.000450	4.503903	1.525964	-0.036409
 836	4.1750e-01	6.6159	-3.203955	0.000270	2.702342	0.915578	-0.021845
 837	4.1800e-01	6.5774	-3.458815	0.000631	6.305464	2.136349	-0.050972
 838	4.1850e-01	6.5340	-3.240363	-0.000540	-5.404683	-1.831156	0.043690
 839	4.1900e-01	6.5228	-3.822901	0.001441	14.412489	4.883083	-0.116507
 840	4.1950e-01	6.4779	-4.150578	0.000811	8.107025	2.746734	-0.065535
 841	4.2000e-01	6.4217	-4.004943	-0.000360	-3.603122	-1.220771	0.029127
 842	4.2050e-01	6.3640	-4.223395	0.000540	5.404683	1.831156	-0.043690
 843	4.2100e-01	6.3656	-4.332621	-0.000270	-2.702342	-0.915578	-0.021845
 844	4.2150e-01	6.3127	-4.114169	-0.000540	-5.404683	-1.831156	0.043690
 845	4.2200e-01	6.2758	-4.733115	0.001531	15.313270	5.188276	-0.123789
 846	4.2250e-01	6.2116	-4.587481	-0.000360	-3.603122	-1.220771	0.029127
 847	4.2300e-01	6.2116	-4.951566	0.000901	9.007806	3.051927	-0.072817
 848	4.2350e-01	6.1458	-4.915158	-0.000090	-0.900781	-0.305193	0.007282
 849	4.2400e-01	6.0993	-5.352061	0.001081	10.809367	3.662313	-0.087381
 850	4.2450e-01	6.0496	-5.133609	-0.000540	-5.404683	-1.831156	0.043690
 851	4.2500e-01	6.0111	-5.534104	0.000991	9.908586	3.357120	-0.080099
 852	4.2550e-01	6.0062	-5.461287	-0.000180	-1.801561	-0.610385	0.014563
 853	4.2600e-01	5.9244	-5.679738	0.000540	5.404683	1.831156	-0.043690
 854	4.2650e-01	5.9100	-6.080232	0.000991	9.908586	3.357120	-0.080099
 855	4.2700e-01	5.8619	-6.007415	-0.000180	-1.801561	-0.610385	0.014563
 856	4.2750e-01	5.8266	-6.335092	0.000811	8.107025	2.746734	-0.065535
 857	4.2800e-01	5.7720	-6.480727	0.000360	3.603122	1.220771	-0.029127
 858	4.2850e-01	5.7512	-6.662770	0.000450	4.503903	1.525964	-0.036409
 859	4.2900e-01	5.6790	-6.771995	0.000270	2.702342	0.915578	-0.021845
 860	4.2950e-01	5.6710	-6.954038	0.000450	4.503903	1.525964	-0.036409
 861	4.3000e-01	5.6116	-6.954038	-0.000000	-0.000000	-0.000000	0.000000
 862	4.3050e-01	5.5940	-7.099673	0.000360	3.603122	1.220771	-0.029127
 863	4.3100e-01	5.5426	-7.463758	0.000901	9.007806	3.051927	-0.072817
 864	4.3150e-01	5.4977	-7.609393	0.000360	3.603122	1.220771	-0.029127
 865	4.3200e-01	5.4672	-7.536575	-0.000180	-1.801561	-0.610385	0.014563
 866	4.3250e-01	5.4287	-7.937070	0.000991	9.908586	3.357120	-0.080099
 867	4.3300e-01	5.3533	-8.155521	0.000540	5.404683	1.831156	-0.043690
 868	4.3350e-01	5.3549	-8.119113	0.000090	0.900781	0.305193	0.007282
 869	4.3400e-01	5.2908	-8.410381	0.000721	7.206244	2.441542	-0.058254
 870	4.3450e-01	5.2747	-8.373973	-0.000090	-0.900781	-0.305193	0.007282
 871	4.3500e-01	5.2089	-8.847284	0.001171	11.710147	3.967505	-0.094662
 872	4.3550e-01	5.1977	-9.065736	0.000540	5.404683	1.831156	-0.043690
 873	4.3600e-01	5.1512	-8.701650	-0.000901	-9.007806	-3.051927	0.072817
 874	4.3650e-01	5.0854	-9.102144	0.000991	9.908586	3.357120	-0.080099
 875	4.3700e-01	5.0437	-9.284187	0.000450	4.503903	1.525964	-0.036409
 876	4.3750e-01	5.0261	-9.247779	-0.000090	-0.900781	-0.305193	0.007282
 877	4.3800e-01	4.9908	-9.721090	0.001171	11.710147	3.967505	-0.094662
 878	4.3850e-01	4.9539	-9.539047	-0.000450	-4.503903	-1.525964	0.036409
 879	4.3900e-01	4.9218	-9.793907	0.000631	6.305464	2.136349	-0.050972
 880	4.3950e-01	4.8769	-10.376444	0.001441	14.412489	4.883083	-0.116507
 881	4.4000e-01	4.8015	-10.048767	-0.000811	-8.107025	-2.746734	0.065535
 882	4.4050e-01	4.7485	-10.449262	0.000991	9.908586	3.357120	-0.080099
 883	4.4100e-01	4.7357	-10.558487	0.000270	2.702342	0.915578	-0.021845
 884	4.4150e-01	4.7052	-10.667713	0.000270	2.702342	0.915578	-0.021845
 885	4.4200e-01	4.6539	-11.286659	0.001531	15.313270	5.188276	-0.123789
 886	4.4250e-01	4.5977	-11.141025	-0.000360	-3.603122	-1.220771	0.029127
 887	4.4300e-01	4.5961	-11.250250	0.000270	2.702342	0.915578	-0.021845
 888	4.4350e-01	4.5191	-11.432293	0.000450	4.503903	1.525964	-0.036409
 889	4.4400e-01	4.4870	-11.614336	0.000450	4.503903	1.525964	-0.036409
 890	4.4450e-01	4.4694	-11.942013	0.000811	8.107025	2.746734	-0.065535
 891	4.4500e-01	4.4100	-11.832788	-0.000270	-2.702342	-0.915578	0.021845
 892	4.4550e-01	4.3715	-12.051239	0.000540	5.404683	1.831156	-0.043690
 893	4.4600e-01	4.3411	-12.087648	0.000090	0.900781	0.305193	-0.007282
 894	4.4650e-01	4.2929	-12.269690	0.000450	4.503903	1.525964	-0.036409
 895	4.4700e-01	4.2737	-12.597368	0.000811	8.107025	2.746734	-0.065535
 896	4.4750e-01	4.2304	-12.779411	0.000450	4.503903	1.525964	-0.036409
 897	4.4800e-01	4.1630	-12.779411	-0.000000	-0.000000	-0.000000	0.000000
 898	4.4850e-01	4.1229	-13.070679	0.000721	7.206244	2.441542	-0.058254
 899	4.4900e-01	4.1020	-13.289131	0.000540	5.404683	1.831156	-0.043690
 900	4.4950e-01	4.0876	-13.689625	0.000991	9.908586	3.357120	-0.080099
 901	4.5000e-01	4.0218	-13.398356	-0.000721	-7.206244	-2.441542	0.058254
 902	4.5050e-01	4.0026	-13.835259	0.001081	10.809367	3.662313	-0.087381
 903	4.5100e-01	3.9464	-13.980894	0.000360	3.603122	1.220771	-0.029127
 904	4.5150e-01	3.9159	-13.944485	-0.000090	-0.900781	-0.305193	0.007282
 905	4.5200e-01	3.8421	-14.199345	0.000631	6.305464	2.136349	-0.050972
 906	4.5250e-01	3.8133	-14.599839	0.000991	9.908586	3.357120	-0.080099
 907	4.5300e-01	3.7780	-14.417796	-0.000450	-4.503903	-1.525964	0.036409
 908	4.5350e-01	3.7539	-14.818291	0.000991	9.908586	3.357120	-0.080099
 909	4.5400e-01	3.6881	-14.745474	-0.000180	-1.801561	-0.610385	0.014563
 910	4.5450e-01	3.6432	-15.182377	0.001081	10.809367	3.662313	-0.087381
 911	4.5500e-01	3.6336	-15.473645	0.000721	7.206244	2.441542	-0.058254
 912	4.5550e-01	3.6063	-15.328011	-0.000360	-3.603122	-1.220771	0.029127
 913	4.5600e-01	3.5245	-15.291602	-0.000090	-0.900781	-0.305193	0.007282
 914	4.5650e-01	3.5020	-15.655688	0.000901	9.007806	3.051927	-0.072817
 915	4.5700e-01	3.4491	-15.874140	0.000540	5.404683	1.831156	-0.043690
 916	4.5750e-01	3.4363	-16.201817	0.000811	8.107025	2.746734	-0.065535
 917	4.5800e-01	3.3737	-16.092591	-0.000270	-2.702342	-0.915578	0.021845
 918	4.5850e-01	3.3432	-16.383860	0.000721	7.206244	2.441542	-0.058254
 919	4.5900e-01	3.3176	-16.529494	0.000360	3.603122	1.220771	-0.029127
 920	4.5950e-01	3.2839	-16.857171	0.000811	8.107025	2.746734	-0.065535
 921	4.6000e-01	3.2069	-17.257665	0.000991	9.908586	3.357120	-0.080099
 922	4.6050e-01	3.1635	-16.711537	-0.001351	-13.511708	-4.577891	0.109226
 923	4.6100e-01	3.1491	-16.966397	0.000631	6.305464	2.136349	-0.050972
 924	4.6150e-01	3.1010	-17.221257	0.000631	6.305464	2.136349	-0.050972
 925	4.6200e-01	3.0689	-17.403300	0.000450	4.503903	1.525964	-0.036409
 926	4.6250e-01	3.0240	-17.658160	0.000631	6.305464	2.136349	-0.050972
 927	4.6300e-01	2.9807	-18.022246	0.000901	9.007806	3.051927	-0.072817
 928	4.6350e-01	2.9454	-17.840203	-0.000450	-4.503903	-1.525964	0.036409
 929	4.6400e-01	2.9069	-18.240697	0.000991	9.908586	3.357120	-0.080099
 930	4.6450e-01	2.8636	-18.277106	0.000090	0.900781	0.305193	-0.007282
 931	4.6500e-01	2.8347	-18.714009	0.001081	10.809367	3.662313	-0.087381
 932	4.6550e-01	2.8026	-18.859643	0.000360	3.603122	1.220771	-0.029127
 933	4.6600e-01	2.7529	-18.677600	-0.000450	-4.503903	-1.525964	0.036409
 934	4.6650e-01	2.6951	-19.332954	0.001621	16.214050	5.493469	-0.131071
 935	4.6700e-01	2.6614	-19.114503	-0.000540	-5.404683	-1.831156	0.043690
 936	4.6750e-01	2.6261	-19.697040	0.001441	14.412489	4.883083	-0.116507
 937	4.6800e-01	2.5539	-19.733449	0.000090	0.900781	0.305193	-0.007282
 938	4.6850e-01	2.5379	-19.551406	-0.000450	-4.503903	-1.525964	0.036409
 939	4.6900e-01	2.4946	-20.170352	0.001531	15.313270	5.188276	-0.123789
 940	4.6950e-01	2.4609	-20.315986	0.000360	3.603122	1.220771	-0.029127
 941	4.7000e-01	2.4240	-20.425212	0.000270	2.702342	0.915578	-0.021845
 942	4.7050e-01	2.3855	-20.315986	-0.000270	-2.702342	-0.915578	0.021845
 943	4.7100e-01	2.3310	-20.643663	0.000811	8.107025	2.746734	-0.065535
 944	4.7150e-01	2.3213	-20.607255	-0.000090	-0.900781	-0.305193	0.007282
 945	4.7200e-01	2.2539	-20.934932	0.000811	8.107025	2.746734	-0.065535
 946	4.7250e-01	2.2395	-21.335426	0.000991	9.908586	3.357120	-0.080099
 947	4.7300e-01	2.1737	-21.226200	-0.000270	-2.702342	-0.915578	0.021845
 948	4.7350e-01	2.1352	-21.553878	0.000811	8.107025	2.746734	-0.065535
 949	4.7400e-01	2.0887	-21.663103	0.000270	2.702342	0.915578	-0.021845
 950	4.7450e-01	2.0759	-21.917963	0.000631	6.305464	2.136349	-0.050972
 951	4.7500e-01	2.0149	-22.172823	0.000631	6.305464	2.136349	-0.050972
 952	4.7550e-01	1.9780	-22.172823	-0.000000	-0.000000	-0.000000	0.000000
 953	4.7600e-01	1.9459	-22.100006	-0.000180	-1.801561	-0.610385	0.014563
 954	4.7650e-01	1.9090	-22.646135	0.001351	13.511708	4.577891	-0.109226
 955	4.7700e-01	1.8609	-22.937403	0.000721	7.206244	2.441542	-0.058254
 956	4.7750e-01	1.8080	-22.864586	-0.000180	-1.801561	-0.610385	0.014563
 957	4.7800e-01	1.7839	-23.119446	0.000631	6.305464	2.136349	-0.050972
 958	4.7850e-01	1.7422	-23.228672	0.000270	2.702342	0.915578	-0.021845
 959	4.7900e-01	1.7085	-23.701984	0.001171	11.710147	3.967505	-0.094662
 960	4.7950e-01	1.6588	-23.811209	0.000270	2.702342	0.915578	-0.021845
 961	4.8000e-01	1.6026	-23.811209	-0.000000	-0.000000	-0.000000	0.000000
 962	4.8050e-01	1.5818	-24.284521	0.001171	11.710147	3.967505	-0.094662
 963	4.8100e-01	1.5449	-24.138887	-0.000360	-3.603122	-1.220771	0.029127
 964	4.8150e-01	1.5080	-24.175295	0.000090	0.900781	0.305193	-0.007282
 965	4.8200e-01	1.4599	-24.830649	0.001621	16.214050	5.493469	-0.131071
 966	4.8250e-01	1.4326	-24.648607	-0.000450	-4.503903	-1.525964	0.036409
 967	4.8300e-01	1.3845	-25.194735	0.001351	13.511708	4.577891	-0.109226
 968	4.8350e-01	1.3251	-25.158327	-0.000090	-0.900781	-0.305193	0.007282
 969	4.8400e-01	1.2962	-25.267552	0.000270	2.702342	0.915578	-0.021845
 970	4.8450e-01	1.2625	-25.267552	-0.000000	-0.000000	-0.000000	0.000000
 971	4.8500e-01	1.2128	-26.177767	0.002252	22.519514	7.629818	-0.182043
 972	4.8550e-01	1.1823	-25.959315	-0.000540	-5.404683	-1.831156	0.043690
 973	4.8600e-01	1.1342	-25.850090	-0.000270	-2.702342	-0.915578	0.021845
 974	4.8650e-01	1.1085	-26.141358	0.000721	7.206244	2.441542	-0.058254
 975	4.8700e-01	1.0925	-26.469035	0.000811	8.107025	2.746734	-0.065535
 976	4.8750e-01	1.0187	-26.578261	0.000270	2.702342	0.915578	-0.021845
 977	4.8800e-01	0.9818	-26.905938	0.000811	8.107025	2.746734	-0.065535
 978	4.8850e-01	0.9385	-26.760304	-0.000360	-3.603122	-1.220771	0.029127
 979	4.8900e-01	0.9032	-27.015164	0.000631	6.305464	2.136349	-0.050972
 980	4.8950e-01	0.8502	-27.743336	0.001802	18.015611	6.103854	-0.145634
 981	4.9000e-01	0.8374	-27.306433	-0.001081	-10.809367	-3.662313	0.087381
 982	4.9050e-01	0.7797	-27.706927	0.000991	9.908586	3.357120	-0.080099
 983	4.9100e-01	0.7027	-27.925379	0.000540	5.404683	1.831156	-0.043690
 984	4.9150e-01	0.7027	-28.107421	0.000450	4.503903	1.525964	-0.036409
 985	4.9200e-01	0.6577	-28.325873	0.000540	5.404683	1.831156	-0.043690
 986	4.9250e-01	0.6032	-28.580733	0.000631	6.305464	2.136349	-0.050972
 987	4.9300e-01	0.5791	-28.872002	0.000721	7.206244	2.441542	-0.058254
 988	4.9350e-01	0.5583	-28.872002	-0.000000	-0.000000	-0.000000	0.000000
 989	4.9400e-01	0.4909	-28.981227	0.000270	2.702342	0.915578	-0.021845
 990	4.9450e-01	0.4508	-29.345313	0.000901	9.007806	3.051927	-0.072817
 991	4.9500e-01	0.4123	-29.490947	0.000360	3.603122	1.220771	-0.029127
 992	4.9550e-01	0.4091	-29.454539	-0.000090	-0.900781	-0.305193	0.007282
 993	4.9600e-01	0.3289	-30.073485	0.001531	15.313270	5.188276	-0.123789
 994	4.9650e-01	0.3241	-30.073485	-0.000000	-0.000000	-0.000000	0.000000
 995	4.9700e-01	0.2454	-30.546796	0.001171	11.710147	3.967505	-0.094662
 996	4.9750e-01	0.2278	-30.437570	-0.000270	-2.702342	-0.915578	0.021845
 997	4.9800e-01	0.1909	-30.583205	0.000360	3.603122	1.220771	-0.029127
 998	4.9850e-01	0.1396	-30.728839	0.000360	3.603122	1.220771	-0.029127
 999	4.9900e-01	0.1123	-30.983699	0.000631	6.305464	2.136349	-0.050972
1000	4.9950e-01	0.0385	-31.202150	0.000540	5.404683	1.831156	-0.043690
1001	5.0000e-01	0.0626	-31.274968	0.000540	5.404683	1.831156	-0.014563

PMax (uC/cm2):	7.35e+01
Pr (uC/cm2):	5.42e+00
-Pr (uC/cm2):	0.00e+00
PLoss (uC/cm2):	0.00e+00
C (Max-Eff) (nF):	3.68e-01
K (Eff):	1.25e+03
Vert. (+/-Pr) Shift (uC/cm2):	2.71e+00
Offset (uC/cm2):	3.67e+01

A (Loop Area - uC/cm2·Volts):	5.79e-01



Hysteresis Version: 5.48.1 - Radiant Technologies, Inc., 1999 - 9/12/24

