»»»»»»»»»»»»»»»»»»»»»»»»»»»»»»»»»»»» Hysteresis ««««««««««««««««««««««««««««««««««««
»»»  Executed Version:	5.48.1
»»»  Vision Version:	5.48.4 (R)
»»»  Vision Compiled:	9/18/24
»»»  Driver Version:	5.47.0
»»»  Windows Version:	Windows 8 or 8.1
»»»  Processor Information:	x86 (AMD or Intel) - 32 Processors
»»»  Tester Name:	PMF21124-494 (100V)
»»»  Tester S/N:	PMF21124-494
»»»  Internal Amp Type:	100V RevK 270k
»»»  Internal Amp S/N:	iAB2-596/K     
»»»  Execution Count:	1
»»»»»»»»»»»»»»»»»»»»»»»»»»»»»»»»»»»»»»»»»»««««««««««««««««««««««««««««««««««««««««««

Stored:	10/10/2025 - 16:17:14
Configured:	10/10/25 10:37:25 AM
Executed:	10/10/25 04:16:46 PM

»»»»»»»»»»»»»»»»»»»»»»»»»»»»»»»»»»» Sample Info ««««««««««««««««««««««««««««««««««««
Sample Name:	Int. Ref. Ferroelectric
Lot Name:	N/A
Wafer Name:	N/A
Die Row/Column:	0/0
Capacitor Number:	0
Sample Area (cm2):	1.00e-04
Sample Thickness (microns):	3.00e-01

Amplifier:	Internal

»»»»»»»»»»»»»»»»»»»»»»»»»»»»»»»»»»» Tester Info «««««««««««««««««««««««««««««««««««
Tester Name:	PMF21124-494 (100V)
Tester Serial Number:	PMF21124-494
Return Signal Amp. Level:	0.02 [Index: 2]

»»»»»»»»»»»»»»»»»»»»»»»»»»»»»»»» Hysteresis Info ««««««««««««««««««««««««««««««««««
Task Name:	Hyst-170
Volts:	20.00
Field:	666.67 (kV/cm)
DCBias:	0.00
DCField:	0.00 (kV/cm)
Hysteresis Period (ms):	5.00e-01
Preset:	Enabled
Preset Delay (ms):	1.00e+03
Profile:	Standard Monopolar

»»»»»»»»»»»»»»»»»»»»»»»»»»»»»»»»»»»»»» Data «««««««««««««««««««««««««««««««««««««««
Points:	1001

Valid Data

Point	Time (ms)	Drive Voltage	Measured Polarization (uC/cm2)	Capacitance (uF)	Normalized Capacitance (uF/cm2)	Dielectric Constant	Instantaneous Current (mA)
   1	0.0000e+00	0.0449	-33.040784	-0.000454	-4.536703	-1.537076	0.036409
   2	5.0000e-04	0.0176	-32.858741	-0.000454	-4.536703	-1.537076	0.036409
   3	1.0000e-03	0.1139	-32.749515	0.000272	2.722022	0.922246	0.021845
   4	1.5000e-03	0.1652	-32.676698	0.000181	1.814681	0.614831	0.014563
   5	2.0000e-03	0.1845	-32.458246	0.000544	5.444043	1.844492	0.043690
   6	2.5000e-03	0.2374	-32.130569	0.000817	8.166065	2.766738	0.065535
   7	3.0000e-03	0.2615	-32.276203	-0.000363	-3.629362	-1.229661	-0.029127
   8	3.5000e-03	0.3176	-31.657258	0.001542	15.424789	5.226060	0.123789
   9	4.0000e-03	0.3545	-31.875709	-0.000544	-5.444043	-1.844492	-0.043690
  10	4.5000e-03	0.3946	-31.839301	0.000091	0.907341	0.307415	0.007282
  11	5.0000e-03	0.4347	-31.548032	0.000726	7.258724	2.459322	0.058254
  12	5.5000e-03	0.4749	-31.256763	0.000726	7.258724	2.459322	0.058254
  13	6.0000e-03	0.5230	-31.256763	0.000000	0.000000	0.000000	0.000000
  14	6.5000e-03	0.5759	-31.329580	-0.000181	-1.814681	-0.614831	-0.014563
  15	7.0000e-03	0.5968	-30.819860	0.001270	12.702767	4.303814	0.101944
  16	7.5000e-03	0.6369	-30.674226	0.000363	3.629362	1.229661	0.029127
  17	8.0000e-03	0.6754	-30.346549	0.000817	8.166065	2.766738	0.065535
  18	8.5000e-03	0.7331	-30.018872	0.000817	8.166065	2.766738	0.065535
  19	9.0000e-03	0.7524	-29.909646	0.000272	2.722022	0.922246	0.021845
  20	9.5000e-03	0.8021	-30.237323	-0.000817	-8.166065	-2.766738	-0.065535
  21	1.0000e-02	0.8182	-29.545560	0.001724	17.239470	5.840891	0.138353
  22	1.0500e-02	0.8535	-29.581969	-0.000091	-0.907341	-0.307415	-0.007282
  23	1.1000e-02	0.9048	-29.072249	0.001270	12.702767	4.303814	0.101944
  24	1.1500e-02	0.9641	-29.399926	-0.000817	-8.166065	-2.766738	-0.065535
  25	1.2000e-02	1.0139	-29.363517	0.000091	0.907341	0.307415	0.007282
  26	1.2500e-02	1.0620	-29.035840	0.000817	8.166065	2.766738	0.065535
  27	1.3000e-02	1.0796	-28.963023	0.000181	1.814681	0.614831	0.014563
  28	1.3500e-02	1.1198	-28.744572	0.000544	5.444043	1.844492	0.043690
  29	1.4000e-02	1.1374	-28.817389	-0.000181	-1.814681	-0.614831	-0.014563
  30	1.4500e-02	1.1919	-28.307669	0.001270	12.702767	4.303814	0.101944
  31	1.5000e-02	1.2369	-28.234851	0.000181	1.814681	0.614831	0.014563
  32	1.5500e-02	1.2834	-28.089217	0.000363	3.629362	1.229661	0.029127
  33	1.6000e-02	1.3171	-27.615906	0.001180	11.795427	3.996399	0.094662
  34	1.6500e-02	1.3540	-28.052809	-0.001089	-10.888086	-3.688983	-0.087381
  35	1.7000e-02	1.4021	-27.470271	0.001452	14.517448	4.918645	0.116507
  36	1.7500e-02	1.4454	-27.069777	0.000998	9.980746	3.381568	0.080099
  37	1.8000e-02	1.4807	-27.179003	-0.000272	-2.722022	-0.922246	-0.021845
  38	1.8500e-02	1.5192	-27.142594	0.000091	0.907341	0.307415	0.007282
  39	1.9000e-02	1.5497	-26.814917	0.000817	8.166065	2.766738	0.065535
  40	1.9500e-02	1.5866	-26.487240	0.000817	8.166065	2.766738	0.065535
  41	2.0000e-02	1.6572	-26.705691	-0.000544	-5.444043	-1.844492	-0.043690
  42	2.0500e-02	1.6941	-26.268788	0.001089	10.888086	3.688983	0.087381
  43	2.1000e-02	1.7470	-26.414423	-0.000363	-3.629362	-1.229661	-0.029127
  44	2.1500e-02	1.7502	-25.941111	0.001180	11.795427	3.996399	0.094662
  45	2.2000e-02	1.7775	-26.341605	-0.000998	-9.980746	-3.381568	-0.080099
  46	2.2500e-02	1.8577	-25.904703	0.001089	10.888086	3.688983	0.087381
  47	2.3000e-02	1.8786	-25.467800	0.001089	10.888086	3.688983	0.087381
  48	2.3500e-02	1.9251	-25.649842	-0.000454	-4.536703	-1.537076	-0.036409
  49	2.4000e-02	1.9443	-25.176531	0.001180	11.795427	3.996399	0.094662
  50	2.4500e-02	2.0133	-24.958080	0.000544	5.444043	1.844492	0.043690
  51	2.5000e-02	2.0390	-24.812445	0.000363	3.629362	1.229661	0.029127
  52	2.5500e-02	2.0807	-24.739628	0.000181	1.814681	0.614831	0.014563
  53	2.6000e-02	2.1304	-24.848854	-0.000272	-2.722022	-0.922246	-0.021845
  54	2.6500e-02	2.1721	-24.411951	0.001089	10.888086	3.688983	0.087381
  55	2.7000e-02	2.2154	-24.666811	-0.000635	-6.351384	-2.151907	-0.050972
  56	2.7500e-02	2.2411	-24.302725	0.000907	9.073405	3.074153	0.072817
  57	2.8000e-02	2.2908	-24.011457	0.000726	7.258724	2.459322	0.058254
  58	2.8500e-02	2.3213	-23.501736	0.001270	12.702767	4.303814	0.101944
  59	2.9000e-02	2.3614	-23.501736	0.000000	0.000000	0.000000	0.000000
  60	2.9500e-02	2.4192	-23.356102	0.000363	3.629362	1.229661	0.029127
  61	3.0000e-02	2.4400	-23.465328	-0.000272	-2.722022	-0.922246	-0.021845
  62	3.0500e-02	2.4561	-23.064834	0.000998	9.980746	3.381568	0.080099
  63	3.1000e-02	2.5138	-23.028425	0.000091	0.907341	0.307415	0.007282
  64	3.1500e-02	2.5652	-22.664339	0.000907	9.073405	3.074153	0.072817
  65	3.2000e-02	2.6213	-22.992016	-0.000817	-8.166065	-2.766738	-0.065535
  66	3.2500e-02	2.6390	-22.627931	0.000907	9.073405	3.074153	0.072817
  67	3.3000e-02	2.6823	-22.263845	0.000907	9.073405	3.074153	0.072817
  68	3.3500e-02	2.7320	-22.263845	0.000000	0.000000	0.000000	0.000000
  69	3.4000e-02	2.7481	-22.263845	0.000000	0.000000	0.000000	0.000000
  70	3.4500e-02	2.8026	-22.008985	0.000635	6.351384	2.151907	0.050972
  71	3.5000e-02	2.8475	-21.899759	0.000272	2.722022	0.922246	0.021845
  72	3.5500e-02	2.8668	-21.717716	0.000454	4.536703	1.537076	0.036409
  73	3.6000e-02	2.9245	-21.426448	0.000726	7.258724	2.459322	0.058254
  74	3.6500e-02	2.9470	-21.280813	0.000363	3.629362	1.229661	0.029127
  75	3.7000e-02	2.9694	-21.244405	0.000091	0.907341	0.307415	0.007282
  76	3.7500e-02	3.0192	-20.916727	0.000817	8.166065	2.766738	0.065535
  77	3.8000e-02	3.0769	-21.244405	-0.000817	-8.166065	-2.766738	-0.065535
  78	3.8500e-02	3.1202	-20.916727	0.000817	8.166065	2.766738	0.065535
  79	3.9000e-02	3.1748	-20.297782	0.001542	15.424789	5.226060	0.123789
  80	3.9500e-02	3.1892	-20.479825	-0.000454	-4.536703	-1.537076	-0.036409
  81	4.0000e-02	3.2325	-20.115739	0.000907	9.073405	3.074153	0.072817
  82	4.0500e-02	3.2774	-20.370599	-0.000635	-6.351384	-2.151907	-0.050972
  83	4.1000e-02	3.3272	-20.042922	0.000817	8.166065	2.766738	0.065535
  84	4.1500e-02	3.3545	-19.423976	0.001542	15.424789	5.226060	0.123789
  85	4.2000e-02	3.3881	-19.241933	0.000454	4.536703	1.537076	0.036409
  86	4.2500e-02	3.4331	-19.278342	-0.000091	-0.907341	-0.307415	-0.007282
  87	4.3000e-02	3.4908	-19.496793	-0.000544	-5.444043	-1.844492	-0.043690
  88	4.3500e-02	3.5165	-19.169116	0.000817	8.166065	2.766738	0.065535
  89	4.4000e-02	3.5662	-18.659396	0.001270	12.702767	4.303814	0.101944
  90	4.4500e-02	3.6272	-19.096299	-0.001089	-10.888086	-3.688983	-0.087381
  91	4.5000e-02	3.6432	-18.659396	0.001089	10.888086	3.688983	0.087381
  92	4.5500e-02	3.6833	-18.440944	0.000544	5.444043	1.844492	0.043690
  93	4.6000e-02	3.7282	-18.040450	0.000998	9.980746	3.381568	0.080099
  94	4.6500e-02	3.7491	-17.821998	0.000544	5.444043	1.844492	0.043690
  95	4.7000e-02	3.7683	-17.785590	0.000091	0.907341	0.307415	0.007282
  96	4.7500e-02	3.8052	-17.821998	-0.000091	-0.907341	-0.307415	-0.007282
  97	4.8000e-02	3.8614	-17.785590	0.000091	0.907341	0.307415	0.007282
  98	4.8500e-02	3.8967	-17.603547	0.000454	4.536703	1.537076	0.036409
  99	4.9000e-02	3.9576	-17.421504	0.000454	4.536703	1.537076	0.036409
 100	4.9500e-02	3.9913	-17.057418	0.000907	9.073405	3.074153	0.072817
 101	5.0000e-02	4.0138	-17.130235	-0.000181	-1.814681	-0.614831	-0.014563
 102	5.0500e-02	4.0635	-17.021010	0.000272	2.722022	0.922246	0.021845
 103	5.1000e-02	4.1068	-16.584107	0.001089	10.888086	3.688983	0.087381
 104	5.1500e-02	4.1646	-16.693333	-0.000272	-2.722022	-0.922246	-0.021845
 105	5.2000e-02	4.1983	-16.802558	-0.000272	-2.722022	-0.922246	-0.021845
 106	5.2500e-02	4.2304	-16.402064	0.000998	9.980746	3.381568	0.080099
 107	5.3000e-02	4.2576	-16.292838	0.000272	2.722022	0.922246	0.021845
 108	5.3500e-02	4.2993	-15.746710	0.001361	13.610108	4.611229	0.109226
 109	5.4000e-02	4.3555	-15.892344	-0.000363	-3.629362	-1.229661	-0.029127
 110	5.4500e-02	4.3924	-15.528258	0.000907	9.073405	3.074153	0.072817
 111	5.5000e-02	4.4309	-15.746710	-0.000544	-5.444043	-1.844492	-0.043690
 112	5.5500e-02	4.4854	-15.601075	0.000363	3.629362	1.229661	0.029127
 113	5.6000e-02	4.5223	-15.236989	0.000907	9.073405	3.074153	0.072817
 114	5.6500e-02	4.5576	-15.091355	0.000363	3.629362	1.229661	0.029127
 115	5.7000e-02	4.5721	-14.909312	0.000454	4.536703	1.537076	0.036409
 116	5.7500e-02	4.6330	-14.545226	0.000907	9.073405	3.074153	0.072817
 117	5.8000e-02	4.6860	-14.618044	-0.000181	-1.814681	-0.614831	-0.014563
 118	5.8500e-02	4.7421	-14.472409	0.000363	3.629362	1.229661	0.029127
 119	5.9000e-02	4.7485	-14.472409	0.000000	0.000000	0.000000	0.000000
 120	5.9500e-02	4.8031	-14.326775	0.000363	3.629362	1.229661	0.029127
 121	6.0000e-02	4.8287	-13.780646	0.001361	13.610108	4.611229	0.109226
 122	6.0500e-02	4.9009	-14.144732	-0.000907	-9.073405	-3.074153	-0.072817
 123	6.1000e-02	4.9523	-14.035506	0.000272	2.722022	0.922246	0.021845
 124	6.1500e-02	4.9587	-13.416561	0.001542	15.424789	5.226060	0.123789
 125	6.2000e-02	4.9924	-12.979658	0.001089	10.888086	3.688983	0.087381
 126	6.2500e-02	5.0437	-13.125292	-0.000363	-3.629362	-1.229661	-0.029127
 127	6.3000e-02	5.0662	-13.270926	-0.000363	-3.629362	-1.229661	-0.029127
 128	6.3500e-02	5.1111	-13.052475	0.000544	5.444043	1.844492	0.043690
 129	6.4000e-02	5.1785	-13.088883	-0.000091	-0.907341	-0.307415	-0.007282
 130	6.4500e-02	5.1897	-12.651980	0.001089	10.888086	3.688983	0.087381
 131	6.5000e-02	5.2314	-12.579163	0.000181	1.814681	0.614831	0.014563
 132	6.5500e-02	5.2779	-12.397120	0.000454	4.536703	1.537076	0.036409
 133	6.6000e-02	5.3116	-12.215078	0.000454	4.536703	1.537076	0.036409
 134	6.6500e-02	5.3549	-11.923809	0.000726	7.258724	2.459322	0.058254
 135	6.7000e-02	5.4079	-11.705357	0.000544	5.444043	1.844492	0.043690
 136	6.7500e-02	5.4287	-11.705357	0.000000	0.000000	0.000000	0.000000
 137	6.8000e-02	5.4817	-11.450497	0.000635	6.351384	2.151907	0.050972
 138	6.8500e-02	5.5202	-11.377680	0.000181	1.814681	0.614831	0.014563
 139	6.9000e-02	5.5715	-11.159229	0.000544	5.444043	1.844492	0.043690
 140	6.9500e-02	5.6100	-10.977186	0.000454	4.536703	1.537076	0.036409
 141	7.0000e-02	5.6405	-11.086412	-0.000272	-2.722022	-0.922246	-0.021845
 142	7.0500e-02	5.6934	-11.050003	0.000091	0.907341	0.307415	0.007282
 143	7.1000e-02	5.7287	-10.176197	0.002178	21.776173	7.377967	0.174761
 144	7.1500e-02	5.7640	-10.576692	-0.000998	-9.980746	-3.381568	-0.080099
 145	7.2000e-02	5.7865	-10.394649	0.000454	4.536703	1.537076	0.036409
 146	7.2500e-02	5.8394	-10.431057	-0.000091	-0.907341	-0.307415	-0.007282
 147	7.3000e-02	5.8619	-10.176197	0.000635	6.351384	2.151907	0.050972
 148	7.3500e-02	5.9004	-9.884929	0.000726	7.258724	2.459322	0.058254
 149	7.4000e-02	5.9565	-9.666477	0.000544	5.444043	1.844492	0.043690
 150	7.4500e-02	6.0239	-9.775703	-0.000272	-2.722022	-0.922246	-0.021845
 151	7.5000e-02	6.0447	-9.448026	0.000817	8.166065	2.766738	0.065535
 152	7.5500e-02	6.0897	-9.448026	0.000000	0.000000	0.000000	0.000000
 153	7.6000e-02	6.1218	-8.974714	0.001180	11.795427	3.996399	0.094662
 154	7.6500e-02	6.1875	-8.938306	0.000091	0.907341	0.307415	0.007282
 155	7.7000e-02	6.1955	-9.047531	-0.000272	-2.722022	-0.922246	-0.021845
 156	7.7500e-02	6.2308	-8.683446	0.000907	9.073405	3.074153	0.072817
 157	7.8000e-02	6.2774	-8.610628	0.000181	1.814681	0.614831	0.014563
 158	7.8500e-02	6.3078	-8.464994	0.000363	3.629362	1.229661	0.029127
 159	7.9000e-02	6.3399	-8.392177	0.000181	1.814681	0.614831	0.014563
 160	7.9500e-02	6.3913	-8.137317	0.000635	6.351384	2.151907	0.050972
 161	8.0000e-02	6.4426	-8.173726	-0.000091	-0.907341	-0.307415	-0.007282
 162	8.0500e-02	6.4667	-7.846048	0.000817	8.166065	2.766738	0.065535
 163	8.1000e-02	6.4795	-7.773231	0.000181	1.814681	0.614831	0.014563
 164	8.1500e-02	6.5340	-7.409145	0.000907	9.073405	3.074153	0.072817
 165	8.2000e-02	6.5774	-7.372737	0.000091	0.907341	0.307415	0.007282
 166	8.2500e-02	6.6319	-7.263511	0.000272	2.722022	0.922246	0.021845
 167	8.3000e-02	6.6897	-7.299920	-0.000091	-0.907341	-0.307415	-0.007282
 168	8.3500e-02	6.7153	-6.935834	0.000907	9.073405	3.074153	0.072817
 169	8.4000e-02	6.7442	-6.826608	0.000272	2.722022	0.922246	0.021845
 170	8.4500e-02	6.7843	-6.498931	0.000817	8.166065	2.766738	0.065535
 171	8.5000e-02	6.8276	-6.753791	-0.000635	-6.351384	-2.151907	-0.050972
 172	8.5500e-02	6.8998	-6.316888	0.001089	10.888086	3.688983	0.087381
 173	8.6000e-02	6.9303	-6.207662	0.000272	2.722022	0.922246	0.021845
 174	8.6500e-02	6.9800	-6.316888	-0.000272	-2.722022	-0.922246	-0.021845
 175	8.7000e-02	6.9912	-6.171254	0.000363	3.629362	1.229661	0.029127
 176	8.7500e-02	7.0137	-5.807168	0.000907	9.073405	3.074153	0.072817
 177	8.8000e-02	7.0859	-5.515899	0.000726	7.258724	2.459322	0.058254
 178	8.8500e-02	7.1196	-5.697942	-0.000454	-4.536703	-1.537076	-0.036409
 179	8.9000e-02	7.1420	-5.588717	0.000272	2.722022	0.922246	0.021845
 180	8.9500e-02	7.1966	-5.515899	0.000181	1.814681	0.614831	0.014563
 181	9.0000e-02	7.2174	-5.115405	0.000998	9.980746	3.381568	0.080099
 182	9.0500e-02	7.2688	-5.006179	0.000272	2.722022	0.922246	0.021845
 183	9.1000e-02	7.2944	-4.678502	0.000817	8.166065	2.766738	0.065535
 184	9.1500e-02	7.3795	-4.678502	0.000000	0.000000	0.000000	0.000000
 185	9.2000e-02	7.3987	-4.569276	0.000272	2.722022	0.922246	0.021845
 186	9.2500e-02	7.4228	-4.496459	0.000181	1.814681	0.614831	0.014563
 187	9.3000e-02	7.4934	-4.132373	0.000907	9.073405	3.074153	0.072817
 188	9.3500e-02	7.5287	-4.241599	-0.000272	-2.722022	-0.922246	-0.021845
 189	9.4000e-02	7.5447	-4.168782	0.000181	1.814681	0.614831	0.014563
 190	9.4500e-02	7.5896	-3.950331	0.000544	5.444043	1.844492	0.043690
 191	9.5000e-02	7.6458	-3.695471	0.000635	6.351384	2.151907	0.050972
 192	9.5500e-02	7.6746	-3.622653	0.000181	1.814681	0.614831	0.014563
 193	9.6000e-02	7.7244	-3.149342	0.001180	11.795427	3.996399	0.094662
 194	9.6500e-02	7.7517	-3.003708	0.000363	3.629362	1.229661	0.029127
 195	9.7000e-02	7.7982	-2.930890	0.000181	1.814681	0.614831	0.014563
 196	9.7500e-02	7.8287	-2.967299	-0.000091	-0.907341	-0.307415	-0.007282
 197	9.8000e-02	7.8639	-2.894482	0.000181	1.814681	0.614831	0.014563
 198	9.8500e-02	7.9169	-2.566805	0.000817	8.166065	2.766738	0.065535
 199	9.9000e-02	7.9602	-2.239127	0.000817	8.166065	2.766738	0.065535
 200	9.9500e-02	8.0196	-1.984267	0.000635	6.351384	2.151907	0.050972
 201	1.0000e-01	8.0565	-2.421170	-0.001089	-10.888086	-3.688983	-0.087381
 202	1.0050e-01	8.1046	-2.384762	0.000091	0.907341	0.307415	0.007282
 203	1.0100e-01	8.1094	-1.838633	0.001361	13.610108	4.611229	0.109226
 204	1.0150e-01	8.1639	-1.765816	0.000181	1.814681	0.614831	0.014563
 205	1.0200e-01	8.2409	-1.802225	-0.000091	-0.907341	-0.307415	-0.007282
 206	1.0250e-01	8.2618	-1.765816	0.000091	0.907341	0.307415	0.007282
 207	1.0300e-01	8.3131	-1.729407	0.000091	0.907341	0.307415	0.007282
 208	1.0350e-01	8.3356	-1.510956	0.000544	5.444043	1.844492	0.043690
 209	1.0400e-01	8.3516	-0.892010	0.001542	15.424789	5.226060	0.123789
 210	1.0450e-01	8.3998	-0.964827	-0.000181	-1.814681	-0.614831	-0.014563
 211	1.0500e-01	8.4383	-0.746376	0.000544	5.444043	1.844492	0.043690
 212	1.0550e-01	8.4671	-0.418699	0.000817	8.166065	2.766738	0.065535
 213	1.0600e-01	8.4992	-0.600742	-0.000454	-4.536703	-1.537076	-0.036409
 214	1.0650e-01	8.5634	-0.382290	0.000544	5.444043	1.844492	0.043690
 215	1.0700e-01	8.5875	0.054613	0.001089	10.888086	3.688983	0.087381
 216	1.0750e-01	8.6292	-0.054613	-0.000272	-2.722022	-0.922246	-0.021845
 217	1.0800e-01	8.6629	0.018204	0.000181	1.814681	0.614831	0.014563
 218	1.0850e-01	8.7190	0.163839	0.000363	3.629362	1.229661	0.029127
 219	1.0900e-01	8.7431	0.418699	0.000635	6.351384	2.151907	0.050972
 220	1.0950e-01	8.8008	0.309473	-0.000272	-2.722022	-0.922246	-0.021845
 221	1.1000e-01	8.8522	0.564333	0.000635	6.351384	2.151907	0.050972
 222	1.1050e-01	8.8794	0.527924	-0.000091	-0.907341	-0.307415	-0.007282
 223	1.1100e-01	8.9115	0.782784	0.000635	6.351384	2.151907	0.050972
 224	1.1150e-01	8.9484	1.110462	0.000817	8.166065	2.766738	0.065535
 225	1.1200e-01	9.0014	0.673559	-0.001089	-10.888086	-3.688983	-0.087381
 226	1.1250e-01	9.0399	1.401730	0.001815	18.146810	6.148306	0.145634
 227	1.1300e-01	9.0543	1.510956	0.000272	2.722022	0.922246	0.021845
 228	1.1350e-01	9.1040	1.256096	-0.000635	-6.351384	-2.151907	-0.050972
 229	1.1400e-01	9.1634	1.401730	0.000363	3.629362	1.229661	0.029127
 230	1.1450e-01	9.1955	1.765816	0.000907	9.073405	3.074153	0.072817
 231	1.1500e-01	9.2484	2.020676	0.000635	6.351384	2.151907	0.050972
 232	1.1550e-01	9.2741	1.620182	-0.000998	-9.980746	-3.381568	-0.080099
 233	1.1600e-01	9.3110	1.984267	0.000907	9.073405	3.074153	0.072817
 234	1.1650e-01	9.3414	2.493988	0.001270	12.702767	4.303814	0.101944
 235	1.1700e-01	9.3880	2.202719	-0.000726	-7.258724	-2.459322	-0.058254
 236	1.1750e-01	9.4249	2.785256	0.001452	14.517448	4.918645	0.116507
 237	1.1800e-01	9.4634	3.076525	0.000726	7.258724	2.459322	0.058254
 238	1.1850e-01	9.5147	2.930890	-0.000363	-3.629362	-1.229661	-0.029127
 239	1.1900e-01	9.5484	3.185750	0.000635	6.351384	2.151907	0.050972
 240	1.1950e-01	9.6078	3.440611	0.000635	6.351384	2.151907	0.050972
 241	1.2000e-01	9.6270	3.185750	-0.000635	-6.351384	-2.151907	-0.050972
 242	1.2050e-01	9.7184	3.040116	-0.000363	-3.629362	-1.229661	-0.029127
 243	1.2100e-01	9.7200	3.622653	0.001452	14.517448	4.918645	0.116507
 244	1.2150e-01	9.7409	3.804696	0.000454	4.536703	1.537076	0.036409
 245	1.2200e-01	9.7842	3.986739	0.000454	4.536703	1.537076	0.036409
 246	1.2250e-01	9.8307	3.950331	-0.000091	-0.907341	-0.307415	-0.007282
 247	1.2300e-01	9.8612	3.950331	0.000000	0.000000	0.000000	0.000000
 248	1.2350e-01	9.8901	4.168782	0.000544	5.444043	1.844492	0.043690
 249	1.2400e-01	9.9543	4.132373	-0.000091	-0.907341	-0.307415	-0.007282
 250	1.2450e-01	9.9815	4.423642	0.000726	7.258724	2.459322	0.058254
 251	1.2500e-01	10.0136	4.532868	0.000272	2.722022	0.922246	0.021845
 252	1.2550e-01	10.0794	4.751319	0.000544	5.444043	1.844492	0.043690
 253	1.2600e-01	10.1339	4.969771	0.000544	5.444043	1.844492	0.043690
 254	1.2650e-01	10.1516	5.151814	0.000454	4.536703	1.537076	0.036409
 255	1.2700e-01	10.2093	4.969771	-0.000454	-4.536703	-1.537076	-0.036409
 256	1.2750e-01	10.2382	5.188222	0.000544	5.444043	1.844492	0.043690
 257	1.2800e-01	10.2799	5.370265	0.000454	4.536703	1.537076	0.036409
 258	1.2850e-01	10.3104	5.406674	0.000091	0.907341	0.307415	0.007282
 259	1.2900e-01	10.3521	5.333857	-0.000181	-1.814681	-0.614831	-0.014563
 260	1.2950e-01	10.3954	6.025619	0.001724	17.239470	5.840891	0.138353
 261	1.3000e-01	10.4371	6.062028	0.000091	0.907341	0.307415	0.007282
 262	1.3050e-01	10.4772	6.062028	0.000000	0.000000	0.000000	0.000000
 263	1.3100e-01	10.5286	5.952802	-0.000272	-2.722022	-0.922246	-0.021845
 264	1.3150e-01	10.5575	5.952802	0.000000	0.000000	0.000000	0.000000
 265	1.3200e-01	10.6008	6.608157	0.001633	16.332129	5.533475	0.131071
 266	1.3250e-01	10.6377	6.608157	0.000000	0.000000	0.000000	0.000000
 267	1.3300e-01	10.6970	6.426114	-0.000454	-4.536703	-1.537076	-0.036409
 268	1.3350e-01	10.7243	7.008651	0.001452	14.517448	4.918645	0.116507
 269	1.3400e-01	10.7676	7.008651	0.000000	0.000000	0.000000	0.000000
 270	1.3450e-01	10.7885	7.263511	0.000635	6.351384	2.151907	0.050972
 271	1.3500e-01	10.8462	7.154285	-0.000272	-2.722022	-0.922246	-0.021845
 272	1.3550e-01	10.8927	7.190694	0.000091	0.907341	0.307415	0.007282
 273	1.3600e-01	10.9345	7.481963	0.000726	7.258724	2.459322	0.058254
 274	1.3650e-01	10.9794	7.409145	-0.000181	-1.814681	-0.614831	-0.014563
 275	1.3700e-01	11.0179	7.372737	-0.000091	-0.907341	-0.307415	-0.007282
 276	1.3750e-01	11.0467	7.664005	0.000726	7.258724	2.459322	0.058254
 277	1.3800e-01	11.0692	7.882457	0.000544	5.444043	1.844492	0.043690
 278	1.3850e-01	11.1061	8.246543	0.000907	9.073405	3.074153	0.072817
 279	1.3900e-01	11.1639	8.028091	-0.000544	-5.444043	-1.844492	-0.043690
 280	1.3950e-01	11.1975	7.991683	-0.000091	-0.907341	-0.307415	-0.007282
 281	1.4000e-01	11.2425	8.792671	0.001996	19.961492	6.763136	0.160198
 282	1.4050e-01	11.2970	8.428586	-0.000907	-9.073405	-3.074153	-0.072817
 283	1.4100e-01	11.3227	8.610628	0.000454	4.536703	1.537076	0.036409
 284	1.4150e-01	11.3548	8.792671	0.000454	4.536703	1.537076	0.036409
 285	1.4200e-01	11.3660	8.901897	0.000272	2.722022	0.922246	0.021845
 286	1.4250e-01	11.4237	9.229574	0.000817	8.166065	2.766738	0.065535
 287	1.4300e-01	11.4735	9.229574	0.000000	0.000000	0.000000	0.000000
 288	1.4350e-01	11.5360	9.120349	-0.000272	-2.722022	-0.922246	-0.021845
 289	1.4400e-01	11.5473	9.156757	0.000091	0.907341	0.307415	0.007282
 290	1.4450e-01	11.5842	9.812111	0.001633	16.332129	5.533475	0.131071
 291	1.4500e-01	11.6291	9.593660	-0.000544	-5.444043	-1.844492	-0.043690
 292	1.4550e-01	11.6708	9.484434	-0.000272	-2.722022	-0.922246	-0.021845
 293	1.4600e-01	11.7141	9.812111	0.000817	8.166065	2.766738	0.065535
 294	1.4650e-01	11.7638	10.066972	0.000635	6.351384	2.151907	0.050972
 295	1.4700e-01	11.8007	10.139789	0.000181	1.814681	0.614831	0.014563
 296	1.4750e-01	11.8441	10.285423	0.000363	3.629362	1.229661	0.029127
 297	1.4800e-01	11.8745	10.103380	-0.000454	-4.536703	-1.537076	-0.036409
 298	1.4850e-01	11.9211	10.758734	0.001633	16.332129	5.533475	0.131071
 299	1.4900e-01	11.9467	10.831552	0.000181	1.814681	0.614831	0.014563
 300	1.4950e-01	11.9965	10.576692	-0.000635	-6.351384	-2.151907	-0.050972
 301	1.5000e-01	12.0253	11.013595	0.001089	10.888086	3.688983	0.087381
 302	1.5050e-01	12.0735	11.050003	0.000091	0.907341	0.307415	0.007282
 303	1.5100e-01	12.1232	11.268455	0.000544	5.444043	1.844492	0.043690
 304	1.5150e-01	12.1489	10.977186	-0.000726	-7.258724	-2.459322	-0.058254
 305	1.5200e-01	12.2162	11.523315	0.001361	13.610108	4.611229	0.109226
 306	1.5250e-01	12.2226	11.559723	0.000091	0.907341	0.307415	0.007282
 307	1.5300e-01	12.2660	11.887400	0.000817	8.166065	2.766738	0.065535
 308	1.5350e-01	12.3125	11.778175	-0.000272	-2.722022	-0.922246	-0.021845
 309	1.5400e-01	12.3414	12.105852	0.000817	8.166065	2.766738	0.065535
 310	1.5450e-01	12.3815	12.178669	0.000181	1.814681	0.614831	0.014563
 311	1.5500e-01	12.4136	11.778175	-0.000998	-9.980746	-3.381568	-0.080099
 312	1.5550e-01	12.4761	12.178669	0.000998	9.980746	3.381568	0.080099
 313	1.5600e-01	12.5371	12.251486	0.000181	1.814681	0.614831	0.014563
 314	1.5650e-01	12.5595	12.834023	0.001452	14.517448	4.918645	0.116507
 315	1.5700e-01	12.6045	12.651980	-0.000454	-4.536703	-1.537076	-0.036409
 316	1.5750e-01	12.6446	12.724798	0.000181	1.814681	0.614831	0.014563
 317	1.5800e-01	12.6478	12.943249	0.000544	5.444043	1.844492	0.043690
 318	1.5850e-01	12.7103	13.088883	0.000363	3.629362	1.229661	0.029127
 319	1.5900e-01	12.7312	12.797615	-0.000726	-7.258724	-2.459322	-0.058254
 320	1.5950e-01	12.7922	13.416561	0.001542	15.424789	5.226060	0.123789
 321	1.6000e-01	12.8419	13.088883	-0.000817	-8.166065	-2.766738	-0.065535
 322	1.6050e-01	12.8772	13.198109	0.000272	2.722022	0.922246	0.021845
 323	1.6100e-01	12.9077	13.635012	0.001089	10.888086	3.688983	0.087381
 324	1.6150e-01	12.9269	13.999098	0.000907	9.073405	3.074153	0.072817
 325	1.6200e-01	12.9766	13.999098	0.000000	0.000000	0.000000	0.000000
 326	1.6250e-01	13.0408	13.817055	-0.000454	-4.536703	-1.537076	-0.036409
 327	1.6300e-01	13.0761	13.889872	0.000181	1.814681	0.614831	0.014563
 328	1.6350e-01	13.1210	14.144732	0.000635	6.351384	2.151907	0.050972
 329	1.6400e-01	13.1531	14.399592	0.000635	6.351384	2.151907	0.050972
 330	1.6450e-01	13.1708	15.127764	0.001815	18.146810	6.148306	0.145634
 331	1.6500e-01	13.2141	14.945721	-0.000454	-4.536703	-1.537076	-0.036409
 332	1.6550e-01	13.2542	14.508818	-0.001089	-10.888086	-3.688983	-0.087381
 333	1.6600e-01	13.3167	14.872904	0.000907	9.073405	3.074153	0.072817
 334	1.6650e-01	13.3568	14.690861	-0.000454	-4.536703	-1.537076	-0.036409
 335	1.6700e-01	13.3857	15.018538	0.000817	8.166065	2.766738	0.065535
 336	1.6750e-01	13.4467	15.200581	0.000454	4.536703	1.537076	0.036409
 337	1.6800e-01	13.4932	14.836495	-0.000907	-9.073405	-3.074153	-0.072817
 338	1.6850e-01	13.5173	15.236989	0.000998	9.980746	3.381568	0.080099
 339	1.6900e-01	13.5510	15.309807	0.000181	1.814681	0.614831	0.014563
 340	1.6950e-01	13.5975	15.382624	0.000181	1.814681	0.614831	0.014563
 341	1.7000e-01	13.6312	16.183612	0.001996	19.961492	6.763136	0.160198
 342	1.7050e-01	13.6616	16.037978	-0.000363	-3.629362	-1.229661	-0.029127
 343	1.7100e-01	13.7130	16.074387	0.000091	0.907341	0.307415	0.007282
 344	1.7150e-01	13.7611	16.438472	0.000907	9.073405	3.074153	0.072817
 345	1.7200e-01	13.7755	16.074387	-0.000907	-9.073405	-3.074153	-0.072817
 346	1.7250e-01	13.8381	16.474881	0.000998	9.980746	3.381568	0.080099
 347	1.7300e-01	13.8766	16.329247	-0.000363	-3.629362	-1.229661	-0.029127
 348	1.7350e-01	13.9135	16.329247	0.000000	0.000000	0.000000	0.000000
 349	1.7400e-01	13.9472	17.021010	0.001724	17.239470	5.840891	0.138353
 350	1.7450e-01	13.9969	16.766150	-0.000635	-6.351384	-2.151907	-0.050972
 351	1.7500e-01	14.0306	17.057418	0.000726	7.258724	2.459322	0.058254
 352	1.7550e-01	14.0675	17.239461	0.000454	4.536703	1.537076	0.036409
 353	1.7600e-01	14.0932	17.530730	0.000726	7.258724	2.459322	0.058254
 354	1.7650e-01	14.1413	17.421504	-0.000272	-2.722022	-0.922246	-0.021845
 355	1.7700e-01	14.1830	17.894816	0.001180	11.795427	3.996399	0.094662
 356	1.7750e-01	14.2344	17.530730	-0.000907	-9.073405	-3.074153	-0.072817
 357	1.7800e-01	14.2697	17.567138	0.000091	0.907341	0.307415	0.007282
 358	1.7850e-01	14.3210	17.712773	0.000363	3.629362	1.229661	0.029127
 359	1.7900e-01	14.3611	17.931224	0.000544	5.444043	1.844492	0.043690
 360	1.7950e-01	14.3884	17.858407	-0.000181	-1.814681	-0.614831	-0.014563
 361	1.8000e-01	14.4044	18.040450	0.000454	4.536703	1.537076	0.036409
 362	1.8050e-01	14.4798	18.076858	0.000091	0.907341	0.307415	0.007282
 363	1.8100e-01	14.4975	17.967633	-0.000272	-2.722022	-0.922246	-0.021845
 364	1.8150e-01	14.5729	18.622987	0.001633	16.332129	5.533475	0.131071
 365	1.8200e-01	14.5793	18.768621	0.000363	3.629362	1.229661	0.029127
 366	1.8250e-01	14.6450	18.877847	0.000272	2.722022	0.922246	0.021845
 367	1.8300e-01	14.6707	18.732213	-0.000363	-3.629362	-1.229661	-0.029127
 368	1.8350e-01	14.7172	19.023481	0.000726	7.258724	2.459322	0.058254
 369	1.8400e-01	14.7686	18.987073	-0.000091	-0.907341	-0.307415	-0.007282
 370	1.8450e-01	14.8023	18.950664	-0.000091	-0.907341	-0.307415	-0.007282
 371	1.8500e-01	14.8392	19.387567	0.001089	10.888086	3.688983	0.087381
 372	1.8550e-01	14.8648	19.715244	0.000817	8.166065	2.766738	0.065535
 373	1.8600e-01	14.9178	19.678836	-0.000091	-0.907341	-0.307415	-0.007282
 374	1.8650e-01	14.9322	20.042922	0.000907	9.073405	3.074153	0.072817
 375	1.8700e-01	14.9867	20.042922	0.000000	0.000000	0.000000	0.000000
 376	1.8750e-01	15.0317	19.788062	-0.000635	-6.351384	-2.151907	-0.050972
 377	1.8800e-01	15.0573	20.079330	0.000726	7.258724	2.459322	0.058254
 378	1.8850e-01	15.1215	19.642427	-0.001089	-10.888086	-3.688983	-0.087381
 379	1.8900e-01	15.1584	20.334190	0.001724	17.239470	5.840891	0.138353
 380	1.8950e-01	15.1921	20.552642	0.000544	5.444043	1.844492	0.043690
 381	1.9000e-01	15.2242	21.135179	0.001452	14.517448	4.918645	0.116507
 382	1.9050e-01	15.2675	20.407007	-0.001815	-18.146810	-6.148306	-0.145634
 383	1.9100e-01	15.3252	20.953136	0.001361	13.610108	4.611229	0.109226
 384	1.9150e-01	15.3814	20.661867	-0.000726	-7.258724	-2.459322	-0.058254
 385	1.9200e-01	15.3942	20.989545	0.000817	8.166065	2.766738	0.065535
 386	1.9250e-01	15.4247	20.807502	-0.000454	-4.536703	-1.537076	-0.036409
 387	1.9300e-01	15.4520	20.880319	0.000181	1.814681	0.614831	0.014563
 388	1.9350e-01	15.5001	21.608490	0.001815	18.146810	6.148306	0.145634
 389	1.9400e-01	15.5434	21.353630	-0.000635	-6.351384	-2.151907	-0.050972
 390	1.9450e-01	15.6028	21.499265	0.000363	3.629362	1.229661	0.029127
 391	1.9500e-01	15.6284	21.608490	0.000272	2.722022	0.922246	0.021845
 392	1.9550e-01	15.6814	21.462856	-0.000363	-3.629362	-1.229661	-0.029127
 393	1.9600e-01	15.7183	21.462856	0.000000	0.000000	0.000000	0.000000
 394	1.9650e-01	15.7536	22.045393	0.001452	14.517448	4.918645	0.116507
 395	1.9700e-01	15.8033	22.045393	0.000000	0.000000	0.000000	0.000000
 396	1.9750e-01	15.8450	21.826942	-0.000544	-5.444043	-1.844492	-0.043690
 397	1.9800e-01	15.8723	22.154619	0.000817	8.166065	2.766738	0.065535
 398	1.9850e-01	15.9268	21.972576	-0.000454	-4.536703	-1.537076	-0.036409
 399	1.9900e-01	15.9429	22.555113	0.001452	14.517448	4.918645	0.116507
 400	1.9950e-01	15.9830	22.700748	0.000363	3.629362	1.229661	0.029127
 401	2.0000e-01	16.0520	22.591522	-0.000272	-2.722022	-0.922246	-0.021845
 402	2.0050e-01	16.0808	22.336662	-0.000635	-6.351384	-2.151907	-0.050972
 403	2.0100e-01	16.1177	22.555113	0.000544	5.444043	1.844492	0.043690
 404	2.0150e-01	16.1546	22.773565	0.000544	5.444043	1.844492	0.043690
 405	2.0200e-01	16.1915	23.174059	0.000998	9.980746	3.381568	0.080099
 406	2.0250e-01	16.2348	23.137651	-0.000091	-0.907341	-0.307415	-0.007282
 407	2.0300e-01	16.2765	23.028425	-0.000272	-2.722022	-0.922246	-0.021845
 408	2.0350e-01	16.3343	23.137651	0.000272	2.722022	0.922246	0.021845
 409	2.0400e-01	16.3455	23.902231	0.001905	19.054151	6.455721	0.152916
 410	2.0450e-01	16.3840	23.683779	-0.000544	-5.444043	-1.844492	-0.043690
 411	2.0500e-01	16.4418	23.756596	0.000181	1.814681	0.614831	0.014563
 412	2.0550e-01	16.4691	23.610962	-0.000363	-3.629362	-1.229661	-0.029127
 413	2.0600e-01	16.4979	24.084274	0.001180	11.795427	3.996399	0.094662
 414	2.0650e-01	16.5589	23.720188	-0.000907	-9.073405	-3.074153	-0.072817
 415	2.0700e-01	16.5894	24.193499	0.001180	11.795427	3.996399	0.094662
 416	2.0750e-01	16.6343	24.448359	0.000635	6.351384	2.151907	0.050972
 417	2.0800e-01	16.6776	24.120682	-0.000817	-8.166065	-2.766738	-0.065535
 418	2.0850e-01	16.7065	24.448359	0.000817	8.166065	2.766738	0.065535
 419	2.0900e-01	16.7771	24.302725	-0.000363	-3.629362	-1.229661	-0.029127
 420	2.0950e-01	16.8043	24.703219	0.000998	9.980746	3.381568	0.080099
 421	2.1000e-01	16.8444	24.666811	-0.000091	-0.907341	-0.307415	-0.007282
 422	2.1050e-01	16.8797	24.812445	0.000363	3.629362	1.229661	0.029127
 423	2.1100e-01	16.9086	24.848854	0.000091	0.907341	0.307415	0.007282
 424	2.1150e-01	16.9279	25.467800	0.001542	15.424789	5.226060	0.123789
 425	2.1200e-01	17.0161	25.212940	-0.000635	-6.351384	-2.151907	-0.050972
 426	2.1250e-01	17.0337	25.394982	0.000454	4.536703	1.537076	0.036409
 427	2.1300e-01	17.0706	25.540617	0.000363	3.629362	1.229661	0.029127
 428	2.1350e-01	17.1091	25.831885	0.000726	7.258724	2.459322	0.058254
 429	2.1400e-01	17.1557	25.613434	-0.000544	-5.444043	-1.844492	-0.043690
 430	2.1450e-01	17.1878	25.831885	0.000544	5.444043	1.844492	0.043690
 431	2.1500e-01	17.2150	26.013928	0.000454	4.536703	1.537076	0.036409
 432	2.1550e-01	17.2696	25.941111	-0.000181	-1.814681	-0.614831	-0.014563
 433	2.1600e-01	17.3033	26.123154	0.000454	4.536703	1.537076	0.036409
 434	2.1650e-01	17.3466	26.341605	0.000544	5.444043	1.844492	0.043690
 435	2.1700e-01	17.3851	26.378014	0.000091	0.907341	0.307415	0.007282
 436	2.1750e-01	17.4220	26.378014	0.000000	0.000000	0.000000	0.000000
 437	2.1800e-01	17.4573	26.341605	-0.000091	-0.907341	-0.307415	-0.007282
 438	2.1850e-01	17.5118	26.596465	0.000635	6.351384	2.151907	0.050972
 439	2.1900e-01	17.5551	26.414423	-0.000454	-4.536703	-1.537076	-0.036409
 440	2.1950e-01	17.5888	26.851326	0.001089	10.888086	3.688983	0.087381
 441	2.2000e-01	17.6257	26.814917	-0.000091	-0.907341	-0.307415	-0.007282
 442	2.2050e-01	17.6722	26.778508	-0.000091	-0.907341	-0.307415	-0.007282
 443	2.2100e-01	17.7123	26.851326	0.000181	1.814681	0.614831	0.014563
 444	2.2150e-01	17.7621	27.324637	0.001180	11.795427	3.996399	0.094662
 445	2.2200e-01	17.7893	27.652314	0.000817	8.166065	2.766738	0.065535
 446	2.2250e-01	17.8407	27.397454	-0.000635	-6.351384	-2.151907	-0.050972
 447	2.2300e-01	17.8760	27.433863	0.000091	0.907341	0.307415	0.007282
 448	2.2350e-01	17.9289	27.543088	0.000272	2.722022	0.922246	0.021845
 449	2.2400e-01	17.9321	27.979991	0.001089	10.888086	3.688983	0.087381
 450	2.2450e-01	17.9722	27.870766	-0.000272	-2.722022	-0.922246	-0.021845
 451	2.2500e-01	18.0476	27.797949	-0.000181	-1.814681	-0.614831	-0.014563
 452	2.2550e-01	18.0749	27.943583	0.000363	3.629362	1.229661	0.029127
 453	2.2600e-01	18.1150	28.780980	0.002087	20.868832	7.070552	0.167479
 454	2.2650e-01	18.1583	28.416894	-0.000907	-9.073405	-3.074153	-0.072817
 455	2.2700e-01	18.1727	28.380486	-0.000091	-0.907341	-0.307415	-0.007282
 456	2.2750e-01	18.2096	28.817389	0.001089	10.888086	3.688983	0.087381
 457	2.2800e-01	18.2706	28.489711	-0.000817	-8.166065	-2.766738	-0.065535
 458	2.2850e-01	18.3203	28.708163	0.000544	5.444043	1.844492	0.043690
 459	2.2900e-01	18.3540	28.671754	-0.000091	-0.907341	-0.307415	-0.007282
 460	2.2950e-01	18.4038	29.145066	0.001180	11.795427	3.996399	0.094662
 461	2.3000e-01	18.4374	28.926614	-0.000544	-5.444043	-1.844492	-0.043690
 462	2.3050e-01	18.4824	29.035840	0.000272	2.722022	0.922246	0.021845
 463	2.3100e-01	18.5145	29.436334	0.000998	9.980746	3.381568	0.080099
 464	2.3150e-01	18.5578	28.999432	-0.001089	-10.888086	-3.688983	-0.087381
 465	2.3200e-01	18.5931	29.145066	0.000363	3.629362	1.229661	0.029127
 466	2.3250e-01	18.6171	29.327109	0.000454	4.536703	1.537076	0.036409
 467	2.3300e-01	18.6749	29.691195	0.000907	9.073405	3.074153	0.072817
 468	2.3350e-01	18.7326	29.327109	-0.000907	-9.073405	-3.074153	-0.072817
 469	2.3400e-01	18.7551	29.909646	0.001452	14.517448	4.918645	0.116507
 470	2.3450e-01	18.7888	29.909646	0.000000	0.000000	0.000000	0.000000
 471	2.3500e-01	18.8128	30.055280	0.000363	3.629362	1.229661	0.029127
 472	2.3550e-01	18.8882	29.836829	-0.000544	-5.444043	-1.844492	-0.043690
 473	2.3600e-01	18.9187	30.055280	0.000544	5.444043	1.844492	0.043690
 474	2.3650e-01	18.9380	30.637818	0.001452	14.517448	4.918645	0.116507
 475	2.3700e-01	18.9877	30.492183	-0.000363	-3.629362	-1.229661	-0.029127
 476	2.3750e-01	19.0182	30.382957	-0.000272	-2.722022	-0.922246	-0.021845
 477	2.3800e-01	19.0840	30.747043	0.000907	9.073405	3.074153	0.072817
 478	2.3850e-01	19.1112	30.710635	-0.000091	-0.907341	-0.307415	-0.007282
 479	2.3900e-01	19.1337	30.747043	0.000091	0.907341	0.307415	0.007282
 480	2.3950e-01	19.1866	31.111129	0.000907	9.073405	3.074153	0.072817
 481	2.4000e-01	19.2171	31.183946	0.000181	1.814681	0.614831	0.014563
 482	2.4050e-01	19.2733	31.038312	-0.000363	-3.629362	-1.229661	-0.029127
 483	2.4100e-01	19.3182	31.183946	0.000363	3.629362	1.229661	0.029127
 484	2.4150e-01	19.3454	31.256763	0.000181	1.814681	0.614831	0.014563
 485	2.4200e-01	19.3920	31.365989	0.000272	2.722022	0.922246	0.021845
 486	2.4250e-01	19.4369	31.475215	0.000272	2.722022	0.922246	0.021845
 487	2.4300e-01	19.4930	31.693666	0.000544	5.444043	1.844492	0.043690
 488	2.4350e-01	19.5203	31.802892	0.000272	2.722022	0.922246	0.021845
 489	2.4400e-01	19.5396	31.657258	-0.000363	-3.629362	-1.229661	-0.029127
 490	2.4450e-01	19.5813	31.839301	0.000454	4.536703	1.537076	0.036409
 491	2.4500e-01	19.6486	32.276203	0.001089	10.888086	3.688983	0.087381
 492	2.4550e-01	19.6679	32.203386	-0.000181	-1.814681	-0.614831	-0.014563
 493	2.4600e-01	19.7096	31.948526	-0.000635	-6.351384	-2.151907	-0.050972
 494	2.4650e-01	19.7609	32.203386	0.000635	6.351384	2.151907	0.050972
 495	2.4700e-01	19.7882	32.421838	0.000544	5.444043	1.844492	0.043690
 496	2.4750e-01	19.8347	32.385429	-0.000091	-0.907341	-0.307415	-0.007282
 497	2.4800e-01	19.8620	32.822332	0.001089	10.888086	3.688983	0.087381
 498	2.4850e-01	19.9198	32.494655	-0.000817	-8.166065	-2.766738	-0.065535
 499	2.4900e-01	19.9567	32.822332	0.000817	8.166065	2.766738	0.065535
 500	2.4950e-01	19.9839	32.895149	0.000181	1.814681	0.614831	0.014563
 501	2.5000e-01	20.0449	33.040784	0.000363	3.629362	1.229661	0.029127
 502	2.5050e-01	20.0016	32.822332	0.000544	5.444043	1.844492	-0.043690
 503	2.5100e-01	19.9551	32.822332	-0.000000	-0.000000	-0.000000	0.000000
 504	2.5150e-01	19.9021	32.531064	0.000726	7.258724	2.459322	-0.058254
 505	2.5200e-01	19.8476	32.640289	-0.000272	-2.722022	-0.922246	0.021845
 506	2.5250e-01	19.8107	32.531064	0.000272	2.722022	0.922246	-0.021845
 507	2.5300e-01	19.7866	32.166978	0.000907	9.073405	3.074153	-0.072817
 508	2.5350e-01	19.7305	32.385429	-0.000544	-5.444043	-1.844492	0.043690
 509	2.5400e-01	19.6904	32.203386	0.000454	4.536703	1.537076	-0.036409
 510	2.5450e-01	19.6486	31.584441	0.001542	15.424789	5.226060	-0.123789
 511	2.5500e-01	19.6342	32.057752	-0.001180	-11.795427	-3.996399	0.094662
 512	2.5550e-01	19.5732	31.984935	0.000181	1.814681	0.614831	-0.014563
 513	2.5600e-01	19.5492	31.912118	0.000181	1.814681	0.614831	-0.014563
 514	2.5650e-01	19.4802	31.657258	0.000635	6.351384	2.151907	-0.050972
 515	2.5700e-01	19.4626	31.912118	-0.000635	-6.351384	-2.151907	0.050972
 516	2.5750e-01	19.4160	31.693666	0.000544	5.444043	1.844492	-0.043690
 517	2.5800e-01	19.3904	31.402398	0.000726	7.258724	2.459322	-0.058254
 518	2.5850e-01	19.3390	31.438806	-0.000091	-0.907341	-0.307415	0.007282
 519	2.5900e-01	19.3118	31.183946	0.000635	6.351384	2.151907	-0.050972
 520	2.5950e-01	19.2781	31.183946	-0.000000	-0.000000	-0.000000	0.000000
 521	2.6000e-01	19.2091	30.856269	0.000817	8.166065	2.766738	-0.065535
 522	2.6050e-01	19.1962	31.038312	-0.000454	-4.536703	-1.537076	0.036409
 523	2.6100e-01	19.1385	31.293172	-0.000635	-6.351384	-2.151907	0.050972
 524	2.6150e-01	19.1064	30.965495	0.000817	8.166065	2.766738	-0.065535
 525	2.6200e-01	19.0711	30.929086	0.000091	0.907341	0.307415	-0.007282
 526	2.6250e-01	19.0262	30.565000	0.000907	9.073405	3.074153	-0.072817
 527	2.6300e-01	18.9668	30.637818	-0.000181	-1.814681	-0.614831	0.014563
 528	2.6350e-01	18.9396	30.382957	0.000635	6.351384	2.151907	-0.050972
 529	2.6400e-01	18.9123	30.455775	-0.000181	-1.814681	-0.614831	0.014563
 530	2.6450e-01	18.8722	30.128097	0.000817	8.166065	2.766738	-0.065535
 531	2.6500e-01	18.8241	30.055280	0.000181	1.814681	0.614831	-0.014563
 532	2.6550e-01	18.7824	30.237323	-0.000454	-4.536703	-1.537076	0.036409
 533	2.6600e-01	18.7326	30.164506	0.000181	1.814681	0.614831	-0.014563
 534	2.6650e-01	18.7166	29.873237	0.000726	7.258724	2.459322	-0.058254
 535	2.6700e-01	18.6604	30.055280	-0.000454	-4.536703	-1.537076	0.036409
 536	2.6750e-01	18.6091	30.273732	-0.000544	-5.444043	-1.844492	0.043690
 537	2.6800e-01	18.5642	29.800420	0.001180	11.795427	3.996399	-0.094662
 538	2.6850e-01	18.5385	29.509152	0.000726	7.258724	2.459322	-0.058254
 539	2.6900e-01	18.5064	29.691195	-0.000454	-4.536703	-1.537076	0.036409
 540	2.6950e-01	18.4583	29.581969	0.000272	2.722022	0.922246	-0.021845
 541	2.7000e-01	18.4278	29.327109	0.000635	6.351384	2.151907	-0.050972
 542	2.7050e-01	18.3877	29.436334	-0.000272	-2.722022	-0.922246	0.021845
 543	2.7100e-01	18.3444	29.363517	0.000181	1.814681	0.614831	-0.014563
 544	2.7150e-01	18.3107	29.290700	0.000181	1.814681	0.614831	-0.014563
 545	2.7200e-01	18.2626	29.254292	0.000091	0.907341	0.307415	-0.007282
 546	2.7250e-01	18.2369	28.780980	0.001180	11.795427	3.996399	-0.094662
 547	2.7300e-01	18.1856	29.072249	-0.000726	-7.258724	-2.459322	0.058254
 548	2.7350e-01	18.1535	28.999432	0.000181	1.814681	0.614831	-0.014563
 549	2.7400e-01	18.0957	28.744572	0.000635	6.351384	2.151907	-0.050972
 550	2.7450e-01	18.0460	28.416894	0.000817	8.166065	2.766738	-0.065535
 551	2.7500e-01	18.0043	28.234851	0.000454	4.536703	1.537076	-0.036409
 552	2.7550e-01	17.9722	28.307669	-0.000181	-1.814681	-0.614831	0.014563
 553	2.7600e-01	17.9626	28.162034	0.000363	3.629362	1.229661	-0.029127
 554	2.7650e-01	17.8984	28.125626	0.000091	0.907341	0.307415	-0.007282
 555	2.7700e-01	17.8712	28.489711	-0.000907	-9.073405	-3.074153	0.072817
 556	2.7750e-01	17.8327	28.344077	0.000363	3.629362	1.229661	-0.029127
 557	2.7800e-01	17.7685	28.125626	0.000544	5.444043	1.844492	-0.043690
 558	2.7850e-01	17.7540	27.761540	0.000907	9.073405	3.074153	-0.072817
 559	2.7900e-01	17.7075	27.615906	0.000363	3.629362	1.229661	-0.029127
 560	2.7950e-01	17.6530	27.943583	-0.000817	-8.166065	-2.766738	0.065535
 561	2.8000e-01	17.6257	27.324637	0.001542	15.424789	5.226060	-0.123789
 562	2.8050e-01	17.5888	27.506680	-0.000454	-4.536703	-1.537076	0.036409
 563	2.8100e-01	17.5423	27.433863	0.000181	1.814681	0.614831	-0.014563
 564	2.8150e-01	17.5134	27.543088	-0.000272	-2.722022	-0.922246	0.021845
 565	2.8200e-01	17.4460	27.251820	0.000726	7.258724	2.459322	-0.058254
 566	2.8250e-01	17.4220	27.251820	-0.000000	-0.000000	-0.000000	0.000000
 567	2.8300e-01	17.3947	27.179003	0.000181	1.814681	0.614831	-0.014563
 568	2.8350e-01	17.3418	26.996960	0.000454	4.536703	1.537076	-0.036409
 569	2.8400e-01	17.3065	26.887734	0.000272	2.722022	0.922246	-0.021845
 570	2.8450e-01	17.2631	26.924143	-0.000091	-0.907341	-0.307415	0.007282
 571	2.8500e-01	17.2006	26.705691	0.000544	5.444043	1.844492	-0.043690
 572	2.8550e-01	17.1861	26.414423	0.000726	7.258724	2.459322	-0.058254
 573	2.8600e-01	17.1460	26.596465	-0.000454	-4.536703	-1.537076	0.036409
 574	2.8650e-01	17.0947	26.414423	0.000454	4.536703	1.537076	-0.036409
 575	2.8700e-01	17.0578	26.596465	-0.000454	-4.536703	-1.537076	0.036409
 576	2.8750e-01	17.0321	26.378014	0.000544	5.444043	1.844492	-0.043690
 577	2.8800e-01	16.9712	26.159563	0.000544	5.444043	1.844492	-0.043690
 578	2.8850e-01	16.9487	25.904703	0.000635	6.351384	2.151907	-0.050972
 579	2.8900e-01	16.8958	25.831885	0.000181	1.814681	0.614831	-0.014563
 580	2.8950e-01	16.8541	25.795477	0.000091	0.907341	0.307415	-0.007282
 581	2.9000e-01	16.8477	25.649842	0.000363	3.629362	1.229661	-0.029127
 582	2.9050e-01	16.7979	25.649842	-0.000000	-0.000000	-0.000000	0.000000
 583	2.9100e-01	16.7434	25.358574	0.000726	7.258724	2.459322	-0.058254
 584	2.9150e-01	16.6888	25.540617	-0.000454	-4.536703	-1.537076	0.036409
 585	2.9200e-01	16.6696	25.467800	0.000181	1.814681	0.614831	-0.014563
 586	2.9250e-01	16.6311	25.140122	0.000817	8.166065	2.766738	-0.065535
 587	2.9300e-01	16.5830	25.176531	-0.000091	-0.907341	-0.307415	0.007282
 588	2.9350e-01	16.5509	25.140122	0.000091	0.907341	0.307415	-0.007282
 589	2.9400e-01	16.4931	24.958080	0.000454	4.536703	1.537076	-0.036409
 590	2.9450e-01	16.4771	24.848854	0.000272	2.722022	0.922246	-0.021845
 591	2.9500e-01	16.4289	24.593994	0.000635	6.351384	2.151907	-0.050972
 592	2.9550e-01	16.3872	24.739628	-0.000363	-3.629362	-1.229661	0.029127
 593	2.9600e-01	16.3487	24.266317	0.001180	11.795427	3.996399	-0.094662
 594	2.9650e-01	16.3038	24.812445	-0.001361	-13.610108	-4.611229	0.109226
 595	2.9700e-01	16.2685	24.484768	0.000817	8.166065	2.766738	-0.065535
 596	2.9750e-01	16.2220	24.593994	-0.000272	-2.722022	-0.922246	0.021845
 597	2.9800e-01	16.1691	24.229908	0.000907	9.073405	3.074153	-0.072817
 598	2.9850e-01	16.1434	23.975048	0.000635	6.351384	2.151907	-0.050972
 599	2.9900e-01	16.1017	23.829414	0.000363	3.629362	1.229661	-0.029127
 600	2.9950e-01	16.0520	24.120682	-0.000726	-7.258724	-2.459322	0.058254
 601	3.0000e-01	16.0118	23.975048	0.000363	3.629362	1.229661	-0.029127
 602	3.0050e-01	15.9798	23.538145	0.001089	10.888086	3.688983	-0.087381
 603	3.0100e-01	15.9461	24.084274	-0.001361	-13.610108	-4.611229	0.109226
 604	3.0150e-01	15.9092	23.501736	0.001452	14.517448	4.918645	-0.116507
 605	3.0200e-01	15.8723	23.210468	0.000726	7.258724	2.459322	-0.058254
 606	3.0250e-01	15.8306	23.356102	-0.000363	-3.629362	-1.229661	0.029127
 607	3.0300e-01	15.7776	23.392511	-0.000091	-0.907341	-0.307415	0.007282
 608	3.0350e-01	15.7263	23.174059	0.000544	5.444043	1.844492	-0.043690
 609	3.0400e-01	15.6830	23.137651	0.000091	0.907341	0.307415	-0.007282
 610	3.0450e-01	15.6284	23.174059	-0.000091	-0.907341	-0.307415	0.007282
 611	3.0500e-01	15.6092	23.064834	0.000272	2.722022	0.922246	-0.021845
 612	3.0550e-01	15.5787	22.919199	0.000363	3.629362	1.229661	-0.029127
 613	3.0600e-01	15.5530	22.445888	0.001180	11.795427	3.996399	-0.094662
 614	3.0650e-01	15.4905	22.664339	-0.000544	-5.444043	-1.844492	0.043690
 615	3.0700e-01	15.4712	22.518705	0.000363	3.629362	1.229661	-0.029127
 616	3.0750e-01	15.4263	22.191028	0.000817	8.166065	2.766738	-0.065535
 617	3.0800e-01	15.4006	21.936168	0.000635	6.351384	2.151907	-0.050972
 618	3.0850e-01	15.3541	22.227436	-0.000726	-7.258724	-2.459322	0.058254
 619	3.0900e-01	15.3028	21.972576	0.000635	6.351384	2.151907	-0.050972
 620	3.0950e-01	15.2546	22.045393	-0.000181	-1.814681	-0.614831	0.014563
 621	3.1000e-01	15.2210	21.972576	0.000181	1.814681	0.614831	-0.014563
 622	3.1050e-01	15.1873	21.863350	0.000272	2.722022	0.922246	-0.021845
 623	3.1100e-01	15.1520	21.462856	0.000998	9.980746	3.381568	-0.080099
 624	3.1150e-01	15.1119	21.608490	-0.000363	-3.629362	-1.229661	0.029127
 625	3.1200e-01	15.0637	21.608490	-0.000000	-0.000000	-0.000000	0.000000
 626	3.1250e-01	15.0301	21.280813	0.000817	8.166065	2.766738	-0.065535
 627	3.1300e-01	14.9771	21.025953	0.000635	6.351384	2.151907	-0.050972
 628	3.1350e-01	14.9563	21.207996	-0.000454	-4.536703	-1.537076	0.036409
 629	3.1400e-01	14.9113	20.880319	0.000817	8.166065	2.766738	-0.065535
 630	3.1450e-01	14.8696	21.171588	-0.000726	-7.258724	-2.459322	0.058254
 631	3.1500e-01	14.8087	20.771093	0.000998	9.980746	3.381568	-0.080099
 632	3.1550e-01	14.7830	20.771093	-0.000000	-0.000000	-0.000000	0.000000
 633	3.1600e-01	14.7413	20.443416	0.000817	8.166065	2.766738	-0.065535
 634	3.1650e-01	14.7076	20.698276	-0.000635	-6.351384	-2.151907	0.050972
 635	3.1700e-01	14.6803	20.334190	0.000907	9.073405	3.074153	-0.072817
 636	3.1750e-01	14.6482	20.261373	0.000181	1.814681	0.614831	-0.014563
 637	3.1800e-01	14.5761	20.625459	-0.000907	-9.073405	-3.074153	0.072817
 638	3.1850e-01	14.5456	20.152147	0.001180	11.795427	3.996399	-0.094662
 639	3.1900e-01	14.5279	20.297782	-0.000363	-3.629362	-1.229661	0.029127
 640	3.1950e-01	14.4718	19.970104	0.000817	8.166065	2.766738	-0.065535
 641	3.2000e-01	14.4333	19.423976	0.001361	13.610108	4.611229	-0.109226
 642	3.2050e-01	14.3627	19.751653	-0.000817	-8.166065	-2.766738	0.065535
 643	3.2100e-01	14.3418	19.824470	-0.000181	-1.814681	-0.614831	0.014563
 644	3.2150e-01	14.3210	19.751653	0.000181	1.814681	0.614831	-0.014563
 645	3.2200e-01	14.2809	19.059890	0.001724	17.239470	5.840891	-0.138353
 646	3.2250e-01	14.2087	19.278342	-0.000544	-5.444043	-1.844492	0.043690
 647	3.2300e-01	14.1830	19.059890	0.000544	5.444043	1.844492	-0.043690
 648	3.2350e-01	14.1365	19.059890	-0.000000	-0.000000	-0.000000	0.000000
 649	3.2400e-01	14.1028	19.241933	-0.000454	-4.536703	-1.537076	0.036409
 650	3.2450e-01	14.0563	19.241933	-0.000000	-0.000000	-0.000000	0.000000
 651	3.2500e-01	14.0322	19.132707	0.000272	2.722022	0.922246	-0.021845
 652	3.2550e-01	13.9921	18.404536	0.001815	18.146810	6.148306	-0.145634
 653	3.2600e-01	13.9360	18.877847	-0.001180	-11.795427	-3.996399	0.094662
 654	3.2650e-01	13.8927	18.076858	0.001996	19.961492	6.763136	-0.160198
 655	3.2700e-01	13.8718	18.477353	-0.000998	-9.980746	-3.381568	0.080099
 656	3.2750e-01	13.8381	18.222493	0.000635	6.351384	2.151907	-0.050972
 657	3.2800e-01	13.7964	18.222493	-0.000000	-0.000000	-0.000000	0.000000
 658	3.2850e-01	13.7515	18.040450	0.000454	4.536703	1.537076	-0.036409
 659	3.2900e-01	13.7162	18.076858	-0.000091	-0.907341	-0.307415	0.007282
 660	3.2950e-01	13.6713	17.821998	0.000635	6.351384	2.151907	-0.050972
 661	3.3000e-01	13.6247	18.076858	-0.000635	-6.351384	-2.151907	0.050972
 662	3.3050e-01	13.5814	17.567138	0.001270	12.702767	4.303814	-0.101944
 663	3.3100e-01	13.5445	17.639956	-0.000181	-1.814681	-0.614831	0.014563
 664	3.3150e-01	13.4852	17.348687	0.000726	7.258724	2.459322	-0.058254
 665	3.3200e-01	13.4435	17.567138	-0.000544	-5.444043	-1.844492	0.043690
 666	3.3250e-01	13.4034	17.457913	0.000272	2.722022	0.922246	-0.021845
 667	3.3300e-01	13.3825	16.838967	0.001542	15.424789	5.226060	-0.123789
 668	3.3350e-01	13.3440	17.166644	-0.000817	-8.166065	-2.766738	0.065535
 669	3.3400e-01	13.2911	16.547698	0.001542	15.424789	5.226060	-0.123789
 670	3.3450e-01	13.2686	16.766150	-0.000544	-5.444043	-1.844492	0.043690
 671	3.3500e-01	13.2253	16.656924	0.000272	2.722022	0.922246	-0.021845
 672	3.3550e-01	13.1836	16.693333	-0.000091	-0.907341	-0.307415	0.007282
 673	3.3600e-01	13.1258	16.438472	0.000635	6.351384	2.151907	-0.050972
 674	3.3650e-01	13.0986	16.256430	0.000454	4.536703	1.537076	-0.036409
 675	3.3700e-01	13.0665	16.110795	0.000363	3.629362	1.229661	-0.029127
 676	3.3750e-01	13.0264	16.183612	-0.000181	-1.814681	-0.614831	0.014563
 677	3.3800e-01	12.9510	16.256430	-0.000181	-1.814681	-0.614831	0.014563
 678	3.3850e-01	12.9109	16.256430	-0.000000	-0.000000	-0.000000	0.000000
 679	3.3900e-01	12.9061	16.256430	-0.000000	-0.000000	-0.000000	0.000000
 680	3.3950e-01	12.8836	15.528258	0.001815	18.146810	6.148306	-0.145634
 681	3.4000e-01	12.8258	15.783118	-0.000635	-6.351384	-2.151907	0.050972
 682	3.4050e-01	12.7938	15.637484	0.000363	3.629362	1.229661	-0.029127
 683	3.4100e-01	12.7553	15.746710	-0.000272	-2.722022	-0.922246	0.021845
 684	3.4150e-01	12.7216	15.309807	0.001089	10.888086	3.688983	-0.087381
 685	3.4200e-01	12.6638	14.945721	0.000907	9.073405	3.074153	-0.072817
 686	3.4250e-01	12.6349	15.127764	-0.000454	-4.536703	-1.537076	0.036409
 687	3.4300e-01	12.5916	15.018538	0.000272	2.722022	0.922246	-0.021845
 688	3.4350e-01	12.5595	14.800087	0.000544	5.444043	1.844492	-0.043690
 689	3.4400e-01	12.5178	14.727269	0.000181	1.814681	0.614831	-0.014563
 690	3.4450e-01	12.4841	14.326775	0.000998	9.980746	3.381568	-0.080099
 691	3.4500e-01	12.4280	14.618044	-0.000726	-7.258724	-2.459322	0.058254
 692	3.4550e-01	12.3927	14.326775	0.000726	7.258724	2.459322	-0.058254
 693	3.4600e-01	12.3526	14.472409	-0.000363	-3.629362	-1.229661	0.029127
 694	3.4650e-01	12.2980	14.436001	0.000091	0.907341	0.307415	-0.007282
 695	3.4700e-01	12.2660	14.071915	0.000907	9.073405	3.074153	-0.072817
 696	3.4750e-01	12.2194	14.217549	-0.000363	-3.629362	-1.229661	0.029127
 697	3.4800e-01	12.1922	13.999098	0.000544	5.444043	1.844492	-0.043690
 698	3.4850e-01	12.1456	13.780646	0.000544	5.444043	1.844492	-0.043690
 699	3.4900e-01	12.0991	13.744238	0.000091	0.907341	0.307415	-0.007282
 700	3.4950e-01	12.0719	13.307335	0.001089	10.888086	3.688983	-0.087381
 701	3.5000e-01	12.0269	13.598603	-0.000726	-7.258724	-2.459322	0.058254
 702	3.5050e-01	11.9756	12.979658	0.001542	15.424789	5.226060	-0.123789
 703	3.5100e-01	11.9403	13.234518	-0.000635	-6.351384	-2.151907	0.050972
 704	3.5150e-01	11.9098	13.125292	0.000272	2.722022	0.922246	-0.021845
 705	3.5200e-01	11.8954	12.797615	0.000817	8.166065	2.766738	-0.065535
 706	3.5250e-01	11.8248	12.542755	0.000635	6.351384	2.151907	-0.050972
 707	3.5300e-01	11.8055	12.615572	-0.000181	-1.814681	-0.614831	0.014563
 708	3.5350e-01	11.7366	12.834023	-0.000544	-5.444043	-1.844492	0.043690
 709	3.5400e-01	11.7029	12.615572	0.000544	5.444043	1.844492	-0.043690
 710	3.5450e-01	11.6515	12.397120	0.000544	5.444043	1.844492	-0.043690
 711	3.5500e-01	11.6162	12.142260	0.000635	6.351384	2.151907	-0.050972
 712	3.5550e-01	11.6082	12.069443	0.000181	1.814681	0.614831	-0.014563
 713	3.5600e-01	11.5697	11.996626	0.000181	1.814681	0.614831	-0.014563
 714	3.5650e-01	11.4959	12.069443	-0.000181	-1.814681	-0.614831	0.014563
 715	3.5700e-01	11.4687	11.741766	0.000817	8.166065	2.766738	-0.065535
 716	3.5750e-01	11.4205	11.486906	0.000635	6.351384	2.151907	-0.050972
 717	3.5800e-01	11.3868	11.632540	-0.000363	-3.629362	-1.229661	0.029127
 718	3.5850e-01	11.3403	11.596132	0.000091	0.907341	0.307415	-0.007282
 719	3.5900e-01	11.2890	11.450497	0.000363	3.629362	1.229661	-0.029127
 720	3.5950e-01	11.2697	11.195637	0.000635	6.351384	2.151907	-0.050972
 721	3.6000e-01	11.2280	11.195637	-0.000000	-0.000000	-0.000000	0.000000
 722	3.6050e-01	11.1799	11.013595	0.000454	4.536703	1.537076	-0.036409
 723	3.6100e-01	11.1350	10.977186	0.000091	0.907341	0.307415	-0.007282
 724	3.6150e-01	11.0933	10.977186	-0.000000	-0.000000	-0.000000	0.000000
 725	3.6200e-01	11.0740	10.685917	0.000726	7.258724	2.459322	-0.058254
 726	3.6250e-01	11.0227	10.285423	0.000998	9.980746	3.381568	-0.080099
 727	3.6300e-01	10.9842	10.249014	0.000091	0.907341	0.307415	-0.007282
 728	3.6350e-01	10.9328	10.649509	-0.000998	-9.980746	-3.381568	0.080099
 729	3.6400e-01	10.8831	10.103380	0.001361	13.610108	4.611229	-0.109226
 730	3.6450e-01	10.8687	10.321832	-0.000544	-5.444043	-1.844492	0.043690
 731	3.6500e-01	10.8157	9.593660	0.001815	18.146810	6.148306	-0.145634
 732	3.6550e-01	10.7772	10.066972	-0.001180	-11.795427	-3.996399	0.094662
 733	3.6600e-01	10.7163	9.666477	0.000998	9.980746	3.381568	-0.080099
 734	3.6650e-01	10.6954	9.994154	-0.000817	-8.166065	-2.766738	0.065535
 735	3.6700e-01	10.6377	9.448026	0.001361	13.610108	4.611229	-0.109226
 736	3.6750e-01	10.6152	9.593660	-0.000363	-3.629362	-1.229661	0.029127
 737	3.6800e-01	10.5783	9.265983	0.000817	8.166065	2.766738	-0.065535
 738	3.6850e-01	10.5575	9.120349	0.000363	3.629362	1.229661	-0.029127
 739	3.6900e-01	10.5382	8.829080	0.000726	7.258724	2.459322	-0.058254
 740	3.6950e-01	10.5061	8.610628	0.000544	5.444043	1.844492	-0.043690
 741	3.7000e-01	10.4387	8.610628	-0.000000	-0.000000	-0.000000	0.000000
 742	3.7050e-01	10.3922	8.319360	0.000726	7.258724	2.459322	-0.058254
 743	3.7100e-01	10.3425	8.756263	-0.001089	-10.888086	-3.688983	0.087381
 744	3.7150e-01	10.2992	8.392177	0.000907	9.073405	3.074153	-0.072817
 745	3.7200e-01	10.2510	8.501403	-0.000272	-2.722022	-0.922246	0.021845
 746	3.7250e-01	10.2174	8.246543	0.000635	6.351384	2.151907	-0.050972
 747	3.7300e-01	10.1789	8.501403	-0.000635	-6.351384	-2.151907	0.050972
 748	3.7350e-01	10.1355	8.028091	0.001180	11.795427	3.996399	-0.094662
 749	3.7400e-01	10.1211	7.518371	0.001270	12.702767	4.303814	-0.101944
 750	3.7450e-01	10.0553	8.064500	-0.001361	-13.610108	-4.611229	0.109226
 751	3.7500e-01	10.0249	7.554780	0.001270	12.702767	4.303814	-0.101944
 752	3.7550e-01	9.9847	7.481963	0.000181	1.814681	0.614831	-0.014563
 753	3.7600e-01	9.9446	7.409145	0.000181	1.814681	0.614831	-0.014563
 754	3.7650e-01	9.8773	7.227103	0.000454	4.536703	1.537076	-0.036409
 755	3.7700e-01	9.8757	7.154285	0.000181	1.814681	0.614831	-0.014563
 756	3.7750e-01	9.8339	7.117877	0.000091	0.907341	0.307415	-0.007282
 757	3.7800e-01	9.8003	6.462522	0.001633	16.332129	5.533475	-0.131071
 758	3.7850e-01	9.7473	6.389705	0.000181	1.814681	0.614831	-0.014563
 759	3.7900e-01	9.7040	6.680974	-0.000726	-7.258724	-2.459322	0.058254
 760	3.7950e-01	9.6655	6.498931	0.000454	4.536703	1.537076	-0.036409
 761	3.8000e-01	9.6110	6.244071	0.000635	6.351384	2.151907	-0.050972
 762	3.8050e-01	9.5981	6.171254	0.000181	1.814681	0.614831	-0.014563
 763	3.8100e-01	9.5291	5.916394	0.000635	6.351384	2.151907	-0.050972
 764	3.8150e-01	9.5019	5.879985	0.000091	0.907341	0.307415	-0.007282
 765	3.8200e-01	9.4409	5.734351	0.000363	3.629362	1.229661	-0.029127
 766	3.8250e-01	9.4088	5.443082	0.000726	7.258724	2.459322	-0.058254
 767	3.8300e-01	9.3832	5.770759	-0.000817	-8.166065	-2.766738	0.065535
 768	3.8350e-01	9.3270	5.697942	0.000181	1.814681	0.614831	-0.014563
 769	3.8400e-01	9.2837	5.406674	0.000726	7.258724	2.459322	-0.058254
 770	3.8450e-01	9.2500	5.370265	0.000091	0.907341	0.307415	-0.007282
 771	3.8500e-01	9.2083	5.406674	-0.000091	-0.907341	-0.307415	0.007282
 772	3.8550e-01	9.1810	4.824136	0.001452	14.517448	4.918645	-0.116507
 773	3.8600e-01	9.1425	4.969771	-0.000363	-3.629362	-1.229661	0.029127
 774	3.8650e-01	9.1201	5.006179	-0.000091	-0.907341	-0.307415	0.007282
 775	3.8700e-01	9.0735	4.350825	0.001633	16.332129	5.533475	-0.131071
 776	3.8750e-01	9.0158	4.751319	-0.000998	-9.980746	-3.381568	0.080099
 777	3.8800e-01	8.9821	4.278008	0.001180	11.795427	3.996399	-0.094662
 778	3.8850e-01	8.9468	4.278008	-0.000000	-0.000000	-0.000000	0.000000
 779	3.8900e-01	8.8939	4.095965	0.000454	4.536703	1.537076	-0.036409
 780	3.8950e-01	8.8650	3.950331	0.000363	3.629362	1.229661	-0.029127
 781	3.9000e-01	8.8265	3.549836	0.000998	9.980746	3.381568	-0.080099
 782	3.9050e-01	8.7768	3.986739	-0.001089	-10.888086	-3.688983	0.087381
 783	3.9100e-01	8.7350	3.294976	0.001724	17.239470	5.840891	-0.138353
 784	3.9150e-01	8.6982	3.440611	-0.000363	-3.629362	-1.229661	0.029127
 785	3.9200e-01	8.6837	3.222159	0.000544	5.444043	1.844492	-0.043690
 786	3.9250e-01	8.6276	3.331385	-0.000272	-2.722022	-0.922246	0.021845
 787	3.9300e-01	8.5490	3.404202	-0.000181	-1.814681	-0.614831	0.014563
 788	3.9350e-01	8.5249	3.222159	0.000454	4.536703	1.537076	-0.036409
 789	3.9400e-01	8.4944	3.076525	0.000363	3.629362	1.229661	-0.029127
 790	3.9450e-01	8.4591	2.639622	0.001089	10.888086	3.688983	-0.087381
 791	3.9500e-01	8.4254	2.639622	-0.000000	-0.000000	-0.000000	0.000000
 792	3.9550e-01	8.3950	2.129902	0.001270	12.702767	4.303814	-0.101944
 793	3.9600e-01	8.3500	2.275536	-0.000363	-3.629362	-1.229661	0.029127
 794	3.9650e-01	8.3212	1.729407	0.001361	13.610108	4.611229	-0.109226
 795	3.9700e-01	8.2538	2.566805	-0.002087	-20.868832	-7.070552	0.167479
 796	3.9750e-01	8.2249	2.129902	0.001089	10.888086	3.688983	-0.087381
 797	3.9800e-01	8.1992	1.984267	0.000363	3.629362	1.229661	-0.029127
 798	3.9850e-01	8.1511	1.656590	0.000817	8.166065	2.766738	-0.065535
 799	3.9900e-01	8.1078	1.510956	0.000363	3.629362	1.229661	-0.029127
 800	3.9950e-01	8.0821	1.037644	0.001180	11.795427	3.996399	-0.094662
 801	4.0000e-01	8.0147	1.583773	-0.001361	-13.610108	-4.611229	0.109226
 802	4.0050e-01	7.9875	1.547365	0.000091	0.907341	0.307415	-0.007282
 803	4.0100e-01	7.9490	1.001236	0.001361	13.610108	4.611229	-0.109226
 804	4.0150e-01	7.9169	1.401730	-0.000998	-9.980746	-3.381568	0.080099
 805	4.0200e-01	7.8736	0.746376	0.001633	16.332129	5.533475	-0.131071
 806	4.0250e-01	7.8126	0.746376	-0.000000	-0.000000	-0.000000	0.000000
 807	4.0300e-01	7.7725	0.637150	0.000272	2.722022	0.922246	-0.021845
 808	4.0350e-01	7.7613	0.637150	-0.000000	-0.000000	-0.000000	0.000000
 809	4.0400e-01	7.7115	0.564333	0.000181	1.814681	0.614831	-0.014563
 810	4.0450e-01	7.6859	-0.091021	0.001633	16.332129	5.533475	-0.131071
 811	4.0500e-01	7.6041	0.054613	-0.000363	-3.629362	-1.229661	0.029127
 812	4.0550e-01	7.5864	-0.091021	0.000363	3.629362	1.229661	-0.029127
 813	4.0600e-01	7.5688	-0.455107	0.000907	9.073405	3.074153	-0.072817
 814	4.0650e-01	7.4998	-0.127430	-0.000817	-8.166065	-2.766738	0.065535
 815	4.0700e-01	7.4693	-0.418699	0.000726	7.258724	2.459322	-0.058254
 816	4.0750e-01	7.4244	-0.746376	0.000817	8.166065	2.766738	-0.065535
 817	4.0800e-01	7.3923	-0.782784	0.000091	0.907341	0.307415	-0.007282
 818	4.0850e-01	7.3586	-0.418699	-0.000907	-9.073405	-3.074153	0.072817
 819	4.0900e-01	7.3041	-1.146870	0.001815	18.146810	6.148306	-0.145634
 820	4.0950e-01	7.2688	-1.074053	-0.000181	-1.814681	-0.614831	0.014563
 821	4.1000e-01	7.2190	-1.001236	-0.000181	-1.814681	-0.614831	0.014563
 822	4.1050e-01	7.1757	-1.256096	0.000635	6.351384	2.151907	-0.050972
 823	4.1100e-01	7.1372	-1.474547	0.000544	5.444043	1.844492	-0.043690
 824	4.1150e-01	7.1019	-1.838633	0.000907	9.073405	3.074153	-0.072817
 825	4.1200e-01	7.0554	-1.947859	0.000272	2.722022	0.922246	-0.021845
 826	4.1250e-01	7.0217	-2.239127	0.000726	7.258724	2.459322	-0.058254
 827	4.1300e-01	6.9912	-1.984267	-0.000635	-6.351384	-2.151907	0.050972
 828	4.1350e-01	6.9479	-2.311945	0.000817	8.166065	2.766738	-0.065535
 829	4.1400e-01	6.9078	-2.894482	0.001452	14.517448	4.918645	-0.116507
 830	4.1450e-01	6.8292	-2.202719	-0.001724	-17.239470	-5.840891	0.138353
 831	4.1500e-01	6.8019	-2.348353	0.000363	3.629362	1.229661	-0.029127
 832	4.1550e-01	6.7779	-2.603213	0.000635	6.351384	2.151907	-0.050972
 833	4.1600e-01	6.7362	-2.930890	0.000817	8.166065	2.766738	-0.065535
 834	4.1650e-01	6.6993	-3.258568	0.000817	8.166065	2.766738	-0.065535
 835	4.1700e-01	6.6736	-2.858073	-0.000998	-9.980746	-3.381568	0.080099
 836	4.1750e-01	6.6191	-2.967299	0.000272	2.722022	0.922246	-0.021845
 837	4.1800e-01	6.5854	-3.622653	0.001633	16.332129	5.533475	-0.131071
 838	4.1850e-01	6.5533	-3.367793	-0.000635	-6.351384	-2.151907	0.050972
 839	4.1900e-01	6.5180	-3.950331	0.001452	14.517448	4.918645	-0.116507
 840	4.1950e-01	6.4955	-4.241599	0.000726	7.258724	2.459322	-0.058254
 841	4.2000e-01	6.4314	-3.877513	-0.000907	-9.073405	-3.074153	0.072817
 842	4.2050e-01	6.3977	-4.241599	0.000907	9.073405	3.074153	-0.072817
 843	4.2100e-01	6.3159	-4.241599	-0.000000	-0.000000	-0.000000	0.000000
 844	4.2150e-01	6.3207	-4.314416	-0.000181	-1.814681	-0.614831	-0.014563
 845	4.2200e-01	6.2645	-4.569276	0.000635	6.351384	2.151907	-0.050972
 846	4.2250e-01	6.2212	-4.751319	0.000454	4.536703	1.537076	-0.036409
 847	4.2300e-01	6.2052	-5.261039	0.001270	12.702767	4.303814	-0.101944
 848	4.2350e-01	6.1522	-5.042588	-0.000544	-5.444043	-1.844492	0.043690
 849	4.2400e-01	6.1330	-5.515899	0.001180	11.795427	3.996399	-0.094662
 850	4.2450e-01	6.0528	-5.188222	-0.000817	-8.166065	-2.766738	0.065535
 851	4.2500e-01	6.0255	-5.188222	-0.000000	-0.000000	-0.000000	0.000000
 852	4.2550e-01	5.9918	-5.807168	0.001542	15.424789	5.226060	-0.123789
 853	4.2600e-01	5.9421	-5.370265	-0.001089	-10.888086	-3.688983	0.087381
 854	4.2650e-01	5.8940	-6.353297	0.002450	24.498194	8.300213	-0.196606
 855	4.2700e-01	5.8715	-5.843577	-0.001270	-12.702767	-4.303814	0.101944
 856	4.2750e-01	5.8410	-5.916394	0.000181	1.814681	0.614831	-0.014563
 857	4.2800e-01	5.8089	-6.389705	0.001180	11.795427	3.996399	-0.094662
 858	4.2850e-01	5.7464	-6.207662	-0.000454	-4.536703	-1.537076	0.036409
 859	4.2900e-01	5.6950	-6.498931	0.000726	7.258724	2.459322	-0.058254
 860	4.2950e-01	5.6565	-6.535340	0.000091	0.907341	0.307415	-0.007282
 861	4.3000e-01	5.6276	-6.826608	0.000726	7.258724	2.459322	-0.058254
 862	4.3050e-01	5.5891	-7.045060	0.000544	5.444043	1.844492	-0.043690
 863	4.3100e-01	5.5394	-7.227103	0.000454	4.536703	1.537076	-0.036409
 864	4.3150e-01	5.5089	-7.263511	0.000091	0.907341	0.307415	-0.007282
 865	4.3200e-01	5.4432	-7.409145	0.000363	3.629362	1.229661	-0.029127
 866	4.3250e-01	5.4175	-7.227103	-0.000454	-4.536703	-1.537076	0.036409
 867	4.3300e-01	5.3517	-7.918865	0.001724	17.239470	5.840891	-0.138353
 868	4.3350e-01	5.3084	-7.336328	-0.001452	-14.517448	-4.918645	0.116507
 869	4.3400e-01	5.3020	-7.809640	0.001180	11.795427	3.996399	-0.094662
 870	4.3450e-01	5.2587	-8.137317	0.000817	8.166065	2.766738	-0.065535
 871	4.3500e-01	5.2025	-8.210134	0.000181	1.814681	0.614831	-0.014563
 872	4.3550e-01	5.1544	-8.137317	-0.000181	-1.814681	-0.614831	0.014563
 873	4.3600e-01	5.1576	-8.392177	-0.000635	-6.351384	-2.151907	-0.050972
 874	4.3650e-01	5.1079	-9.011123	0.001542	15.424789	5.226060	-0.123789
 875	4.3700e-01	5.0678	-8.974714	-0.000091	-0.907341	-0.307415	0.007282
 876	4.3750e-01	5.0389	-8.974714	-0.000000	-0.000000	-0.000000	0.000000
 877	4.3800e-01	4.9844	-8.792671	-0.000454	-4.536703	-1.537076	0.036409
 878	4.3850e-01	4.9491	-9.083940	0.000726	7.258724	2.459322	-0.058254
 879	4.3900e-01	4.9218	-9.411617	0.000817	8.166065	2.766738	-0.065535
 880	4.3950e-01	4.8608	-9.520843	0.000272	2.722022	0.922246	-0.021845
 881	4.4000e-01	4.8223	-9.520843	-0.000000	-0.000000	-0.000000	0.000000
 882	4.4050e-01	4.7886	-10.139789	0.001542	15.424789	5.226060	-0.123789
 883	4.4100e-01	4.7405	-9.666477	-0.001180	-11.795427	-3.996399	0.094662
 884	4.4150e-01	4.6812	-9.957746	0.000726	7.258724	2.459322	-0.058254
 885	4.4200e-01	4.6860	-10.576692	-0.001542	-15.424789	-5.226060	-0.123789
 886	4.4250e-01	4.6170	-10.358240	-0.000544	-5.444043	-1.844492	0.043690
 887	4.4300e-01	4.5977	-10.394649	0.000091	0.907341	0.307415	-0.007282
 888	4.4350e-01	4.5640	-10.576692	0.000454	4.536703	1.537076	-0.036409
 889	4.4400e-01	4.5127	-11.050003	0.001180	11.795427	3.996399	-0.094662
 890	4.4450e-01	4.4517	-10.977186	-0.000181	-1.814681	-0.614831	0.014563
 891	4.4500e-01	4.4036	-10.758734	-0.000544	-5.444043	-1.844492	0.043690
 892	4.4550e-01	4.3828	-11.268455	0.001270	12.702767	4.303814	-0.101944
 893	4.4600e-01	4.3603	-11.887400	0.001542	15.424789	5.226060	-0.123789
 894	4.4650e-01	4.3090	-11.705357	-0.000454	-4.536703	-1.537076	0.036409
 895	4.4700e-01	4.2673	-11.632540	-0.000181	-1.814681	-0.614831	0.014563
 896	4.4750e-01	4.2255	-11.668949	0.000091	0.907341	0.307415	-0.007282
 897	4.4800e-01	4.1919	-11.960218	0.000726	7.258724	2.459322	-0.058254
 898	4.4850e-01	4.1421	-12.360712	0.000998	9.980746	3.381568	-0.080099
 899	4.4900e-01	4.0892	-12.178669	-0.000454	-4.536703	-1.537076	0.036409
 900	4.4950e-01	4.0892	-12.651980	0.001180	11.795427	3.996399	-0.094662
 901	4.5000e-01	4.0250	-12.287895	-0.000907	-9.073405	-3.074153	0.072817
 902	4.5050e-01	3.9929	-12.797615	0.001270	12.702767	4.303814	-0.101944
 903	4.5100e-01	3.9256	-12.797615	-0.000000	-0.000000	-0.000000	0.000000
 904	4.5150e-01	3.9063	-13.343743	0.001361	13.610108	4.611229	-0.109226
 905	4.5200e-01	3.8550	-13.234518	-0.000272	-2.722022	-0.922246	0.021845
 906	4.5250e-01	3.8165	-13.489378	0.000635	6.351384	2.151907	-0.050972
 907	4.5300e-01	3.7828	-13.744238	0.000635	6.351384	2.151907	-0.050972
 908	4.5350e-01	3.7347	-13.671421	-0.000181	-1.814681	-0.614831	0.014563
 909	4.5400e-01	3.6785	-13.562195	-0.000272	-2.722022	-0.922246	0.021845
 910	4.5450e-01	3.6913	-14.508818	-0.002359	-23.590854	-7.992798	-0.189325
 911	4.5500e-01	3.6496	-13.999098	-0.001270	-12.702767	-4.303814	0.101944
 912	4.5550e-01	3.5855	-14.399592	0.000998	9.980746	3.381568	-0.080099
 913	4.5600e-01	3.5518	-14.363184	-0.000091	-0.907341	-0.307415	0.007282
 914	4.5650e-01	3.5020	-14.472409	0.000272	2.722022	0.922246	-0.021845
 915	4.5700e-01	3.4507	-14.945721	0.001180	11.795427	3.996399	-0.094662
 916	4.5750e-01	3.4058	-14.727269	-0.000544	-5.444043	-1.844492	0.043690
 917	4.5800e-01	3.3673	-15.200581	0.001180	11.795427	3.996399	-0.094662
 918	4.5850e-01	3.3689	-15.164172	0.000091	0.907341	0.307415	0.007282
 919	4.5900e-01	3.2999	-15.455441	0.000726	7.258724	2.459322	-0.058254
 920	4.5950e-01	3.2470	-15.419032	-0.000091	-0.907341	-0.307415	0.007282
 921	4.6000e-01	3.2406	-16.074387	0.001633	16.332129	5.533475	-0.131071
 922	4.6050e-01	3.1828	-15.928752	-0.000363	-3.629362	-1.229661	0.029127
 923	4.6100e-01	3.1507	-15.601075	-0.000817	-8.166065	-2.766738	0.065535
 924	4.6150e-01	3.1026	-16.001570	0.000998	9.980746	3.381568	-0.080099
 925	4.6200e-01	3.0593	-16.329247	0.000817	8.166065	2.766738	-0.065535
 926	4.6250e-01	3.0400	-16.365655	0.000091	0.907341	0.307415	-0.007282
 927	4.6300e-01	2.9967	-16.693333	0.000817	8.166065	2.766738	-0.065535
 928	4.6350e-01	2.9550	-17.093827	0.000998	9.980746	3.381568	-0.080099
 929	4.6400e-01	2.8748	-16.838967	-0.000635	-6.351384	-2.151907	0.050972
 930	4.6450e-01	2.8571	-17.021010	0.000454	4.536703	1.537076	-0.036409
 931	4.6500e-01	2.8186	-17.385096	0.000907	9.073405	3.074153	-0.072817
 932	4.6550e-01	2.7914	-17.457913	0.000181	1.814681	0.614831	-0.014563
 933	4.6600e-01	2.7352	-17.130235	-0.000817	-8.166065	-2.766738	0.065535
 934	4.6650e-01	2.6967	-17.457913	0.000817	8.166065	2.766738	-0.065535
 935	4.6700e-01	2.6646	-17.821998	0.000907	9.073405	3.074153	-0.072817
 936	4.6750e-01	2.6374	-17.967633	0.000363	3.629362	1.229661	-0.029127
 937	4.6800e-01	2.5876	-18.004041	0.000091	0.907341	0.307415	-0.007282
 938	4.6850e-01	2.5668	-18.186084	0.000454	4.536703	1.537076	-0.036409
 939	4.6900e-01	2.5235	-18.040450	-0.000363	-3.629362	-1.229661	0.029127
 940	4.6950e-01	2.4641	-18.659396	0.001542	15.424789	5.226060	-0.123789
 941	4.7000e-01	2.4063	-18.695804	0.000091	0.907341	0.307415	-0.007282
 942	4.7050e-01	2.3727	-19.169116	0.001180	11.795427	3.996399	-0.094662
 943	4.7100e-01	2.3422	-18.950664	-0.000544	-5.444043	-1.844492	0.043690
 944	4.7150e-01	2.3069	-19.278342	0.000817	8.166065	2.766738	-0.065535
 945	4.7200e-01	2.2700	-19.642427	0.000907	9.073405	3.074153	-0.072817
 946	4.7250e-01	2.2347	-19.423976	-0.000544	-5.444043	-1.844492	0.043690
 947	4.7300e-01	2.1930	-19.933696	0.001270	12.702767	4.303814	-0.101944
 948	4.7350e-01	2.1384	-20.042922	0.000272	2.722022	0.922246	-0.021845
 949	4.7400e-01	2.1336	-20.188556	0.000363	3.629362	1.229661	-0.029127
 950	4.7450e-01	2.0727	-19.824470	-0.000907	-9.073405	-3.074153	0.072817
 951	4.7500e-01	2.0358	-20.407007	0.001452	14.517448	4.918645	-0.116507
 952	4.7550e-01	1.9620	-20.407007	-0.000000	-0.000000	-0.000000	0.000000
 953	4.7600e-01	1.9251	-20.479825	0.000181	1.814681	0.614831	-0.014563
 954	4.7650e-01	1.9042	-20.589050	0.000272	2.722022	0.922246	-0.021845
 955	4.7700e-01	1.8625	-20.953136	0.000907	9.073405	3.074153	-0.072817
 956	4.7750e-01	1.8192	-20.953136	-0.000000	-0.000000	-0.000000	0.000000
 957	4.7800e-01	1.7919	-21.317222	0.000907	9.073405	3.074153	-0.072817
 958	4.7850e-01	1.7422	-21.317222	-0.000000	-0.000000	-0.000000	0.000000
 959	4.7900e-01	1.6989	-21.644899	0.000817	8.166065	2.766738	-0.065535
 960	4.7950e-01	1.6540	-21.462856	-0.000454	-4.536703	-1.537076	0.036409
 961	4.8000e-01	1.6492	-21.826942	0.000907	9.073405	3.074153	-0.072817
 962	4.8050e-01	1.5834	-22.191028	0.000907	9.073405	3.074153	-0.072817
 963	4.8100e-01	1.5577	-22.627931	0.001089	10.888086	3.688983	-0.087381
 964	4.8150e-01	1.5385	-22.300253	-0.000817	-8.166065	-2.766738	0.065535
 965	4.8200e-01	1.4695	-22.482296	0.000454	4.536703	1.537076	-0.036409
 966	4.8250e-01	1.4502	-22.664339	0.000454	4.536703	1.537076	-0.036409
 967	4.8300e-01	1.4005	-23.028425	0.000907	9.073405	3.074153	-0.072817
 968	4.8350e-01	1.3476	-22.773565	-0.000635	-6.351384	-2.151907	0.050972
 969	4.8400e-01	1.3010	-23.028425	0.000635	6.351384	2.151907	-0.050972
 970	4.8450e-01	1.2625	-23.392511	0.000907	9.073405	3.074153	-0.072817
 971	4.8500e-01	1.2272	-23.501736	0.000272	2.722022	0.922246	-0.021845
 972	4.8550e-01	1.1615	-23.938639	0.001089	10.888086	3.688983	-0.087381
 973	4.8600e-01	1.1278	-23.683779	-0.000635	-6.351384	-2.151907	0.050972
 974	4.8650e-01	1.1149	-24.011457	0.000817	8.166065	2.766738	-0.065535
 975	4.8700e-01	1.0845	-24.266317	0.000635	6.351384	2.151907	-0.050972
 976	4.8750e-01	1.0444	-24.120682	-0.000363	-3.629362	-1.229661	0.029127
 977	4.8800e-01	0.9770	-24.776037	0.001633	16.332129	5.533475	-0.131071
 978	4.8850e-01	0.9305	-24.812445	0.000091	0.907341	0.307415	-0.007282
 979	4.8900e-01	0.8887	-24.994488	0.000454	4.536703	1.537076	-0.036409
 980	4.8950e-01	0.8743	-25.212940	0.000544	5.444043	1.844492	-0.043690
 981	4.9000e-01	0.8278	-24.885262	-0.000817	-8.166065	-2.766738	0.065535
 982	4.9050e-01	0.7909	-25.467800	0.001452	14.517448	4.918645	-0.116507
 983	4.9100e-01	0.7476	-25.795477	0.000817	8.166065	2.766738	-0.065535
 984	4.9150e-01	0.6850	-25.358574	-0.001089	-10.888086	-3.688983	0.087381
 985	4.9200e-01	0.6642	-26.013928	0.001633	16.332129	5.533475	-0.131071
 986	4.9250e-01	0.6240	-26.195971	0.000454	4.536703	1.537076	-0.036409
 987	4.9300e-01	0.5904	-26.232380	0.000091	0.907341	0.307415	-0.007282
 988	4.9350e-01	0.5486	-26.487240	0.000635	6.351384	2.151907	-0.050972
 989	4.9400e-01	0.4925	-26.450831	-0.000091	-0.907341	-0.307415	0.007282
 990	4.9450e-01	0.4556	-26.523648	0.000181	1.814681	0.614831	-0.014563
 991	4.9500e-01	0.4155	-26.814917	0.000726	7.258724	2.459322	-0.058254
 992	4.9550e-01	0.3834	-27.106186	0.000726	7.258724	2.459322	-0.058254
 993	4.9600e-01	0.3513	-27.543088	0.001089	10.888086	3.688983	-0.087381
 994	4.9650e-01	0.2904	-27.361046	-0.000454	-4.536703	-1.537076	0.036409
 995	4.9700e-01	0.2487	-27.433863	0.000181	1.814681	0.614831	-0.014563
 996	4.9750e-01	0.2246	-27.543088	0.000272	2.722022	0.922246	-0.021845
 997	4.9800e-01	0.1829	-28.052809	0.001270	12.702767	4.303814	-0.101944
 998	4.9850e-01	0.1540	-28.344077	0.000726	7.258724	2.459322	-0.058254
 999	4.9900e-01	0.1075	-28.089217	-0.000635	-6.351384	-2.151907	0.050972
1000	4.9950e-01	0.0690	-28.198443	0.000272	2.722022	0.922246	-0.021845
1001	5.0000e-01	0.0674	-28.453303	0.000272	2.722022	0.922246	-0.050972

PMax (uC/cm2):	6.62e+01
Pr (uC/cm2):	4.70e+00
-Pr (uC/cm2):	0.00e+00
PLoss (uC/cm2):	0.00e+00
C (Max-Eff) (nF):	3.30e-01
K (Eff):	1.12e+03
Vert. (+/-Pr) Shift (uC/cm2):	2.35e+00
Offset (uC/cm2):	3.32e+01

A (Loop Area - uC/cm2·Volts):	3.77e-01



Hysteresis Version: 5.48.1 - Radiant Technologies, Inc., 1999 - 9/12/24

