»»»»»»»»»»»»»»»»»»»»»»»»»»»»»»»»»»»» Hysteresis ««««««««««««««««««««««««««««««««««««
»»»  Executed Version:	5.48.1
»»»  Vision Version:	5.48.4 (R)
»»»  Vision Compiled:	9/18/24
»»»  Driver Version:	5.47.0
»»»  Windows Version:	Windows 8 or 8.1
»»»  Processor Information:	x86 (AMD or Intel) - 32 Processors
»»»  Tester Name:	PMF21124-494 (100V)
»»»  Tester S/N:	PMF21124-494
»»»  Internal Amp Type:	100V RevK 270k
»»»  Internal Amp S/N:	iAB2-596/K     
»»»  Execution Count:	1
»»»»»»»»»»»»»»»»»»»»»»»»»»»»»»»»»»»»»»»»»»««««««««««««««««««««««««««««««««««««««««««

Stored:	10/10/2025 - 17:5:23
Configured:	10/10/25 10:37:25 AM
Executed:	10/10/25 05:05:04 PM

»»»»»»»»»»»»»»»»»»»»»»»»»»»»»»»»»»» Sample Info ««««««««««««««««««««««««««««««««««««
Sample Name:	Int. Ref. Ferroelectric
Lot Name:	N/A
Wafer Name:	N/A
Die Row/Column:	0/0
Capacitor Number:	0
Sample Area (cm2):	1.00e-04
Sample Thickness (microns):	3.00e-01

Amplifier:	Internal

»»»»»»»»»»»»»»»»»»»»»»»»»»»»»»»»»»» Tester Info «««««««««««««««««««««««««««««««««««
Tester Name:	PMF21124-494 (100V)
Tester Serial Number:	PMF21124-494
Return Signal Amp. Level:	0.02 [Index: 2]

»»»»»»»»»»»»»»»»»»»»»»»»»»»»»»»» Hysteresis Info ««««««««««««««««««««««««««««««««««
Task Name:	Hyst-170
Volts:	20.00
Field:	666.67 (kV/cm)
DCBias:	0.00
DCField:	0.00 (kV/cm)
Hysteresis Period (ms):	5.00e-01
Preset:	Enabled
Preset Delay (ms):	1.00e+03
Profile:	Standard Monopolar

»»»»»»»»»»»»»»»»»»»»»»»»»»»»»»»»»»»»»» Data «««««««««««««««««««««««««««««««««««««««
Points:	1001

Valid Data

Point	Time (ms)	Drive Voltage	Measured Polarization (uC/cm2)	Capacitance (uF)	Normalized Capacitance (uF/cm2)	Dielectric Constant	Instantaneous Current (mA)
   1	0.0000e+00	0.0160	-23.574554	0.000819	8.185048	2.773169	0.065535
   2	5.0000e-04	0.0305	-23.246876	0.000819	8.185048	2.773169	0.065535
   3	1.0000e-03	0.0963	-23.174059	0.000182	1.818900	0.616260	0.014563
   4	1.5000e-03	0.1604	-23.283285	-0.000273	-2.728349	-0.924390	-0.021845
   5	2.0000e-03	0.2134	-22.992016	0.000728	7.275599	2.465040	0.058254
   6	2.5000e-03	0.2487	-22.955608	0.000091	0.909450	0.308130	0.007282
   7	3.0000e-03	0.2711	-23.064834	-0.000273	-2.728349	-0.924390	-0.021845
   8	3.5000e-03	0.3064	-22.555113	0.001273	12.732298	4.313819	0.101944
   9	4.0000e-03	0.3593	-21.717716	0.002092	20.917346	7.086989	0.167479
  10	4.5000e-03	0.3834	-22.300253	-0.001455	-14.551197	-4.930079	-0.116507
  11	5.0000e-03	0.4155	-22.445888	-0.000364	-3.637799	-1.232520	-0.029127
  12	5.5000e-03	0.4781	-21.936168	0.001273	12.732298	4.313819	0.101944
  13	6.0000e-03	0.5262	-21.899759	0.000091	0.909450	0.308130	0.007282
  14	6.5000e-03	0.5679	-21.972576	-0.000182	-1.818900	-0.616260	-0.014563
  15	7.0000e-03	0.5952	-21.681308	0.000728	7.275599	2.465040	0.058254
  16	7.5000e-03	0.6289	-22.008985	-0.000819	-8.185048	-2.773169	-0.065535
  17	8.0000e-03	0.6513	-21.717716	0.000728	7.275599	2.465040	0.058254
  18	8.5000e-03	0.6962	-21.390039	0.000819	8.185048	2.773169	0.065535
  19	9.0000e-03	0.7700	-21.572082	-0.000455	-4.547249	-1.540650	-0.036409
  20	9.5000e-03	0.8085	-21.171588	0.001000	10.003948	3.389429	0.080099
  21	1.0000e-02	0.8214	-21.062362	0.000273	2.728349	0.924390	0.021845
  22	1.0500e-02	0.8551	-21.317222	-0.000637	-6.366149	-2.156910	-0.050972
  23	1.1000e-02	0.9096	-20.443416	0.002183	21.826796	7.395119	0.174761
  24	1.1500e-02	0.9802	-20.516233	-0.000182	-1.818900	-0.616260	-0.014563
  25	1.2000e-02	1.0235	-20.989545	-0.001182	-11.822848	-4.005689	-0.094662
  26	1.2500e-02	1.0524	-20.479825	0.001273	12.732298	4.313819	0.101944
  27	1.3000e-02	1.0813	-20.261373	0.000546	5.456699	1.848780	0.043690
  28	1.3500e-02	1.1230	-20.334190	-0.000182	-1.818900	-0.616260	-0.014563
  29	1.4000e-02	1.1454	-20.370599	-0.000091	-0.909450	-0.308130	-0.007282
  30	1.4500e-02	1.1903	-19.678836	0.001728	17.279547	5.854469	0.138353
  31	1.5000e-02	1.2112	-19.933696	-0.000637	-6.366149	-2.156910	-0.050972
  32	1.5500e-02	1.2593	-19.751653	0.000455	4.547249	1.540650	0.036409
  33	1.6000e-02	1.3107	-19.715244	0.000091	0.909450	0.308130	0.007282
  34	1.6500e-02	1.3492	-19.423976	0.000728	7.275599	2.465040	0.058254
  35	1.7000e-02	1.3636	-19.132707	0.000728	7.275599	2.465040	0.058254
  36	1.7500e-02	1.4374	-19.096299	0.000091	0.909450	0.308130	0.007282
  37	1.8000e-02	1.4903	-19.387567	-0.000728	-7.275599	-2.465040	-0.058254
  38	1.8500e-02	1.5160	-19.241933	0.000364	3.637799	1.232520	0.029127
  39	1.9000e-02	1.5705	-18.732213	0.001273	12.732298	4.313819	0.101944
  40	1.9500e-02	1.6251	-18.550170	0.000455	4.547249	1.540650	0.036409
  41	2.0000e-02	1.6620	-18.695804	-0.000364	-3.637799	-1.232520	-0.029127
  42	2.0500e-02	1.6941	-18.695804	0.000000	0.000000	0.000000	0.000000
  43	2.1000e-02	1.7069	-18.331719	0.000909	9.094498	3.081299	0.072817
  44	2.1500e-02	1.7438	-18.149676	0.000455	4.547249	1.540650	0.036409
  45	2.2000e-02	1.7743	-18.076858	0.000182	1.818900	0.616260	0.014563
  46	2.2500e-02	1.8224	-17.858407	0.000546	5.456699	1.848780	0.043690
  47	2.3000e-02	1.8962	-17.931224	-0.000182	-1.818900	-0.616260	-0.014563
  48	2.3500e-02	1.9090	-18.295310	-0.000909	-9.094498	-3.081299	-0.072817
  49	2.4000e-02	1.9379	-18.149676	0.000364	3.637799	1.232520	0.029127
  50	2.4500e-02	1.9700	-17.676364	0.001182	11.822848	4.005689	0.094662
  51	2.5000e-02	2.0486	-17.494321	0.000455	4.547249	1.540650	0.036409
  52	2.5500e-02	2.0919	-17.967633	-0.001182	-11.822848	-4.005689	-0.094662
  53	2.6000e-02	2.1320	-17.057418	0.002274	22.736246	7.703249	0.182043
  54	2.6500e-02	2.1625	-17.057418	0.000000	0.000000	0.000000	0.000000
  55	2.7000e-02	2.1930	-17.312278	-0.000637	-6.366149	-2.156910	-0.050972
  56	2.7500e-02	2.2235	-17.093827	0.000546	5.456699	1.848780	0.043690
  57	2.8000e-02	2.2684	-16.656924	0.001091	10.913398	3.697559	0.087381
  58	2.8500e-02	2.3261	-16.547698	0.000273	2.728349	0.924390	0.021845
  59	2.9000e-02	2.3390	-16.547698	0.000000	0.000000	0.000000	0.000000
  60	2.9500e-02	2.4015	-16.693333	-0.000364	-3.637799	-1.232520	-0.029127
  61	3.0000e-02	2.4449	-16.256430	0.001091	10.913398	3.697559	0.087381
  62	3.0500e-02	2.4689	-16.037978	0.000546	5.456699	1.848780	0.043690
  63	3.1000e-02	2.5235	-15.928752	0.000273	2.728349	0.924390	0.021845
  64	3.1500e-02	2.5491	-16.438472	-0.001273	-12.732298	-4.313819	-0.101944
  65	3.2000e-02	2.5908	-15.965161	0.001182	11.822848	4.005689	0.094662
  66	3.2500e-02	2.6390	-15.346215	0.001546	15.460647	5.238209	0.123789
  67	3.3000e-02	2.6887	-15.892344	-0.001364	-13.641747	-4.621949	-0.109226
  68	3.3500e-02	2.7432	-15.855935	0.000091	0.909450	0.308130	0.007282
  69	3.4000e-02	2.7513	-15.236989	0.001546	15.460647	5.238209	0.123789
  70	3.4500e-02	2.7914	-15.382624	-0.000364	-3.637799	-1.232520	-0.029127
  71	3.5000e-02	2.8507	-14.836495	0.001364	13.641747	4.621949	0.109226
  72	3.5500e-02	2.8940	-15.236989	-0.001000	-10.003948	-3.389429	-0.080099
  73	3.6000e-02	2.9406	-14.909312	0.000819	8.185048	2.773169	0.065535
  74	3.6500e-02	2.9502	-14.727269	0.000455	4.547249	1.540650	0.036409
  75	3.7000e-02	2.9919	-15.054947	-0.000819	-8.185048	-2.773169	-0.065535
  76	3.7500e-02	3.0256	-14.436001	0.001546	15.460647	5.238209	0.123789
  77	3.8000e-02	3.0849	-14.690861	-0.000637	-6.366149	-2.156910	-0.050972
  78	3.8500e-02	3.1459	-14.472409	0.000546	5.456699	1.848780	0.043690
  79	3.9000e-02	3.1668	-14.363184	0.000273	2.728349	0.924390	0.021845
  80	3.9500e-02	3.1924	-13.926281	0.001091	10.913398	3.697559	0.087381
  81	4.0000e-02	3.2389	-13.817055	0.000273	2.728349	0.924390	0.021845
  82	4.0500e-02	3.2855	-14.181141	-0.000909	-9.094498	-3.081299	-0.072817
  83	4.1000e-02	3.3111	-13.380152	0.002001	20.007896	6.778859	0.160198
  84	4.1500e-02	3.3689	-13.562195	-0.000455	-4.547249	-1.540650	-0.036409
  85	4.2000e-02	3.4186	-13.380152	0.000455	4.547249	1.540650	0.036409
  86	4.2500e-02	3.4363	-13.125292	0.000637	6.366149	2.156910	0.050972
  87	4.3000e-02	3.4764	-13.307335	-0.000455	-4.547249	-1.540650	-0.036409
  88	4.3500e-02	3.4812	-13.380152	-0.000182	-1.818900	-0.616260	-0.014563
  89	4.4000e-02	3.5341	-12.870432	0.001273	12.732298	4.313819	0.101944
  90	4.4500e-02	3.5967	-12.724798	0.000364	3.637799	1.232520	0.029127
  91	4.5000e-02	3.6191	-12.761206	-0.000091	-0.909450	-0.308130	-0.007282
  92	4.5500e-02	3.6609	-12.870432	-0.000273	-2.728349	-0.924390	-0.021845
  93	4.6000e-02	3.7234	-12.724798	0.000364	3.637799	1.232520	0.029127
  94	4.6500e-02	3.7411	-12.360712	0.000909	9.094498	3.081299	0.072817
  95	4.7000e-02	3.8004	-12.615572	-0.000637	-6.366149	-2.156910	-0.050972
  96	4.7500e-02	3.8389	-12.360712	0.000637	6.366149	2.156910	0.050972
  97	4.8000e-02	3.8919	-12.105852	0.000637	6.366149	2.156910	0.050972
  98	4.8500e-02	3.9240	-12.178669	-0.000182	-1.818900	-0.616260	-0.014563
  99	4.9000e-02	3.9576	-11.923809	0.000637	6.366149	2.156910	0.050972
 100	4.9500e-02	4.0186	-11.850992	0.000182	1.818900	0.616260	0.014563
 101	5.0000e-02	4.0603	-11.923809	-0.000182	-1.818900	-0.616260	-0.014563
 102	5.0500e-02	4.0828	-11.923809	0.000000	0.000000	0.000000	0.000000
 103	5.1000e-02	4.1165	-11.632540	0.000728	7.275599	2.465040	0.058254
 104	5.1500e-02	4.1598	-11.559723	0.000182	1.818900	0.616260	0.014563
 105	5.2000e-02	4.1742	-11.159229	0.001000	10.003948	3.389429	0.080099
 106	5.2500e-02	4.2143	-11.050003	0.000273	2.728349	0.924390	0.021845
 107	5.3000e-02	4.2464	-10.940777	0.000273	2.728349	0.924390	0.021845
 108	5.3500e-02	4.2929	-10.904369	0.000091	0.909450	0.308130	0.007282
 109	5.4000e-02	4.3635	-10.613100	0.000728	7.275599	2.465040	0.058254
 110	5.4500e-02	4.3892	-10.613100	0.000000	0.000000	0.000000	0.000000
 111	5.5000e-02	4.4309	-10.503874	0.000273	2.728349	0.924390	0.021845
 112	5.5500e-02	4.4694	-10.503874	0.000000	0.000000	0.000000	0.000000
 113	5.6000e-02	4.5352	-10.685917	-0.000455	-4.547249	-1.540650	-0.036409
 114	5.6500e-02	4.5624	-10.285423	0.001000	10.003948	3.389429	0.080099
 115	5.7000e-02	4.6090	-9.812111	0.001182	11.822848	4.005689	0.094662
 116	5.7500e-02	4.6346	-10.139789	-0.000819	-8.185048	-2.773169	-0.065535
 117	5.8000e-02	4.6715	-9.775703	0.000909	9.094498	3.081299	0.072817
 118	5.8500e-02	4.6940	-9.593660	0.000455	4.547249	1.540650	0.036409
 119	5.9000e-02	4.7501	-9.848520	-0.000637	-6.366149	-2.156910	-0.050972
 120	5.9500e-02	4.7999	-9.812111	0.000091	0.909450	0.308130	0.007282
 121	6.0000e-02	4.8191	-9.193166	0.001546	15.460647	5.238209	0.123789
 122	6.0500e-02	4.8785	-9.775703	-0.001455	-14.551197	-4.930079	-0.116507
 123	6.1000e-02	4.9378	-8.901897	0.002183	21.826796	7.395119	0.174761
 124	6.1500e-02	4.9635	-9.156757	-0.000637	-6.366149	-2.156910	-0.050972
 125	6.2000e-02	5.0004	-9.229574	-0.000182	-1.818900	-0.616260	-0.014563
 126	6.2500e-02	5.0421	-9.193166	0.000091	0.909450	0.308130	0.007282
 127	6.3000e-02	5.0774	-9.047531	0.000364	3.637799	1.232520	0.029127
 128	6.3500e-02	5.1127	-8.501403	0.001364	13.641747	4.621949	0.109226
 129	6.4000e-02	5.1624	-8.100908	0.001000	10.003948	3.389429	0.080099
 130	6.4500e-02	5.1817	-8.756263	-0.001637	-16.370097	-5.546339	-0.131071
 131	6.5000e-02	5.2282	-8.537811	0.000546	5.456699	1.848780	0.043690
 132	6.5500e-02	5.2635	-8.173726	0.000909	9.094498	3.081299	0.072817
 133	6.6000e-02	5.2972	-8.137317	0.000091	0.909450	0.308130	0.007282
 134	6.6500e-02	5.3533	-7.846048	0.000728	7.275599	2.465040	0.058254
 135	6.7000e-02	5.3838	-7.991683	-0.000364	-3.637799	-1.232520	-0.029127
 136	6.7500e-02	5.4271	-7.955274	0.000091	0.909450	0.308130	0.007282
 137	6.8000e-02	5.4913	-7.882457	0.000182	1.818900	0.616260	0.014563
 138	6.8500e-02	5.5234	-7.700414	0.000455	4.547249	1.540650	0.036409
 139	6.9000e-02	5.5715	-7.700414	0.000000	0.000000	0.000000	0.000000
 140	6.9500e-02	5.6116	-7.409145	0.000728	7.275599	2.465040	0.058254
 141	7.0000e-02	5.6533	-7.481963	-0.000182	-1.818900	-0.616260	-0.014563
 142	7.0500e-02	5.6950	-7.154285	0.000819	8.185048	2.773169	0.065535
 143	7.1000e-02	5.7239	-6.935834	0.000546	5.456699	1.848780	0.043690
 144	7.1500e-02	5.7640	-6.644565	0.000728	7.275599	2.465040	0.058254
 145	7.2000e-02	5.7849	-6.790200	-0.000364	-3.637799	-1.232520	-0.029127
 146	7.2500e-02	5.8266	-6.280480	0.001273	12.732298	4.313819	0.101944
 147	7.3000e-02	5.8458	-6.207662	0.000182	1.818900	0.616260	0.014563
 148	7.3500e-02	5.9100	-6.353297	-0.000364	-3.637799	-1.232520	-0.029127
 149	7.4000e-02	5.9710	-6.608157	-0.000637	-6.366149	-2.156910	-0.050972
 150	7.4500e-02	6.0079	-6.134845	0.001182	11.822848	4.005689	0.094662
 151	7.5000e-02	6.0544	-6.207662	-0.000182	-1.818900	-0.616260	-0.014563
 152	7.5500e-02	6.0816	-5.879985	0.000819	8.185048	2.773169	0.065535
 153	7.6000e-02	6.0961	-5.879985	0.000000	0.000000	0.000000	0.000000
 154	7.6500e-02	6.1346	-5.843577	0.000091	0.909450	0.308130	0.007282
 155	7.7000e-02	6.1859	-5.697942	0.000364	3.637799	1.232520	0.029127
 156	7.7500e-02	6.2405	-5.661534	0.000091	0.909450	0.308130	0.007282
 157	7.8000e-02	6.3062	-5.843577	-0.000455	-4.547249	-1.540650	-0.036409
 158	7.8500e-02	6.3078	-5.333857	0.001273	12.732298	4.313819	0.101944
 159	7.9000e-02	6.3592	-5.115405	0.000546	5.456699	1.848780	0.043690
 160	7.9500e-02	6.4073	-5.370265	-0.000637	-6.366149	-2.156910	-0.050972
 161	8.0000e-02	6.4041	-4.678502	-0.001728	-17.279547	-5.854469	0.138353
 162	8.0500e-02	6.4795	-5.151814	-0.001182	-11.822848	-4.005689	-0.094662
 163	8.1000e-02	6.4811	-5.078996	0.000182	1.818900	0.616260	0.014563
 164	8.1500e-02	6.5148	-4.642094	0.001091	10.913398	3.697559	0.087381
 165	8.2000e-02	6.5870	-4.423642	0.000546	5.456699	1.848780	0.043690
 166	8.2500e-02	6.6303	-4.532868	-0.000273	-2.728349	-0.924390	-0.021845
 167	8.3000e-02	6.6720	-4.460051	0.000182	1.818900	0.616260	0.014563
 168	8.3500e-02	6.6864	-4.278008	0.000455	4.547249	1.540650	0.036409
 169	8.4000e-02	6.7570	-4.168782	0.000273	2.728349	0.924390	0.021845
 170	8.4500e-02	6.8052	-4.168782	0.000000	0.000000	0.000000	0.000000
 171	8.5000e-02	6.8421	-3.841105	0.000819	8.185048	2.773169	0.065535
 172	8.5500e-02	6.8581	-4.132373	-0.000728	-7.275599	-2.465040	-0.058254
 173	8.6000e-02	6.8918	-3.513428	0.001546	15.460647	5.238209	0.123789
 174	8.6500e-02	6.9447	-3.513428	0.000000	0.000000	0.000000	0.000000
 175	8.7000e-02	6.9816	-3.950331	-0.001091	-10.913398	-3.697559	-0.087381
 176	8.7500e-02	7.0490	-3.367793	0.001455	14.551197	4.930079	0.116507
 177	8.8000e-02	7.0939	-3.367793	0.000000	0.000000	0.000000	0.000000
 178	8.8500e-02	7.1244	-3.549836	-0.000455	-4.547249	-1.540650	-0.036409
 179	8.9000e-02	7.1469	-3.112933	0.001091	10.913398	3.697559	0.087381
 180	8.9500e-02	7.1757	-3.367793	-0.000637	-6.366149	-2.156910	-0.050972
 181	9.0000e-02	7.2431	-2.530396	0.002092	20.917346	7.086989	0.167479
 182	9.0500e-02	7.2672	-3.440611	-0.002274	-22.736246	-7.703249	-0.182043
 183	9.1000e-02	7.3009	-2.493988	0.002365	23.645695	8.011378	0.189325
 184	9.1500e-02	7.3281	-2.639622	-0.000364	-3.637799	-1.232520	-0.029127
 185	9.2000e-02	7.3891	-2.676030	-0.000091	-0.909450	-0.308130	-0.007282
 186	9.2500e-02	7.4276	-2.457579	0.000546	5.456699	1.848780	0.043690
 187	9.3000e-02	7.4661	-1.911450	0.001364	13.641747	4.621949	0.109226
 188	9.3500e-02	7.5126	-2.348353	-0.001091	-10.913398	-3.697559	-0.087381
 189	9.4000e-02	7.5591	-2.057085	0.000728	7.275599	2.465040	0.058254
 190	9.4500e-02	7.5896	-1.802225	0.000637	6.366149	2.156910	0.050972
 191	9.5000e-02	7.6249	-2.311945	-0.001273	-12.732298	-4.313819	-0.101944
 192	9.5500e-02	7.6682	-1.656590	0.001637	16.370097	5.546339	0.131071
 193	9.6000e-02	7.7067	-1.765816	-0.000273	-2.728349	-0.924390	-0.021845
 194	9.6500e-02	7.7597	-1.838633	-0.000182	-1.818900	-0.616260	-0.014563
 195	9.7000e-02	7.7966	-1.474547	0.000909	9.094498	3.081299	0.072817
 196	9.7500e-02	7.8479	-1.802225	-0.000819	-8.185048	-2.773169	-0.065535
 197	9.8000e-02	7.8864	-1.292504	0.001273	12.732298	4.313819	0.101944
 198	9.8500e-02	7.9217	-1.547365	-0.000637	-6.366149	-2.156910	-0.050972
 199	9.9000e-02	7.9570	-1.074053	0.001182	11.822848	4.005689	0.094662
 200	9.9500e-02	8.0164	-0.782784	0.000728	7.275599	2.465040	0.058254
 201	1.0000e-01	8.0388	-1.037644	-0.000637	-6.366149	-2.156910	-0.050972
 202	1.0050e-01	8.0629	-0.673559	0.000909	9.094498	3.081299	0.072817
 203	1.0100e-01	8.1126	-0.855602	-0.000455	-4.547249	-1.540650	-0.036409
 204	1.0150e-01	8.1704	-0.709967	0.000364	3.637799	1.232520	0.029127
 205	1.0200e-01	8.2008	-0.928419	-0.000546	-5.456699	-1.848780	-0.043690
 206	1.0250e-01	8.2361	-0.673559	0.000637	6.366149	2.156910	0.050972
 207	1.0300e-01	8.2762	-0.091021	0.001455	14.551197	4.930079	0.116507
 208	1.0350e-01	8.3212	-0.418699	-0.000819	-8.185048	-2.773169	-0.065535
 209	1.0400e-01	8.3661	-0.091021	0.000819	8.185048	2.773169	0.065535
 210	1.0450e-01	8.4030	-0.018204	0.000182	1.818900	0.616260	0.014563
 211	1.0500e-01	8.4639	-0.455107	-0.001091	-10.913398	-3.697559	-0.087381
 212	1.0550e-01	8.5089	0.091021	0.001364	13.641747	4.621949	0.109226
 213	1.0600e-01	8.5105	-0.200247	-0.000728	-7.275599	-2.465040	-0.058254
 214	1.0650e-01	8.5506	0.418699	0.001546	15.460647	5.238209	0.123789
 215	1.0700e-01	8.5891	0.382290	-0.000091	-0.909450	-0.308130	-0.007282
 216	1.0750e-01	8.6292	0.455107	0.000182	1.818900	0.616260	0.014563
 217	1.0800e-01	8.6789	1.001236	0.001364	13.641747	4.621949	0.109226
 218	1.0850e-01	8.7254	0.527924	-0.001182	-11.822848	-4.005689	-0.094662
 219	1.0900e-01	8.7623	0.382290	-0.000364	-3.637799	-1.232520	-0.029127
 220	1.0950e-01	8.7960	1.146870	0.001910	19.098446	6.470729	0.152916
 221	1.1000e-01	8.8409	0.746376	-0.001000	-10.003948	-3.389429	-0.080099
 222	1.1050e-01	8.8666	1.438139	0.001728	17.279547	5.854469	0.138353
 223	1.1100e-01	8.8955	0.855602	-0.001455	-14.551197	-4.930079	-0.116507
 224	1.1150e-01	8.9372	1.365322	0.001273	12.732298	4.313819	0.101944
 225	1.1200e-01	8.9821	1.765816	0.001000	10.003948	3.389429	0.080099
 226	1.1250e-01	9.0495	1.037644	-0.001819	-18.188996	-6.162599	-0.145634
 227	1.1300e-01	9.0960	1.547365	0.001273	12.732298	4.313819	0.101944
 228	1.1350e-01	9.1217	1.838633	0.000728	7.275599	2.465040	0.058254
 229	1.1400e-01	9.1554	1.911450	0.000182	1.818900	0.616260	0.014563
 230	1.1450e-01	9.2179	1.510956	-0.001000	-10.003948	-3.389429	-0.080099
 231	1.1500e-01	9.2500	2.093493	0.001455	14.551197	4.930079	0.116507
 232	1.1550e-01	9.2596	1.875042	-0.000546	-5.456699	-1.848780	-0.043690
 233	1.1600e-01	9.3013	2.129902	0.000637	6.366149	2.156910	0.050972
 234	1.1650e-01	9.3350	2.166310	0.000091	0.909450	0.308130	0.007282
 235	1.1700e-01	9.3799	2.421170	0.000637	6.366149	2.156910	0.050972
 236	1.1750e-01	9.4329	2.748848	0.000819	8.185048	2.773169	0.065535
 237	1.1800e-01	9.4842	2.239127	-0.001273	-12.732298	-4.313819	-0.101944
 238	1.1850e-01	9.5147	2.858073	0.001546	15.460647	5.238209	0.123789
 239	1.1900e-01	9.5484	3.040116	0.000455	4.547249	1.540650	0.036409
 240	1.1950e-01	9.5821	2.566805	-0.001182	-11.822848	-4.005689	-0.094662
 241	1.2000e-01	9.6334	3.185750	0.001546	15.460647	5.238209	0.123789
 242	1.2050e-01	9.6864	3.076525	-0.000273	-2.728349	-0.924390	-0.021845
 243	1.2100e-01	9.7345	3.404202	0.000819	8.185048	2.773169	0.065535
 244	1.2150e-01	9.7377	3.258568	-0.000364	-3.637799	-1.232520	-0.029127
 245	1.2200e-01	9.7746	3.367793	0.000273	2.728349	0.924390	0.021845
 246	1.2250e-01	9.8291	3.331385	-0.000091	-0.909450	-0.308130	-0.007282
 247	1.2300e-01	9.8757	3.586245	0.000637	6.366149	2.156910	0.050972
 248	1.2350e-01	9.9190	3.768288	0.000455	4.547249	1.540650	0.036409
 249	1.2400e-01	9.9623	3.477019	-0.000728	-7.275599	-2.465040	-0.058254
 250	1.2450e-01	10.0024	3.913922	0.001091	10.913398	3.697559	0.087381
 251	1.2500e-01	10.0473	3.768288	-0.000364	-3.637799	-1.232520	-0.029127
 252	1.2550e-01	10.0842	4.059556	0.000728	7.275599	2.465040	0.058254
 253	1.2600e-01	10.1035	4.168782	0.000273	2.728349	0.924390	0.021845
 254	1.2650e-01	10.1500	4.241599	0.000182	1.818900	0.616260	0.014563
 255	1.2700e-01	10.2013	4.278008	0.000091	0.909450	0.308130	0.007282
 256	1.2750e-01	10.2318	4.205191	-0.000182	-1.818900	-0.616260	-0.014563
 257	1.2800e-01	10.2639	4.350825	0.000364	3.637799	1.232520	0.029127
 258	1.2850e-01	10.3200	4.860545	0.001273	12.732298	4.313819	0.101944
 259	1.2900e-01	10.3473	4.824136	-0.000091	-0.909450	-0.308130	-0.007282
 260	1.2950e-01	10.3810	4.824136	0.000000	0.000000	0.000000	0.000000
 261	1.3000e-01	10.4323	4.933362	0.000273	2.728349	0.924390	0.021845
 262	1.3050e-01	10.4869	4.751319	-0.000455	-4.547249	-1.540650	-0.036409
 263	1.3100e-01	10.4981	5.333857	0.001455	14.551197	4.930079	0.116507
 264	1.3150e-01	10.5286	4.896954	-0.001091	-10.913398	-3.697559	-0.087381
 265	1.3200e-01	10.6008	5.370265	0.001182	11.822848	4.005689	0.094662
 266	1.3250e-01	10.6264	5.261039	-0.000273	-2.728349	-0.924390	-0.021845
 267	1.3300e-01	10.6730	5.770759	0.001273	12.732298	4.313819	0.101944
 268	1.3350e-01	10.7115	5.333857	-0.001091	-10.913398	-3.697559	-0.087381
 269	1.3400e-01	10.7387	5.697942	0.000909	9.094498	3.081299	0.072817
 270	1.3450e-01	10.7917	5.697942	0.000000	0.000000	0.000000	0.000000
 271	1.3500e-01	10.8318	5.697942	0.000000	0.000000	0.000000	0.000000
 272	1.3550e-01	10.8671	5.697942	0.000000	0.000000	0.000000	0.000000
 273	1.3600e-01	10.9200	5.734351	0.000091	0.909450	0.308130	0.007282
 274	1.3650e-01	10.9473	5.843577	0.000273	2.728349	0.924390	0.021845
 275	1.3700e-01	11.0098	6.098437	0.000637	6.366149	2.156910	0.050972
 276	1.3750e-01	11.0339	6.498931	0.001000	10.003948	3.389429	0.080099
 277	1.3800e-01	11.0596	6.316888	-0.000455	-4.547249	-1.540650	-0.036409
 278	1.3850e-01	11.1205	6.717382	0.001000	10.003948	3.389429	0.080099
 279	1.3900e-01	11.1590	6.535340	-0.000455	-4.547249	-1.540650	-0.036409
 280	1.3950e-01	11.1863	6.753791	0.000546	5.456699	1.848780	0.043690
 281	1.4000e-01	11.2296	6.790200	0.000091	0.909450	0.308130	0.007282
 282	1.4050e-01	11.2713	6.644565	-0.000364	-3.637799	-1.232520	-0.029127
 283	1.4100e-01	11.3114	6.644565	0.000000	0.000000	0.000000	0.000000
 284	1.4150e-01	11.3307	7.263511	0.001546	15.460647	5.238209	0.123789
 285	1.4200e-01	11.3756	7.154285	-0.000273	-2.728349	-0.924390	-0.021845
 286	1.4250e-01	11.4221	7.409145	0.000637	6.366149	2.156910	0.050972
 287	1.4300e-01	11.4687	6.972242	-0.001091	-10.913398	-3.697559	-0.087381
 288	1.4350e-01	11.5248	7.336328	0.000909	9.094498	3.081299	0.072817
 289	1.4400e-01	11.5521	7.445554	0.000273	2.728349	0.924390	0.021845
 290	1.4450e-01	11.5826	7.190694	-0.000637	-6.366149	-2.156910	-0.050972
 291	1.4500e-01	11.6259	7.336328	0.000364	3.637799	1.232520	0.029127
 292	1.4550e-01	11.6836	7.372737	0.000091	0.909450	0.308130	0.007282
 293	1.4600e-01	11.7029	7.481963	0.000273	2.728349	0.924390	0.021845
 294	1.4650e-01	11.7350	7.664005	0.000455	4.547249	1.540650	0.036409
 295	1.4700e-01	11.7943	8.028091	0.000909	9.094498	3.081299	0.072817
 296	1.4750e-01	11.8264	8.100908	0.000182	1.818900	0.616260	0.014563
 297	1.4800e-01	11.8761	8.392177	0.000728	7.275599	2.465040	0.058254
 298	1.4850e-01	11.9162	7.918865	-0.001182	-11.822848	-4.005689	-0.094662
 299	1.4900e-01	11.9499	8.428586	0.001273	12.732298	4.313819	0.101944
 300	1.4950e-01	11.9932	8.282951	-0.000364	-3.637799	-1.232520	-0.029127
 301	1.5000e-01	12.0430	8.537811	0.000637	6.366149	2.156910	0.050972
 302	1.5050e-01	12.0815	8.719854	0.000455	4.547249	1.540650	0.036409
 303	1.5100e-01	12.1087	8.282951	-0.001091	-10.913398	-3.697559	-0.087381
 304	1.5150e-01	12.1408	8.756263	0.001182	11.822848	4.005689	0.094662
 305	1.5200e-01	12.1777	8.756263	0.000000	0.000000	0.000000	0.000000
 306	1.5250e-01	12.2435	8.829080	0.000182	1.818900	0.616260	0.014563
 307	1.5300e-01	12.2740	8.683446	-0.000364	-3.637799	-1.232520	-0.029127
 308	1.5350e-01	12.3189	9.302391	0.001546	15.460647	5.238209	0.123789
 309	1.5400e-01	12.3590	8.537811	-0.001910	-19.098446	-6.470729	-0.152916
 310	1.5450e-01	12.3895	9.666477	0.002819	28.192944	9.552028	0.225733
 311	1.5500e-01	12.4119	9.229574	-0.001091	-10.913398	-3.697559	-0.087381
 312	1.5550e-01	12.4713	9.411617	0.000455	4.547249	1.540650	0.036409
 313	1.5600e-01	12.5082	9.520843	0.000273	2.728349	0.924390	0.021845
 314	1.5650e-01	12.5483	9.411617	-0.000273	-2.728349	-0.924390	-0.021845
 315	1.5700e-01	12.6093	9.702886	0.000728	7.275599	2.465040	0.058254
 316	1.5750e-01	12.6205	9.739294	0.000091	0.909450	0.308130	0.007282
 317	1.5800e-01	12.6847	9.921337	0.000455	4.547249	1.540650	0.036409
 318	1.5850e-01	12.7312	9.775703	-0.000364	-3.637799	-1.232520	-0.029127
 319	1.5900e-01	12.7681	10.212606	0.001091	10.913398	3.697559	0.087381
 320	1.5950e-01	12.7922	10.176197	-0.000091	-0.909450	-0.308130	-0.007282
 321	1.6000e-01	12.8226	9.994154	-0.000455	-4.547249	-1.540650	-0.036409
 322	1.6050e-01	12.8820	10.066972	0.000182	1.818900	0.616260	0.014563
 323	1.6100e-01	12.9061	9.921337	-0.000364	-3.637799	-1.232520	-0.029127
 324	1.6150e-01	12.9333	10.685917	0.001910	19.098446	6.470729	0.152916
 325	1.6200e-01	12.9638	10.613100	-0.000182	-1.818900	-0.616260	-0.014563
 326	1.6250e-01	13.0232	11.050003	0.001091	10.913398	3.697559	0.087381
 327	1.6300e-01	13.0713	10.358240	-0.001728	-17.279547	-5.854469	-0.138353
 328	1.6350e-01	13.1419	10.904369	0.001364	13.641747	4.621949	0.109226
 329	1.6400e-01	13.1563	11.050003	0.000364	3.637799	1.232520	0.029127
 330	1.6450e-01	13.2012	10.576692	-0.001182	-11.822848	-4.005689	-0.094662
 331	1.6500e-01	13.2333	11.122820	0.001364	13.641747	4.621949	0.109226
 332	1.6550e-01	13.2911	10.722326	-0.001000	-10.003948	-3.389429	-0.080099
 333	1.6600e-01	13.3328	11.086412	0.000909	9.094498	3.081299	0.072817
 334	1.6650e-01	13.3552	11.523315	0.001091	10.913398	3.697559	0.087381
 335	1.6700e-01	13.3809	11.377680	-0.000364	-3.637799	-1.232520	-0.029127
 336	1.6750e-01	13.4242	11.596132	0.000546	5.456699	1.848780	0.043690
 337	1.6800e-01	13.4756	11.195637	-0.001000	-10.003948	-3.389429	-0.080099
 338	1.6850e-01	13.5237	11.741766	0.001364	13.641747	4.621949	0.109226
 339	1.6900e-01	13.5590	11.632540	-0.000273	-2.728349	-0.924390	-0.021845
 340	1.6950e-01	13.6135	11.559723	-0.000182	-1.818900	-0.616260	-0.014563
 341	1.7000e-01	13.6312	11.887400	0.000819	8.185048	2.773169	0.065535
 342	1.7050e-01	13.6761	11.450497	-0.001091	-10.913398	-3.697559	-0.087381
 343	1.7100e-01	13.7274	11.923809	0.001182	11.822848	4.005689	0.094662
 344	1.7150e-01	13.7451	11.850992	-0.000182	-1.818900	-0.616260	-0.014563
 345	1.7200e-01	13.8140	12.069443	0.000546	5.456699	1.848780	0.043690
 346	1.7250e-01	13.8333	11.814583	-0.000637	-6.366149	-2.156910	-0.050972
 347	1.7300e-01	13.8734	12.287895	0.001182	11.822848	4.005689	0.094662
 348	1.7350e-01	13.8894	12.287895	0.000000	0.000000	0.000000	0.000000
 349	1.7400e-01	13.9376	12.724798	0.001091	10.913398	3.697559	0.087381
 350	1.7450e-01	13.9793	12.324303	-0.001000	-10.003948	-3.389429	-0.080099
 351	1.7500e-01	14.0322	12.360712	0.000091	0.909450	0.308130	0.007282
 352	1.7550e-01	14.0707	12.433529	0.000182	1.818900	0.616260	0.014563
 353	1.7600e-01	14.1189	13.125292	0.001728	17.279547	5.854469	0.138353
 354	1.7650e-01	14.1461	12.943249	-0.000455	-4.547249	-1.540650	-0.036409
 355	1.7700e-01	14.1830	12.943249	0.000000	0.000000	0.000000	0.000000
 356	1.7750e-01	14.2135	12.943249	0.000000	0.000000	0.000000	0.000000
 357	1.7800e-01	14.2713	13.088883	0.000364	3.637799	1.232520	0.029127
 358	1.7850e-01	14.3017	12.906841	-0.000455	-4.547249	-1.540650	-0.036409
 359	1.7900e-01	14.3531	13.270926	0.000909	9.094498	3.081299	0.072817
 360	1.7950e-01	14.3964	13.416561	0.000364	3.637799	1.232520	0.029127
 361	1.8000e-01	14.4188	13.416561	0.000000	0.000000	0.000000	0.000000
 362	1.8050e-01	14.4622	13.416561	0.000000	0.000000	0.000000	0.000000
 363	1.8100e-01	14.4991	13.744238	0.000819	8.185048	2.773169	0.065535
 364	1.8150e-01	14.5376	13.270926	-0.001182	-11.822848	-4.005689	-0.094662
 365	1.8200e-01	14.5905	13.926281	0.001637	16.370097	5.546339	0.131071
 366	1.8250e-01	14.6146	13.999098	0.000182	1.818900	0.616260	0.014563
 367	1.8300e-01	14.6611	13.780646	-0.000546	-5.456699	-1.848780	-0.043690
 368	1.8350e-01	14.6900	13.926281	0.000364	3.637799	1.232520	0.029127
 369	1.8400e-01	14.7349	13.962689	0.000091	0.909450	0.308130	0.007282
 370	1.8450e-01	14.8007	14.181141	0.000546	5.456699	1.848780	0.043690
 371	1.8500e-01	14.8231	14.290366	0.000273	2.728349	0.924390	0.021845
 372	1.8550e-01	14.8440	14.253958	-0.000091	-0.909450	-0.308130	-0.007282
 373	1.8600e-01	14.9017	14.909312	0.001637	16.370097	5.546339	0.131071
 374	1.8650e-01	14.9643	14.290366	-0.001546	-15.460647	-5.238209	-0.123789
 375	1.8700e-01	14.9819	14.618044	0.000819	8.185048	2.773169	0.065535
 376	1.8750e-01	15.0236	14.982129	0.000909	9.094498	3.081299	0.072817
 377	1.8800e-01	15.0734	14.763678	-0.000546	-5.456699	-1.848780	-0.043690
 378	1.8850e-01	15.0958	15.164172	0.001000	10.003948	3.389429	0.080099
 379	1.8900e-01	15.1504	14.800087	-0.000909	-9.094498	-3.081299	-0.072817
 380	1.8950e-01	15.2017	15.054947	0.000637	6.366149	2.156910	0.050972
 381	1.9000e-01	15.2258	14.982129	-0.000182	-1.818900	-0.616260	-0.014563
 382	1.9050e-01	15.2819	15.091355	0.000273	2.728349	0.924390	0.021845
 383	1.9100e-01	15.3124	14.909312	-0.000455	-4.547249	-1.540650	-0.036409
 384	1.9150e-01	15.3637	15.273398	0.000909	9.094498	3.081299	0.072817
 385	1.9200e-01	15.4006	14.836495	-0.001091	-10.913398	-3.697559	-0.087381
 386	1.9250e-01	15.4311	15.491849	0.001637	16.370097	5.546339	0.131071
 387	1.9300e-01	15.4664	15.382624	-0.000273	-2.728349	-0.924390	-0.021845
 388	1.9350e-01	15.5145	15.455441	0.000182	1.818900	0.616260	0.014563
 389	1.9400e-01	15.5530	15.236989	-0.000546	-5.456699	-1.848780	-0.043690
 390	1.9450e-01	15.5996	15.746710	0.001273	12.732298	4.313819	0.101944
 391	1.9500e-01	15.6541	15.673892	-0.000182	-1.818900	-0.616260	-0.014563
 392	1.9550e-01	15.6685	15.601075	-0.000182	-1.818900	-0.616260	-0.014563
 393	1.9600e-01	15.7086	16.110795	0.001273	12.732298	4.313819	0.101944
 394	1.9650e-01	15.7471	15.855935	-0.000637	-6.366149	-2.156910	-0.050972
 395	1.9700e-01	15.7873	16.292838	0.001091	10.913398	3.697559	0.087381
 396	1.9750e-01	15.8322	16.037978	-0.000637	-6.366149	-2.156910	-0.050972
 397	1.9800e-01	15.8707	16.183612	0.000364	3.637799	1.232520	0.029127
 398	1.9850e-01	15.9012	16.474881	0.000728	7.275599	2.465040	0.058254
 399	1.9900e-01	15.9397	16.474881	0.000000	0.000000	0.000000	0.000000
 400	1.9950e-01	15.9862	16.438472	-0.000091	-0.909450	-0.308130	-0.007282
 401	2.0000e-01	16.0520	16.365655	-0.000182	-1.818900	-0.616260	-0.014563
 402	2.0050e-01	16.0760	16.474881	0.000273	2.728349	0.924390	0.021845
 403	2.0100e-01	16.1177	16.584107	0.000273	2.728349	0.924390	0.021845
 404	2.0150e-01	16.1546	16.547698	-0.000091	-0.909450	-0.308130	-0.007282
 405	2.0200e-01	16.1787	16.838967	0.000728	7.275599	2.465040	0.058254
 406	2.0250e-01	16.2268	17.166644	0.000819	8.185048	2.773169	0.065535
 407	2.0300e-01	16.2669	16.584107	-0.001455	-14.551197	-4.930079	-0.116507
 408	2.0350e-01	16.3086	16.729741	0.000364	3.637799	1.232520	0.029127
 409	2.0400e-01	16.3552	17.494321	0.001910	19.098446	6.470729	0.152916
 410	2.0450e-01	16.3953	17.385096	-0.000273	-2.728349	-0.924390	-0.021845
 411	2.0500e-01	16.4338	17.494321	0.000273	2.728349	0.924390	0.021845
 412	2.0550e-01	16.4674	17.712773	0.000546	5.456699	1.848780	0.043690
 413	2.0600e-01	16.5027	17.567138	-0.000364	-3.637799	-1.232520	-0.029127
 414	2.0650e-01	16.5493	17.567138	0.000000	0.000000	0.000000	0.000000
 415	2.0700e-01	16.5910	17.639956	0.000182	1.818900	0.616260	0.014563
 416	2.0750e-01	16.6215	17.749181	0.000273	2.728349	0.924390	0.021845
 417	2.0800e-01	16.7001	17.676364	-0.000182	-1.818900	-0.616260	-0.014563
 418	2.0850e-01	16.6856	17.894816	-0.000546	-5.456699	-1.848780	0.043690
 419	2.0900e-01	16.7562	18.186084	0.000728	7.275599	2.465040	0.058254
 420	2.0950e-01	16.7674	17.931224	-0.000637	-6.366149	-2.156910	-0.050972
 421	2.1000e-01	16.8348	18.149676	0.000546	5.456699	1.848780	0.043690
 422	2.1050e-01	16.8509	17.931224	-0.000546	-5.456699	-1.848780	-0.043690
 423	2.1100e-01	16.9166	18.295310	0.000909	9.094498	3.081299	0.072817
 424	2.1150e-01	16.9519	18.258901	-0.000091	-0.909450	-0.308130	-0.007282
 425	2.1200e-01	17.0001	18.076858	-0.000455	-4.547249	-1.540650	-0.036409
 426	2.1250e-01	17.0225	18.404536	0.000819	8.185048	2.773169	0.065535
 427	2.1300e-01	17.0819	18.440944	0.000091	0.909450	0.308130	0.007282
 428	2.1350e-01	17.1188	18.950664	0.001273	12.732298	4.313819	0.101944
 429	2.1400e-01	17.1348	18.550170	-0.001000	-10.003948	-3.389429	-0.080099
 430	2.1450e-01	17.1990	18.659396	0.000273	2.728349	0.924390	0.021845
 431	2.1500e-01	17.2295	18.695804	0.000091	0.909450	0.308130	0.007282
 432	2.1550e-01	17.2744	18.768621	0.000182	1.818900	0.616260	0.014563
 433	2.1600e-01	17.3065	18.805030	0.000091	0.909450	0.308130	0.007282
 434	2.1650e-01	17.3450	18.841439	0.000091	0.909450	0.308130	0.007282
 435	2.1700e-01	17.4107	19.059890	0.000546	5.456699	1.848780	0.043690
 436	2.1750e-01	17.4284	18.987073	-0.000182	-1.818900	-0.616260	-0.014563
 437	2.1800e-01	17.4749	19.606019	0.001546	15.460647	5.238209	0.123789
 438	2.1850e-01	17.5150	19.241933	-0.000909	-9.094498	-3.081299	-0.072817
 439	2.1900e-01	17.5471	19.569610	0.000819	8.185048	2.773169	0.065535
 440	2.1950e-01	17.5792	19.351159	-0.000546	-5.456699	-1.848780	-0.043690
 441	2.2000e-01	17.6369	19.788062	0.001091	10.913398	3.697559	0.087381
 442	2.2050e-01	17.6610	19.496793	-0.000728	-7.275599	-2.465040	-0.058254
 443	2.2100e-01	17.7139	19.751653	0.000637	6.366149	2.156910	0.050972
 444	2.2150e-01	17.7332	19.751653	0.000000	0.000000	0.000000	0.000000
 445	2.2200e-01	17.7797	19.715244	-0.000091	-0.909450	-0.308130	-0.007282
 446	2.2250e-01	17.8038	19.897287	0.000455	4.547249	1.540650	0.036409
 447	2.2300e-01	17.8744	20.334190	0.001091	10.913398	3.697559	0.087381
 448	2.2350e-01	17.8904	19.788062	-0.001364	-13.641747	-4.621949	-0.109226
 449	2.2400e-01	17.9546	19.933696	0.000364	3.637799	1.232520	0.029127
 450	2.2450e-01	17.9883	20.079330	0.000364	3.637799	1.232520	0.029127
 451	2.2500e-01	18.0396	20.261373	0.000455	4.547249	1.540650	0.036409
 452	2.2550e-01	18.0877	20.152147	-0.000273	-2.728349	-0.924390	-0.021845
 453	2.2600e-01	18.1150	20.370599	0.000546	5.456699	1.848780	0.043690
 454	2.2650e-01	18.1503	20.115739	-0.000637	-6.366149	-2.156910	-0.050972
 455	2.2700e-01	18.1920	20.334190	0.000546	5.456699	1.848780	0.043690
 456	2.2750e-01	18.2401	20.407007	0.000182	1.818900	0.616260	0.014563
 457	2.2800e-01	18.2738	20.224965	-0.000455	-4.547249	-1.540650	-0.036409
 458	2.2850e-01	18.3284	20.407007	0.000455	4.547249	1.540650	0.036409
 459	2.2900e-01	18.3572	20.771093	0.000909	9.094498	3.081299	0.072817
 460	2.2950e-01	18.3989	20.479825	-0.000728	-7.275599	-2.465040	-0.058254
 461	2.3000e-01	18.4374	21.426448	0.002365	23.645695	8.011378	0.189325
 462	2.3050e-01	18.4743	20.916727	-0.001273	-12.732298	-4.313819	-0.101944
 463	2.3100e-01	18.5128	21.025953	0.000273	2.728349	0.924390	0.021845
 464	2.3150e-01	18.5706	21.317222	0.000728	7.275599	2.465040	0.058254
 465	2.3200e-01	18.5786	20.734685	-0.001455	-14.551197	-4.930079	-0.116507
 466	2.3250e-01	18.6348	21.171588	0.001091	10.913398	3.697559	0.087381
 467	2.3300e-01	18.6717	21.244405	0.000182	1.818900	0.616260	0.014563
 468	2.3350e-01	18.7166	21.171588	-0.000182	-1.818900	-0.616260	-0.014563
 469	2.3400e-01	18.7615	21.535673	0.000909	9.094498	3.081299	0.072817
 470	2.3450e-01	18.7856	21.462856	-0.000182	-1.818900	-0.616260	-0.014563
 471	2.3500e-01	18.8257	22.045393	0.001455	14.551197	4.930079	0.116507
 472	2.3550e-01	18.8674	21.572082	-0.001182	-11.822848	-4.005689	-0.094662
 473	2.3600e-01	18.9059	21.899759	0.000819	8.185048	2.773169	0.065535
 474	2.3650e-01	18.9492	22.045393	0.000364	3.637799	1.232520	0.029127
 475	2.3700e-01	18.9813	21.899759	-0.000364	-3.637799	-1.232520	-0.029127
 476	2.3750e-01	19.0422	21.899759	0.000000	0.000000	0.000000	0.000000
 477	2.3800e-01	19.0743	22.191028	0.000728	7.275599	2.465040	0.058254
 478	2.3850e-01	19.1160	22.118211	-0.000182	-1.818900	-0.616260	-0.014563
 479	2.3900e-01	19.1481	22.482296	0.000909	9.094498	3.081299	0.072817
 480	2.3950e-01	19.1818	22.081802	-0.001000	-10.003948	-3.389429	-0.080099
 481	2.4000e-01	19.2444	22.300253	0.000546	5.456699	1.848780	0.043690
 482	2.4050e-01	19.2684	22.191028	-0.000273	-2.728349	-0.924390	-0.021845
 483	2.4100e-01	19.3021	22.336662	0.000364	3.637799	1.232520	0.029127
 484	2.4150e-01	19.3438	22.336662	0.000000	0.000000	0.000000	0.000000
 485	2.4200e-01	19.3839	22.591522	0.000637	6.366149	2.156910	0.050972
 486	2.4250e-01	19.4064	22.482296	-0.000273	-2.728349	-0.924390	-0.021845
 487	2.4300e-01	19.4914	22.263845	-0.000546	-5.456699	-1.848780	-0.043690
 488	2.4350e-01	19.5043	22.336662	0.000182	1.818900	0.616260	0.014563
 489	2.4400e-01	19.5476	22.737156	0.001000	10.003948	3.389429	0.080099
 490	2.4450e-01	19.5925	23.319694	0.001455	14.551197	4.930079	0.116507
 491	2.4500e-01	19.6358	22.919199	-0.001000	-10.003948	-3.389429	-0.080099
 492	2.4550e-01	19.6583	22.700748	-0.000546	-5.456699	-1.848780	-0.043690
 493	2.4600e-01	19.7176	22.955608	0.000637	6.366149	2.156910	0.050972
 494	2.4650e-01	19.7658	23.319694	0.000909	9.094498	3.081299	0.072817
 495	2.4700e-01	19.7786	23.246876	-0.000182	-1.818900	-0.616260	-0.014563
 496	2.4750e-01	19.8283	23.210468	-0.000091	-0.909450	-0.308130	-0.007282
 497	2.4800e-01	19.8604	23.501736	0.000728	7.275599	2.465040	0.058254
 498	2.4850e-01	19.9117	22.700748	-0.002001	-20.007896	-6.778859	-0.160198
 499	2.4900e-01	19.9663	23.428919	0.001819	18.188996	6.162599	0.145634
 500	2.4950e-01	19.9679	23.574554	0.000364	3.637799	1.232520	0.029127
 501	2.5000e-01	20.0256	23.428919	-0.000364	-3.637799	-1.232520	-0.029127
 502	2.5050e-01	19.9919	23.319694	0.000273	2.728349	0.924390	-0.021845
 503	2.5100e-01	19.9374	23.246876	0.000182	1.818900	0.616260	-0.014563
 504	2.5150e-01	19.9278	23.246876	-0.000000	-0.000000	-0.000000	0.000000
 505	2.5200e-01	19.8476	23.428919	-0.000455	-4.547249	-1.540650	0.036409
 506	2.5250e-01	19.8428	23.137651	0.000728	7.275599	2.465040	-0.058254
 507	2.5300e-01	19.7802	22.919199	0.000546	5.456699	1.848780	-0.043690
 508	2.5350e-01	19.7481	23.028425	-0.000273	-2.728349	-0.924390	0.021845
 509	2.5400e-01	19.7000	23.137651	-0.000273	-2.728349	-0.924390	0.021845
 510	2.5450e-01	19.6807	22.700748	0.001091	10.913398	3.697559	-0.087381
 511	2.5500e-01	19.6037	22.664339	0.000091	0.909450	0.308130	-0.007282
 512	2.5550e-01	19.5861	22.809973	-0.000364	-3.637799	-1.232520	0.029127
 513	2.5600e-01	19.5187	22.809973	-0.000000	-0.000000	-0.000000	0.000000
 514	2.5650e-01	19.5043	22.882791	-0.000182	-1.818900	-0.616260	0.014563
 515	2.5700e-01	19.4754	22.518705	0.000909	9.094498	3.081299	-0.072817
 516	2.5750e-01	19.4144	22.445888	0.000182	1.818900	0.616260	-0.014563
 517	2.5800e-01	19.4032	22.591522	-0.000364	-3.637799	-1.232520	0.029127
 518	2.5850e-01	19.3406	22.445888	0.000364	3.637799	1.232520	-0.029127
 519	2.5900e-01	19.2893	22.773565	-0.000819	-8.185048	-2.773169	0.065535
 520	2.5950e-01	19.2716	22.591522	0.000455	4.547249	1.540650	-0.036409
 521	2.6000e-01	19.2251	22.300253	0.000728	7.275599	2.465040	-0.058254
 522	2.6050e-01	19.1754	22.227436	0.000182	1.818900	0.616260	-0.014563
 523	2.6100e-01	19.1241	22.191028	0.000091	0.909450	0.308130	-0.007282
 524	2.6150e-01	19.1048	22.081802	0.000273	2.728349	0.924390	-0.021845
 525	2.6200e-01	19.0711	22.191028	-0.000273	-2.728349	-0.924390	0.021845
 526	2.6250e-01	19.0166	22.045393	0.000364	3.637799	1.232520	-0.029127
 527	2.6300e-01	18.9797	21.426448	0.001546	15.460647	5.238209	-0.123789
 528	2.6350e-01	18.9604	21.499265	-0.000182	-1.818900	-0.616260	0.014563
 529	2.6400e-01	18.9171	21.936168	-0.001091	-10.913398	-3.697559	0.087381
 530	2.6450e-01	18.8722	21.972576	-0.000091	-0.909450	-0.308130	0.007282
 531	2.6500e-01	18.8064	21.499265	0.001182	11.822848	4.005689	-0.094662
 532	2.6550e-01	18.7888	21.353630	0.000364	3.637799	1.232520	-0.029127
 533	2.6600e-01	18.7423	21.754125	-0.001000	-10.003948	-3.389429	0.080099
 534	2.6650e-01	18.7118	21.025953	0.001819	18.188996	6.162599	-0.145634
 535	2.6700e-01	18.6733	21.535673	-0.001273	-12.732298	-4.313819	0.101944
 536	2.6750e-01	18.6123	21.353630	0.000455	4.547249	1.540650	-0.036409
 537	2.6800e-01	18.5754	21.098770	0.000637	6.366149	2.156910	-0.050972
 538	2.6850e-01	18.5530	20.880319	0.000546	5.456699	1.848780	-0.043690
 539	2.6900e-01	18.4824	21.171588	-0.000728	-7.275599	-2.465040	0.058254
 540	2.6950e-01	18.4792	21.207996	-0.000091	-0.909450	-0.308130	0.007282
 541	2.7000e-01	18.4166	20.552642	0.001637	16.370097	5.546339	-0.131071
 542	2.7050e-01	18.4054	20.807502	-0.000637	-6.366149	-2.156910	0.050972
 543	2.7100e-01	18.3685	20.989545	-0.000455	-4.547249	-1.540650	0.036409
 544	2.7150e-01	18.2818	20.552642	0.001091	10.913398	3.697559	-0.087381
 545	2.7200e-01	18.2546	20.807502	-0.000637	-6.366149	-2.156910	0.050972
 546	2.7250e-01	18.2225	20.479825	0.000819	8.185048	2.773169	-0.065535
 547	2.7300e-01	18.1776	20.479825	-0.000000	-0.000000	-0.000000	0.000000
 548	2.7350e-01	18.1423	20.843910	-0.000909	-9.094498	-3.081299	0.072817
 549	2.7400e-01	18.0974	20.443416	0.001000	10.003948	3.389429	-0.080099
 550	2.7450e-01	18.0749	20.661867	-0.000546	-5.456699	-1.848780	0.043690
 551	2.7500e-01	18.0155	20.297782	0.000909	9.094498	3.081299	-0.072817
 552	2.7550e-01	17.9851	20.334190	-0.000091	-0.909450	-0.308130	0.007282
 553	2.7600e-01	17.9530	20.516233	-0.000455	-4.547249	-1.540650	0.036409
 554	2.7650e-01	17.9000	20.443416	0.000182	1.818900	0.616260	-0.014563
 555	2.7700e-01	17.8679	20.261373	0.000455	4.547249	1.540650	-0.036409
 556	2.7750e-01	17.8343	20.224965	0.000091	0.909450	0.308130	-0.007282
 557	2.7800e-01	17.7893	19.533202	0.001728	17.279547	5.854469	-0.138353
 558	2.7850e-01	17.7284	19.860879	-0.000819	-8.185048	-2.773169	0.065535
 559	2.7900e-01	17.7188	19.860879	-0.000000	-0.000000	-0.000000	0.000000
 560	2.7950e-01	17.6674	19.715244	0.000364	3.637799	1.232520	-0.029127
 561	2.8000e-01	17.6225	19.860879	-0.000364	-3.637799	-1.232520	0.029127
 562	2.8050e-01	17.5840	20.115739	-0.000637	-6.366149	-2.156910	0.050972
 563	2.8100e-01	17.5407	19.751653	0.000909	9.094498	3.081299	-0.072817
 564	2.8150e-01	17.5022	19.314750	0.001091	10.913398	3.697559	-0.087381
 565	2.8200e-01	17.4685	19.569610	-0.000637	-6.366149	-2.156910	0.050972
 566	2.8250e-01	17.4172	19.496793	0.000182	1.818900	0.616260	-0.014563
 567	2.8300e-01	17.3963	19.351159	0.000364	3.637799	1.232520	-0.029127
 568	2.8350e-01	17.3321	19.132707	0.000546	5.456699	1.848780	-0.043690
 569	2.8400e-01	17.3193	19.241933	-0.000273	-2.728349	-0.924390	0.021845
 570	2.8450e-01	17.2712	19.169116	0.000182	1.818900	0.616260	-0.014563
 571	2.8500e-01	17.2102	19.387567	-0.000546	-5.456699	-1.848780	0.043690
 572	2.8550e-01	17.1701	19.059890	0.000819	8.185048	2.773169	-0.065535
 573	2.8600e-01	17.1428	18.659396	0.001000	10.003948	3.389429	-0.080099
 574	2.8650e-01	17.1075	19.059890	-0.001000	-10.003948	-3.389429	0.080099
 575	2.8700e-01	17.0546	19.132707	-0.000182	-1.818900	-0.616260	0.014563
 576	2.8750e-01	17.0113	18.622987	0.001273	12.732298	4.313819	-0.101944
 577	2.8800e-01	17.0033	18.877847	-0.000637	-6.366149	-2.156910	0.050972
 578	2.8850e-01	16.9391	18.513761	0.000909	9.094498	3.081299	-0.072817
 579	2.8900e-01	16.8990	18.222493	0.000728	7.275599	2.465040	-0.058254
 580	2.8950e-01	16.8589	18.695804	-0.001182	-11.822848	-4.005689	0.094662
 581	2.9000e-01	16.8172	18.550170	0.000364	3.637799	1.232520	-0.029127
 582	2.9050e-01	16.7835	18.586579	-0.000091	-0.909450	-0.308130	0.007282
 583	2.9100e-01	16.7482	18.186084	0.001000	10.003948	3.389429	-0.080099
 584	2.9150e-01	16.6985	18.586579	-0.001000	-10.003948	-3.389429	0.080099
 585	2.9200e-01	16.6600	18.040450	0.001364	13.641747	4.621949	-0.109226
 586	2.9250e-01	16.6455	18.222493	-0.000455	-4.547249	-1.540650	0.036409
 587	2.9300e-01	16.5862	18.076858	0.000364	3.637799	1.232520	-0.029127
 588	2.9350e-01	16.5589	18.076858	-0.000000	-0.000000	-0.000000	0.000000
 589	2.9400e-01	16.5011	17.567138	0.001273	12.732298	4.313819	-0.101944
 590	2.9450e-01	16.4578	17.931224	-0.000909	-9.094498	-3.081299	0.072817
 591	2.9500e-01	16.4273	18.040450	-0.000273	-2.728349	-0.924390	0.021845
 592	2.9550e-01	16.3664	17.603547	0.001091	10.913398	3.697559	-0.087381
 593	2.9600e-01	16.3519	17.457913	0.000364	3.637799	1.232520	-0.029127
 594	2.9650e-01	16.3022	17.530730	-0.000182	-1.818900	-0.616260	0.014563
 595	2.9700e-01	16.2653	17.421504	0.000273	2.728349	0.924390	-0.021845
 596	2.9750e-01	16.2172	17.385096	0.000091	0.909450	0.308130	-0.007282
 597	2.9800e-01	16.1819	17.239461	0.000364	3.637799	1.232520	-0.029127
 598	2.9850e-01	16.1434	17.457913	-0.000546	-5.456699	-1.848780	0.043690
 599	2.9900e-01	16.1065	17.385096	0.000182	1.818900	0.616260	-0.014563
 600	2.9950e-01	16.0680	16.729741	0.001637	16.370097	5.546339	-0.131071
 601	3.0000e-01	16.0359	17.093827	-0.000909	-9.094498	-3.081299	0.072817
 602	3.0050e-01	15.9701	17.130235	-0.000091	-0.909450	-0.308130	0.007282
 603	3.0100e-01	15.9557	17.057418	0.000182	1.818900	0.616260	-0.014563
 604	3.0150e-01	15.9220	16.402064	0.001637	16.370097	5.546339	-0.131071
 605	3.0200e-01	15.8675	16.838967	-0.001091	-10.913398	-3.697559	0.087381
 606	3.0250e-01	15.8193	16.547698	0.000728	7.275599	2.465040	-0.058254
 607	3.0300e-01	15.7985	16.875375	-0.000819	-8.185048	-2.773169	0.065535
 608	3.0350e-01	15.7391	16.402064	0.001182	11.822848	4.005689	-0.094662
 609	3.0400e-01	15.6926	16.766150	-0.000909	-9.094498	-3.081299	0.072817
 610	3.0450e-01	15.6589	16.438472	0.000819	8.185048	2.773169	-0.065535
 611	3.0500e-01	15.6397	16.547698	-0.000273	-2.728349	-0.924390	0.021845
 612	3.0550e-01	15.5931	16.365655	0.000455	4.547249	1.540650	-0.036409
 613	3.0600e-01	15.5210	16.292838	0.000182	1.818900	0.616260	-0.014563
 614	3.0650e-01	15.5113	16.220021	0.000182	1.818900	0.616260	-0.014563
 615	3.0700e-01	15.4584	16.037978	0.000455	4.547249	1.540650	-0.036409
 616	3.0750e-01	15.4375	16.110795	-0.000182	-1.818900	-0.616260	0.014563
 617	3.0800e-01	15.4054	16.292838	-0.000455	-4.547249	-1.540650	0.036409
 618	3.0850e-01	15.3317	16.147204	0.000364	3.637799	1.232520	-0.029127
 619	3.0900e-01	15.2932	16.110795	0.000091	0.909450	0.308130	-0.007282
 620	3.0950e-01	15.2627	15.673892	0.001091	10.913398	3.697559	-0.087381
 621	3.1000e-01	15.2129	15.710301	-0.000091	-0.909450	-0.308130	0.007282
 622	3.1050e-01	15.1889	15.783118	-0.000182	-1.818900	-0.616260	0.014563
 623	3.1100e-01	15.1279	16.001570	-0.000546	-5.456699	-1.848780	0.043690
 624	3.1150e-01	15.0798	15.236989	0.001910	19.098446	6.470729	-0.152916
 625	3.1200e-01	15.0541	15.783118	-0.001364	-13.641747	-4.621949	0.109226
 626	3.1250e-01	15.0365	15.309807	0.001182	11.822848	4.005689	-0.094662
 627	3.1300e-01	14.9739	15.236989	0.000182	1.818900	0.616260	-0.014563
 628	3.1350e-01	14.9418	15.309807	-0.000182	-1.818900	-0.616260	0.014563
 629	3.1400e-01	14.9113	15.018538	0.000728	7.275599	2.465040	-0.058254
 630	3.1450e-01	14.8520	14.872904	0.000364	3.637799	1.232520	-0.029127
 631	3.1500e-01	14.8295	15.200581	-0.000819	-8.185048	-2.773169	0.065535
 632	3.1550e-01	14.7702	14.618044	0.001455	14.551197	4.930079	-0.116507
 633	3.1600e-01	14.7493	14.690861	-0.000182	-1.818900	-0.616260	0.014563
 634	3.1650e-01	14.6771	14.982129	-0.000728	-7.275599	-2.465040	0.058254
 635	3.1700e-01	14.6531	14.909312	0.000182	1.818900	0.616260	-0.014563
 636	3.1750e-01	14.6338	14.581635	0.000819	8.185048	2.773169	-0.065535
 637	3.1800e-01	14.5600	14.618044	-0.000091	-0.909450	-0.308130	0.007282
 638	3.1850e-01	14.5648	14.108324	-0.001273	-12.732298	-4.313819	-0.101944
 639	3.1900e-01	14.5071	14.508818	-0.001000	-10.003948	-3.389429	0.080099
 640	3.1950e-01	14.4557	14.727269	-0.000546	-5.456699	-1.848780	0.043690
 641	3.2000e-01	14.4204	14.654452	0.000182	1.818900	0.616260	-0.014563
 642	3.2050e-01	14.3948	13.962689	0.001728	17.279547	5.854469	-0.138353
 643	3.2100e-01	14.3563	14.618044	-0.001637	-16.370097	-5.546339	0.131071
 644	3.2150e-01	14.2969	13.926281	0.001728	17.279547	5.854469	-0.138353
 645	3.2200e-01	14.2745	13.962689	-0.000091	-0.909450	-0.308130	0.007282
 646	3.2250e-01	14.2311	14.071915	-0.000273	-2.728349	-0.924390	0.021845
 647	3.2300e-01	14.1878	14.108324	-0.000091	-0.909450	-0.308130	0.007282
 648	3.2350e-01	14.1253	13.489378	0.001546	15.460647	5.238209	-0.123789
 649	3.2400e-01	14.1092	13.525786	-0.000091	-0.909450	-0.308130	0.007282
 650	3.2450e-01	14.0787	13.707829	-0.000455	-4.547249	-1.540650	0.036409
 651	3.2500e-01	14.0258	13.780646	-0.000182	-1.818900	-0.616260	0.014563
 652	3.2550e-01	13.9809	13.744238	0.000091	0.909450	0.308130	-0.007282
 653	3.2600e-01	13.9392	13.525786	0.000546	5.456699	1.848780	-0.043690
 654	3.2650e-01	13.9071	13.125292	0.001000	10.003948	3.389429	-0.080099
 655	3.2700e-01	13.8526	13.307335	-0.000455	-4.547249	-1.540650	0.036409
 656	3.2750e-01	13.8397	13.198109	0.000273	2.728349	0.924390	-0.021845
 657	3.2800e-01	13.7900	13.198109	-0.000000	-0.000000	-0.000000	0.000000
 658	3.2850e-01	13.7419	12.943249	0.000637	6.366149	2.156910	-0.050972
 659	3.2900e-01	13.7210	13.161701	-0.000546	-5.456699	-1.848780	0.043690
 660	3.2950e-01	13.6568	12.943249	0.000546	5.456699	1.848780	-0.043690
 661	3.3000e-01	13.6167	12.615572	0.000819	8.185048	2.773169	-0.065535
 662	3.3050e-01	13.5782	12.797615	-0.000455	-4.547249	-1.540650	0.036409
 663	3.3100e-01	13.5558	12.506346	0.000728	7.275599	2.465040	-0.058254
 664	3.3150e-01	13.5189	12.724798	-0.000546	-5.456699	-1.848780	0.043690
 665	3.3200e-01	13.5028	11.996626	0.001819	18.188996	6.162599	-0.145634
 666	3.3250e-01	13.4290	12.433529	-0.001091	-10.913398	-3.697559	0.087381
 667	3.3300e-01	13.3809	12.360712	0.000182	1.818900	0.616260	-0.014563
 668	3.3350e-01	13.3296	12.397120	-0.000091	-0.909450	-0.308130	0.007282
 669	3.3400e-01	13.2975	12.542755	-0.000364	-3.637799	-1.232520	0.029127
 670	3.3450e-01	13.2782	12.324303	0.000546	5.456699	1.848780	-0.043690
 671	3.3500e-01	13.2141	12.105852	0.000546	5.456699	1.848780	-0.043690
 672	3.3550e-01	13.1756	11.741766	0.000909	9.094498	3.081299	-0.072817
 673	3.3600e-01	13.1547	11.778175	-0.000091	-0.909450	-0.308130	0.007282
 674	3.3650e-01	13.1066	11.996626	-0.000546	-5.456699	-1.848780	0.043690
 675	3.3700e-01	13.0585	10.977186	0.002546	25.464595	8.627638	-0.203888
 676	3.3750e-01	13.0280	11.705357	-0.001819	-18.188996	-6.162599	0.145634
 677	3.3800e-01	13.0023	11.159229	0.001364	13.641747	4.621949	-0.109226
 678	3.3850e-01	12.9526	11.778175	-0.001546	-15.460647	-5.238209	0.123789
 679	3.3900e-01	12.9269	11.377680	0.001000	10.003948	3.389429	-0.080099
 680	3.3950e-01	12.8788	11.304863	0.000182	1.818900	0.616260	-0.014563
 681	3.4000e-01	12.8098	11.304863	-0.000000	-0.000000	-0.000000	0.000000
 682	3.4050e-01	12.7857	11.341272	-0.000091	-0.909450	-0.308130	0.007282
 683	3.4100e-01	12.7456	11.341272	-0.000000	-0.000000	-0.000000	0.000000
 684	3.4150e-01	12.6943	11.122820	0.000546	5.456699	1.848780	-0.043690
 685	3.4200e-01	12.6606	10.977186	0.000364	3.637799	1.232520	-0.029127
 686	3.4250e-01	12.6237	11.050003	-0.000182	-1.818900	-0.616260	0.014563
 687	3.4300e-01	12.5948	10.867960	0.000455	4.547249	1.540650	-0.036409
 688	3.4350e-01	12.5435	10.831552	0.000091	0.909450	0.308130	-0.007282
 689	3.4400e-01	12.5082	10.540283	0.000728	7.275599	2.465040	-0.058254
 690	3.4450e-01	12.4729	10.139789	0.001000	10.003948	3.389429	-0.080099
 691	3.4500e-01	12.4440	10.249014	-0.000273	-2.728349	-0.924390	0.021845
 692	3.4550e-01	12.3879	10.503874	-0.000637	-6.366149	-2.156910	0.050972
 693	3.4600e-01	12.3333	10.503874	-0.000000	-0.000000	-0.000000	0.000000
 694	3.4650e-01	12.3141	10.249014	0.000637	6.366149	2.156910	-0.050972
 695	3.4700e-01	12.2660	10.176197	0.000182	1.818900	0.616260	-0.014563
 696	3.4750e-01	12.2098	10.103380	0.000182	1.818900	0.616260	-0.014563
 697	3.4800e-01	12.1809	10.103380	-0.000000	-0.000000	-0.000000	0.000000
 698	3.4850e-01	12.1553	9.957746	0.000364	3.637799	1.232520	-0.029127
 699	3.4900e-01	12.1168	9.630069	0.000819	8.185048	2.773169	-0.065535
 700	3.4950e-01	12.0638	10.285423	-0.001637	-16.370097	-5.546339	0.131071
 701	3.5000e-01	12.0173	10.030563	0.000637	6.366149	2.156910	-0.050972
 702	3.5050e-01	11.9820	9.156757	0.002183	21.826796	7.395119	-0.174761
 703	3.5100e-01	11.9387	9.739294	-0.001455	-14.551197	-4.930079	0.116507
 704	3.5150e-01	11.9146	9.375209	0.000909	9.094498	3.081299	-0.072817
 705	3.5200e-01	11.8569	9.593660	-0.000546	-5.456699	-1.848780	0.043690
 706	3.5250e-01	11.8344	9.411617	0.000455	4.547249	1.540650	-0.036409
 707	3.5300e-01	11.7863	9.193166	0.000546	5.456699	1.848780	-0.043690
 708	3.5350e-01	11.7542	8.829080	0.000909	9.094498	3.081299	-0.072817
 709	3.5400e-01	11.7253	9.083940	-0.000637	-6.366149	-2.156910	0.050972
 710	3.5450e-01	11.6564	9.520843	-0.001091	-10.913398	-3.697559	0.087381
 711	3.5500e-01	11.6275	8.464994	0.002637	26.374045	8.935768	-0.211170
 712	3.5550e-01	11.5858	9.229574	-0.001910	-19.098446	-6.470729	0.152916
 713	3.5600e-01	11.5409	9.047531	0.000455	4.547249	1.540650	-0.036409
 714	3.5650e-01	11.5023	9.011123	0.000091	0.909450	0.308130	-0.007282
 715	3.5700e-01	11.4606	8.756263	0.000637	6.366149	2.156910	-0.050972
 716	3.5750e-01	11.4270	8.501403	0.000637	6.366149	2.156910	-0.050972
 717	3.5800e-01	11.3868	8.282951	0.000546	5.456699	1.848780	-0.043690
 718	3.5850e-01	11.3548	8.355768	-0.000182	-1.818900	-0.616260	0.014563
 719	3.5900e-01	11.3291	8.501403	-0.000364	-3.637799	-1.232520	0.029127
 720	3.5950e-01	11.2745	8.100908	0.001000	10.003948	3.389429	-0.080099
 721	3.6000e-01	11.2360	8.064500	0.000091	0.909450	0.308130	-0.007282
 722	3.6050e-01	11.1783	8.137317	-0.000182	-1.818900	-0.616260	0.014563
 723	3.6100e-01	11.1205	8.100908	0.000091	0.909450	0.308130	-0.007282
 724	3.6150e-01	11.0901	8.282951	-0.000455	-4.547249	-1.540650	0.036409
 725	3.6200e-01	11.0612	8.100908	0.000455	4.547249	1.540650	-0.036409
 726	3.6250e-01	11.0435	7.736823	0.000909	9.094498	3.081299	-0.072817
 727	3.6300e-01	10.9858	7.955274	-0.000546	-5.456699	-1.848780	0.043690
 728	3.6350e-01	10.9665	7.445554	0.001273	12.732298	4.313819	-0.101944
 729	3.6400e-01	10.9024	7.736823	-0.000728	-7.275599	-2.465040	0.058254
 730	3.6450e-01	10.8751	8.028091	-0.000728	-7.275599	-2.465040	0.058254
 731	3.6500e-01	10.8206	7.227103	0.002001	20.007896	6.778859	-0.160198
 732	3.6550e-01	10.7981	7.117877	0.000273	2.728349	0.924390	-0.021845
 733	3.6600e-01	10.7596	7.227103	-0.000273	-2.728349	-0.924390	0.021845
 734	3.6650e-01	10.7195	7.190694	0.000091	0.909450	0.308130	-0.007282
 735	3.6700e-01	10.6585	7.227103	-0.000091	-0.909450	-0.308130	0.007282
 736	3.6750e-01	10.6104	6.753791	0.001182	11.822848	4.005689	-0.094662
 737	3.6800e-01	10.5783	6.790200	-0.000091	-0.909450	-0.308130	0.007282
 738	3.6850e-01	10.5591	6.644565	0.000364	3.637799	1.232520	-0.029127
 739	3.6900e-01	10.5141	6.171254	0.001182	11.822848	4.005689	-0.094662
 740	3.6950e-01	10.4548	6.426114	-0.000637	-6.366149	-2.156910	0.050972
 741	3.7000e-01	10.4051	6.717382	-0.000728	-7.275599	-2.465040	0.058254
 742	3.7050e-01	10.3682	6.535340	0.000455	4.547249	1.540650	-0.036409
 743	3.7100e-01	10.3345	6.353297	0.000455	4.547249	1.540650	-0.036409
 744	3.7150e-01	10.3329	6.680974	-0.000819	-8.185048	-2.773169	0.065535
 745	3.7200e-01	10.2671	6.171254	0.001273	12.732298	4.313819	-0.101944
 746	3.7250e-01	10.2302	6.134845	0.000091	0.909450	0.308130	-0.007282
 747	3.7300e-01	10.1885	5.625125	0.001273	12.732298	4.313819	-0.101944
 748	3.7350e-01	10.1596	5.879985	-0.000637	-6.366149	-2.156910	0.050972
 749	3.7400e-01	10.1099	5.843577	0.000091	0.909450	0.308130	-0.007282
 750	3.7450e-01	10.0682	5.770759	0.000182	1.818900	0.616260	-0.014563
 751	3.7500e-01	10.0184	5.588717	0.000455	4.547249	1.540650	-0.036409
 752	3.7550e-01	9.9944	5.807168	-0.000546	-5.456699	-1.848780	0.043690
 753	3.7600e-01	9.9527	5.370265	0.001091	10.913398	3.697559	-0.087381
 754	3.7650e-01	9.9061	5.479491	-0.000273	-2.728349	-0.924390	0.021845
 755	3.7700e-01	9.8644	5.333857	0.000364	3.637799	1.232520	-0.029127
 756	3.7750e-01	9.8307	5.515899	-0.000455	-4.547249	-1.540650	0.036409
 757	3.7800e-01	9.7938	5.151814	0.000909	9.094498	3.081299	-0.072817
 758	3.7850e-01	9.7345	5.115405	0.000091	0.909450	0.308130	-0.007282
 759	3.7900e-01	9.7152	5.115405	-0.000000	-0.000000	-0.000000	0.000000
 760	3.7950e-01	9.6848	4.751319	0.000909	9.094498	3.081299	-0.072817
 761	3.8000e-01	9.6254	4.532868	0.000546	5.456699	1.848780	-0.043690
 762	3.8050e-01	9.6029	4.532868	-0.000000	-0.000000	-0.000000	0.000000
 763	3.8100e-01	9.5692	5.042588	-0.001273	-12.732298	-4.313819	0.101944
 764	3.8150e-01	9.5131	4.678502	0.000909	9.094498	3.081299	-0.072817
 765	3.8200e-01	9.4698	4.387234	0.000728	7.275599	2.465040	-0.058254
 766	3.8250e-01	9.4297	4.350825	0.000091	0.909450	0.308130	-0.007282
 767	3.8300e-01	9.4072	4.205191	0.000364	3.637799	1.232520	-0.029127
 768	3.8350e-01	9.3543	4.314416	-0.000273	-2.728349	-0.924390	0.021845
 769	3.8400e-01	9.2965	4.241599	0.000182	1.818900	0.616260	-0.014563
 770	3.8450e-01	9.2773	4.350825	-0.000273	-2.728349	-0.924390	0.021845
 771	3.8500e-01	9.2596	3.877513	0.001182	11.822848	4.005689	-0.094662
 772	3.8550e-01	9.2067	4.205191	-0.000819	-8.185048	-2.773169	0.065535
 773	3.8600e-01	9.1313	3.877513	0.000819	8.185048	2.773169	-0.065535
 774	3.8650e-01	9.0800	3.477019	0.001000	10.003948	3.389429	-0.080099
 775	3.8700e-01	9.0703	3.513428	-0.000091	-0.909450	-0.308130	0.007282
 776	3.8750e-01	9.0206	3.477019	0.000091	0.909450	0.308130	-0.007282
 777	3.8800e-01	8.9773	3.367793	0.000273	2.728349	0.924390	-0.021845
 778	3.8850e-01	8.9484	3.331385	0.000091	0.909450	0.308130	-0.007282
 779	3.8900e-01	8.9179	3.149342	0.000455	4.547249	1.540650	-0.036409
 780	3.8950e-01	8.8714	2.967299	0.000455	4.547249	1.540650	-0.036409
 781	3.9000e-01	8.8056	3.185750	-0.000546	-5.456699	-1.848780	0.043690
 782	3.9050e-01	8.7752	3.294976	-0.000273	-2.728349	-0.924390	0.021845
 783	3.9100e-01	8.7318	2.566805	0.001819	18.188996	6.162599	-0.145634
 784	3.9150e-01	8.7078	2.785256	-0.000546	-5.456699	-1.848780	0.043690
 785	3.9200e-01	8.6773	2.493988	0.000728	7.275599	2.465040	-0.058254
 786	3.9250e-01	8.6516	2.348353	0.000364	3.637799	1.232520	-0.029127
 787	3.9300e-01	8.5923	2.530396	-0.000455	-4.547249	-1.540650	0.036409
 788	3.9350e-01	8.5393	2.676030	-0.000364	-3.637799	-1.232520	0.029127
 789	3.9400e-01	8.4960	2.676030	-0.000000	-0.000000	-0.000000	0.000000
 790	3.9450e-01	8.4880	2.166310	0.001273	12.732298	4.313819	-0.101944
 791	3.9500e-01	8.4575	1.875042	0.000728	7.275599	2.465040	-0.058254
 792	3.9550e-01	8.4078	1.911450	-0.000091	-0.909450	-0.308130	0.007282
 793	3.9600e-01	8.3516	1.656590	0.000637	6.366149	2.156910	-0.050972
 794	3.9650e-01	8.3115	1.547365	0.000273	2.728349	0.924390	-0.021845
 795	3.9700e-01	8.2762	1.838633	-0.000728	-7.275599	-2.465040	0.058254
 796	3.9750e-01	8.2265	1.401730	0.001091	10.913398	3.697559	-0.087381
 797	3.9800e-01	8.1800	2.057085	-0.001637	-16.370097	-5.546339	0.131071
 798	3.9850e-01	8.1431	0.892010	0.002910	29.102394	9.860158	-0.233015
 799	3.9900e-01	8.0918	1.474547	-0.001455	-14.551197	-4.930079	0.116507
 800	3.9950e-01	8.0645	1.292504	0.000455	4.547249	1.540650	-0.036409
 801	4.0000e-01	8.0228	1.183279	0.000273	2.728349	0.924390	-0.021845
 802	4.0050e-01	7.9875	1.292504	-0.000273	-2.728349	-0.924390	0.021845
 803	4.0100e-01	7.9442	1.074053	0.000546	5.456699	1.848780	-0.043690
 804	4.0150e-01	7.9089	0.855602	0.000546	5.456699	1.848780	-0.043690
 805	4.0200e-01	7.8527	0.819193	0.000091	0.909450	0.308130	-0.007282
 806	4.0250e-01	7.8062	0.673559	0.000364	3.637799	1.232520	-0.029127
 807	4.0300e-01	7.7821	0.892010	-0.000546	-5.456699	-1.848780	0.043690
 808	4.0350e-01	7.7420	0.309473	0.001455	14.551197	4.930079	-0.116507
 809	4.0400e-01	7.6923	0.418699	-0.000273	-2.728349	-0.924390	0.021845
 810	4.0450e-01	7.6682	0.418699	-0.000000	-0.000000	-0.000000	0.000000
 811	4.0500e-01	7.6169	0.455107	-0.000091	-0.909450	-0.308130	0.007282
 812	4.0550e-01	7.5880	0.455107	-0.000000	-0.000000	-0.000000	0.000000
 813	4.0600e-01	7.5335	-0.127430	0.001455	14.551197	4.930079	-0.116507
 814	4.0650e-01	7.5287	-0.200247	0.000182	1.818900	0.616260	-0.014563
 815	4.0700e-01	7.4886	-0.127430	-0.000182	-1.818900	-0.616260	0.014563
 816	4.0750e-01	7.4196	-0.418699	0.000728	7.275599	2.465040	-0.058254
 817	4.0800e-01	7.3731	-0.345881	-0.000182	-1.818900	-0.616260	0.014563
 818	4.0850e-01	7.3538	-0.382290	0.000091	0.909450	0.308130	-0.007282
 819	4.0900e-01	7.2961	-0.418699	0.000091	0.909450	0.308130	-0.007282
 820	4.0950e-01	7.2768	-0.637150	0.000546	5.456699	1.848780	-0.043690
 821	4.1000e-01	7.2447	-0.746376	0.000273	2.728349	0.924390	-0.021845
 822	4.1050e-01	7.2062	-1.438139	0.001728	17.279547	5.854469	-0.138353
 823	4.1100e-01	7.1693	-0.709967	-0.001819	-18.188996	-6.162599	0.145634
 824	4.1150e-01	7.1035	-1.037644	0.000819	8.185048	2.773169	-0.065535
 825	4.1200e-01	7.0650	-0.964827	-0.000182	-1.818900	-0.616260	0.014563
 826	4.1250e-01	7.0217	-1.183279	0.000546	5.456699	1.848780	-0.043690
 827	4.1300e-01	6.9912	-1.146870	-0.000091	-0.909450	-0.308130	0.007282
 828	4.1350e-01	6.9495	-1.146870	-0.000000	-0.000000	-0.000000	0.000000
 829	4.1400e-01	6.9030	-1.438139	0.000728	7.275599	2.465040	-0.058254
 830	4.1450e-01	6.8501	-1.620182	0.000455	4.547249	1.540650	-0.036409
 831	4.1500e-01	6.8372	-1.692999	0.000182	1.818900	0.616260	-0.014563
 832	4.1550e-01	6.7891	-2.020676	0.000819	8.185048	2.773169	-0.065535
 833	4.1600e-01	6.7490	-1.146870	-0.002183	-21.826796	-7.395119	0.174761
 834	4.1650e-01	6.7314	-2.603213	0.003638	36.377993	12.325198	-0.291269
 835	4.1700e-01	6.6832	-2.202719	-0.001000	-10.003948	-3.389429	0.080099
 836	4.1750e-01	6.6367	-2.093493	-0.000273	-2.728349	-0.924390	0.021845
 837	4.1800e-01	6.5966	-2.311945	0.000546	5.456699	1.848780	-0.043690
 838	4.1850e-01	6.5597	-2.457579	0.000364	3.637799	1.232520	-0.029127
 839	4.1900e-01	6.5212	-2.530396	0.000182	1.818900	0.616260	-0.014563
 840	4.1950e-01	6.5228	-2.603213	-0.000182	-1.818900	-0.616260	-0.014563
 841	4.2000e-01	6.4490	-2.566805	-0.000091	-0.909450	-0.308130	0.007282
 842	4.2050e-01	6.3865	-2.712439	0.000364	3.637799	1.232520	-0.029127
 843	4.2100e-01	6.3335	-2.967299	0.000637	6.366149	2.156910	-0.050972
 844	4.2150e-01	6.3191	-2.967299	-0.000000	-0.000000	-0.000000	0.000000
 845	4.2200e-01	6.2613	-2.967299	-0.000000	-0.000000	-0.000000	0.000000
 846	4.2250e-01	6.2212	-3.112933	0.000364	3.637799	1.232520	-0.029127
 847	4.2300e-01	6.2084	-2.785256	-0.000819	-8.185048	-2.773169	0.065535
 848	4.2350e-01	6.1201	-3.112933	0.000819	8.185048	2.773169	-0.065535
 849	4.2400e-01	6.0961	-3.294976	0.000455	4.547249	1.540650	-0.036409
 850	4.2450e-01	6.0528	-3.731879	0.001091	10.913398	3.697559	-0.087381
 851	4.2500e-01	6.0255	-3.513428	-0.000546	-5.456699	-1.848780	0.043690
 852	4.2550e-01	5.9934	-3.549836	0.000091	0.909450	0.308130	-0.007282
 853	4.2600e-01	5.9565	-3.731879	0.000455	4.547249	1.540650	-0.036409
 854	4.2650e-01	5.9116	-3.695471	-0.000091	-0.909450	-0.308130	0.007282
 855	4.2700e-01	5.8827	-4.241599	0.001364	13.641747	4.621949	-0.109226
 856	4.2750e-01	5.8330	-4.059556	-0.000455	-4.547249	-1.540650	0.036409
 857	4.2800e-01	5.7833	-4.751319	0.001728	17.279547	5.854469	-0.138353
 858	4.2850e-01	5.7560	-4.205191	-0.001364	-13.641747	-4.621949	0.109226
 859	4.2900e-01	5.7143	-4.423642	0.000546	5.456699	1.848780	-0.043690
 860	4.2950e-01	5.6662	-4.751319	0.000819	8.185048	2.773169	-0.065535
 861	4.3000e-01	5.6276	-4.642094	-0.000273	-2.728349	-0.924390	0.021845
 862	4.3050e-01	5.5763	-4.678502	0.000091	0.909450	0.308130	-0.007282
 863	4.3100e-01	5.5635	-4.787728	0.000273	2.728349	0.924390	-0.021845
 864	4.3150e-01	5.5250	-4.933362	0.000364	3.637799	1.232520	-0.029127
 865	4.3200e-01	5.4801	-4.969771	0.000091	0.909450	0.308130	-0.007282
 866	4.3250e-01	5.4416	-5.006179	0.000091	0.909450	0.308130	-0.007282
 867	4.3300e-01	5.3838	-5.115405	0.000273	2.728349	0.924390	-0.021845
 868	4.3350e-01	5.3549	-5.261039	0.000364	3.637799	1.232520	-0.029127
 869	4.3400e-01	5.3036	-5.333857	0.000182	1.818900	0.616260	-0.014563
 870	4.3450e-01	5.2619	-5.734351	0.001000	10.003948	3.389429	-0.080099
 871	4.3500e-01	5.2298	-5.443082	-0.000728	-7.275599	-2.465040	0.058254
 872	4.3550e-01	5.1945	-5.952802	0.001273	12.732298	4.313819	-0.101944
 873	4.3600e-01	5.1560	-6.062028	0.000273	2.728349	0.924390	-0.021845
 874	4.3650e-01	5.1223	-6.207662	0.000364	3.637799	1.232520	-0.029127
 875	4.3700e-01	5.0646	-5.843577	-0.000909	-9.094498	-3.081299	0.072817
 876	4.3750e-01	5.0229	-6.571748	0.001819	18.188996	6.162599	-0.145634
 877	4.3800e-01	4.9876	-6.353297	-0.000546	-5.456699	-1.848780	0.043690
 878	4.3850e-01	4.9507	-6.098437	-0.000637	-6.366149	-2.156910	0.050972
 879	4.3900e-01	4.9073	-6.680974	0.001455	14.551197	4.930079	-0.116507
 880	4.3950e-01	4.8576	-6.680974	-0.000000	-0.000000	-0.000000	0.000000
 881	4.4000e-01	4.8400	-6.753791	0.000182	1.818900	0.616260	-0.014563
 882	4.4050e-01	4.7774	-6.644565	-0.000273	-2.728349	-0.924390	0.021845
 883	4.4100e-01	4.7566	-6.899425	0.000637	6.366149	2.156910	-0.050972
 884	4.4150e-01	4.7180	-7.117877	0.000546	5.456699	1.848780	-0.043690
 885	4.4200e-01	4.6651	-7.263511	0.000364	3.637799	1.232520	-0.029127
 886	4.4250e-01	4.6202	-7.081468	-0.000455	-4.547249	-1.540650	0.036409
 887	4.4300e-01	4.5656	-7.190694	0.000273	2.728349	0.924390	-0.021845
 888	4.4350e-01	4.5255	-7.627597	0.001091	10.913398	3.697559	-0.087381
 889	4.4400e-01	4.5143	-7.117877	-0.001273	-12.732298	-4.313819	0.101944
 890	4.4450e-01	4.4806	-7.882457	0.001910	19.098446	6.470729	-0.152916
 891	4.4500e-01	4.4357	-7.882457	-0.000000	-0.000000	-0.000000	0.000000
 892	4.4550e-01	4.3683	-7.664005	-0.000546	-5.456699	-1.848780	0.043690
 893	4.4600e-01	4.3298	-7.736823	0.000182	1.818900	0.616260	-0.014563
 894	4.4650e-01	4.3122	-7.882457	0.000364	3.637799	1.232520	-0.029127
 895	4.4700e-01	4.2608	-7.809640	-0.000182	-1.818900	-0.616260	0.014563
 896	4.4750e-01	4.2031	-8.173726	0.000909	9.094498	3.081299	-0.072817
 897	4.4800e-01	4.1678	-8.064500	-0.000273	-2.728349	-0.924390	0.021845
 898	4.4850e-01	4.1550	-8.464994	0.001000	10.003948	3.389429	-0.080099
 899	4.4900e-01	4.1405	-8.719854	0.000637	6.366149	2.156910	-0.050972
 900	4.4950e-01	4.0748	-8.683446	-0.000091	-0.909450	-0.308130	0.007282
 901	4.5000e-01	4.0154	-8.719854	0.000091	0.909450	0.308130	-0.007282
 902	4.5050e-01	3.9657	-8.792671	0.000182	1.818900	0.616260	-0.014563
 903	4.5100e-01	3.9400	-9.011123	0.000546	5.456699	1.848780	-0.043690
 904	4.5150e-01	3.9095	-9.484434	0.001182	11.822848	4.005689	-0.094662
 905	4.5200e-01	3.8614	-9.083940	-0.001000	-10.003948	-3.389429	0.080099
 906	4.5250e-01	3.8084	-9.593660	0.001273	12.732298	4.313819	-0.101944
 907	4.5300e-01	3.7892	-9.557251	-0.000091	-0.909450	-0.308130	0.007282
 908	4.5350e-01	3.7507	-9.812111	0.000637	6.366149	2.156910	-0.050972
 909	4.5400e-01	3.7314	-9.702886	-0.000273	-2.728349	-0.924390	0.021845
 910	4.5450e-01	3.7058	-9.994154	0.000728	7.275599	2.465040	-0.058254
 911	4.5500e-01	3.6175	-9.666477	-0.000819	-8.185048	-2.773169	0.065535
 912	4.5550e-01	3.5678	-10.139789	0.001182	11.822848	4.005689	-0.094662
 913	4.5600e-01	3.5389	-9.884929	-0.000637	-6.366149	-2.156910	0.050972
 914	4.5650e-01	3.5197	-10.321832	0.001091	10.913398	3.697559	-0.087381
 915	4.5700e-01	3.4555	-10.431057	0.000273	2.728349	0.924390	-0.021845
 916	4.5750e-01	3.4315	-10.649509	0.000546	5.456699	1.848780	-0.043690
 917	4.5800e-01	3.3962	-10.358240	-0.000728	-7.275599	-2.465040	0.058254
 918	4.5850e-01	3.3416	-10.758734	0.001000	10.003948	3.389429	-0.080099
 919	4.5900e-01	3.3031	-10.540283	-0.000546	-5.456699	-1.848780	0.043690
 920	4.5950e-01	3.2710	-10.685917	0.000364	3.637799	1.232520	-0.029127
 921	4.6000e-01	3.2406	-10.940777	0.000637	6.366149	2.156910	-0.050972
 922	4.6050e-01	3.1988	-11.232046	0.000728	7.275599	2.465040	-0.058254
 923	4.6100e-01	3.1475	-11.195637	-0.000091	-0.909450	-0.308130	0.007282
 924	4.6150e-01	3.1026	-11.450497	0.000637	6.366149	2.156910	-0.050972
 925	4.6200e-01	3.0657	-11.596132	0.000364	3.637799	1.232520	-0.029127
 926	4.6250e-01	3.0432	-11.923809	0.000819	8.185048	2.773169	-0.065535
 927	4.6300e-01	2.9871	-11.596132	-0.000819	-8.185048	-2.773169	0.065535
 928	4.6350e-01	2.9309	-11.850992	0.000637	6.366149	2.156910	-0.050972
 929	4.6400e-01	2.8892	-11.559723	-0.000728	-7.275599	-2.465040	0.058254
 930	4.6450e-01	2.8443	-11.960218	0.001000	10.003948	3.389429	-0.080099
 931	4.6500e-01	2.8363	-12.324303	0.000909	9.094498	3.081299	-0.072817
 932	4.6550e-01	2.7914	-12.215078	-0.000273	-2.728349	-0.924390	0.021845
 933	4.6600e-01	2.7561	-12.433529	0.000546	5.456699	1.848780	-0.043690
 934	4.6650e-01	2.7240	-12.542755	0.000273	2.728349	0.924390	-0.021845
 935	4.6700e-01	2.6614	-12.433529	-0.000273	-2.728349	-0.924390	0.021845
 936	4.6750e-01	2.6229	-12.360712	-0.000182	-1.818900	-0.616260	0.014563
 937	4.6800e-01	2.5780	-12.761206	0.001000	10.003948	3.389429	-0.080099
 938	4.6850e-01	2.5186	-12.870432	0.000273	2.728349	0.924390	-0.021845
 939	4.6900e-01	2.5042	-12.797615	-0.000182	-1.818900	-0.616260	0.014563
 940	4.6950e-01	2.4753	-13.161701	0.000909	9.094498	3.081299	-0.072817
 941	4.7000e-01	2.4208	-13.198109	0.000091	0.909450	0.308130	-0.007282
 942	4.7050e-01	2.3791	-13.234518	0.000091	0.909450	0.308130	-0.007282
 943	4.7100e-01	2.3646	-13.671421	0.001091	10.913398	3.697559	-0.087381
 944	4.7150e-01	2.3149	-13.452969	-0.000546	-5.456699	-1.848780	0.043690
 945	4.7200e-01	2.2716	-13.562195	0.000273	2.728349	0.924390	-0.021845
 946	4.7250e-01	2.2203	-13.817055	0.000637	6.366149	2.156910	-0.050972
 947	4.7300e-01	2.1769	-13.598603	-0.000546	-5.456699	-1.848780	0.043690
 948	4.7350e-01	2.1465	-14.436001	0.002092	20.917346	7.086989	-0.167479
 949	4.7400e-01	2.1080	-14.290366	-0.000364	-3.637799	-1.232520	0.029127
 950	4.7450e-01	2.0695	-14.217549	-0.000182	-1.818900	-0.616260	0.014563
 951	4.7500e-01	2.0326	-14.326775	0.000273	2.728349	0.924390	-0.021845
 952	4.7550e-01	1.9796	-14.581635	0.000637	6.366149	2.156910	-0.050972
 953	4.7600e-01	1.9459	-14.436001	-0.000364	-3.637799	-1.232520	0.029127
 954	4.7650e-01	1.8978	-14.727269	0.000728	7.275599	2.465040	-0.058254
 955	4.7700e-01	1.8545	-14.836495	0.000273	2.728349	0.924390	-0.021845
 956	4.7750e-01	1.8304	-15.054947	0.000546	5.456699	1.848780	-0.043690
 957	4.7800e-01	1.7919	-14.982129	-0.000182	-1.818900	-0.616260	0.014563
 958	4.7850e-01	1.7598	-15.273398	0.000728	7.275599	2.465040	-0.058254
 959	4.7900e-01	1.7149	-15.564667	0.000728	7.275599	2.465040	-0.058254
 960	4.7950e-01	1.6684	-15.528258	-0.000091	-0.909450	-0.308130	0.007282
 961	4.8000e-01	1.6139	-15.455441	-0.000182	-1.818900	-0.616260	0.014563
 962	4.8050e-01	1.5657	-16.037978	0.001455	14.551197	4.930079	-0.116507
 963	4.8100e-01	1.5272	-15.564667	-0.001182	-11.822848	-4.005689	0.094662
 964	4.8150e-01	1.4839	-15.892344	0.000819	8.185048	2.773169	-0.065535
 965	4.8200e-01	1.4550	-16.147204	0.000637	6.366149	2.156910	-0.050972
 966	4.8250e-01	1.4326	-16.220021	0.000182	1.818900	0.616260	-0.014563
 967	4.8300e-01	1.3877	-16.547698	0.000819	8.185048	2.773169	-0.065535
 968	4.8350e-01	1.3508	-16.220021	-0.000819	-8.185048	-2.773169	0.065535
 969	4.8400e-01	1.3331	-16.838967	0.001546	15.460647	5.238209	-0.123789
 970	4.8450e-01	1.2818	-16.875375	0.000091	0.909450	0.308130	-0.007282
 971	4.8500e-01	1.2481	-17.166644	0.000728	7.275599	2.465040	-0.058254
 972	4.8550e-01	1.1871	-16.911784	-0.000637	-6.366149	-2.156910	0.050972
 973	4.8600e-01	1.1518	-17.130235	0.000546	5.456699	1.848780	-0.043690
 974	4.8650e-01	1.1101	-16.984601	-0.000364	-3.637799	-1.232520	0.029127
 975	4.8700e-01	1.0877	-17.385096	0.001000	10.003948	3.389429	-0.080099
 976	4.8750e-01	1.0395	-17.457913	0.000182	1.818900	0.616260	-0.014563
 977	4.8800e-01	0.9674	-17.166644	-0.000728	-7.275599	-2.465040	0.058254
 978	4.8850e-01	0.9417	-17.749181	0.001455	14.551197	4.930079	-0.116507
 979	4.8900e-01	0.9000	-17.567138	-0.000455	-4.547249	-1.540650	0.036409
 980	4.8950e-01	0.8711	-17.931224	0.000909	9.094498	3.081299	-0.072817
 981	4.9000e-01	0.8358	-18.040450	0.000273	2.728349	0.924390	-0.021845
 982	4.9050e-01	0.8053	-18.076858	0.000091	0.909450	0.308130	-0.007282
 983	4.9100e-01	0.7444	-18.732213	0.001637	16.370097	5.546339	-0.131071
 984	4.9150e-01	0.6866	-18.295310	-0.001091	-10.913398	-3.697559	0.087381
 985	4.9200e-01	0.6497	-18.368127	0.000182	1.818900	0.616260	-0.014563
 986	4.9250e-01	0.6144	-18.732213	0.000909	9.094498	3.081299	-0.072817
 987	4.9300e-01	0.5839	-18.841439	0.000273	2.728349	0.924390	-0.021845
 988	4.9350e-01	0.5310	-18.513761	-0.000819	-8.185048	-2.773169	0.065535
 989	4.9400e-01	0.4973	-19.169116	0.001637	16.370097	5.546339	-0.131071
 990	4.9450e-01	0.4668	-19.023481	-0.000364	-3.637799	-1.232520	0.029127
 991	4.9500e-01	0.4123	-19.387567	0.000909	9.094498	3.081299	-0.072817
 992	4.9550e-01	0.3866	-19.423976	0.000091	0.909450	0.308130	-0.007282
 993	4.9600e-01	0.3417	-19.788062	0.000909	9.094498	3.081299	-0.072817
 994	4.9650e-01	0.3096	-19.678836	-0.000273	-2.728349	-0.924390	0.021845
 995	4.9700e-01	0.2727	-19.606019	-0.000182	-1.818900	-0.616260	0.014563
 996	4.9750e-01	0.2134	-19.788062	0.000455	4.547249	1.540650	-0.036409
 997	4.9800e-01	0.1781	-19.933696	0.000364	3.637799	1.232520	-0.029127
 998	4.9850e-01	0.1508	-20.152147	0.000546	5.456699	1.848780	-0.043690
 999	4.9900e-01	0.1027	-20.188556	0.000091	0.909450	0.308130	-0.007282
1000	4.9950e-01	0.0561	-20.006513	-0.000455	-4.547249	-1.540650	0.036409
1001	5.0000e-01	0.0497	-20.589050	-0.000455	-4.547249	-1.540650	-0.116507

PMax (uC/cm2):	4.70e+01
Pr (uC/cm2):	3.02e+00
-Pr (uC/cm2):	0.00e+00
PLoss (uC/cm2):	0.00e+00
C (Max-Eff) (nF):	2.35e-01
K (Eff):	7.96e+02
Vert. (+/-Pr) Shift (uC/cm2):	1.51e+00
Offset (uC/cm2):	2.36e+01

A (Loop Area - uC/cm2·Volts):	-5.41e-01



Hysteresis Version: 5.48.1 - Radiant Technologies, Inc., 1999 - 9/12/24

