»»»»»»»»»»»»»»»»»»»»»»»»»»»»»»»»»»»» Hysteresis ««««««««««««««««««««««««««««««««««««
»»»  Executed Version:	5.48.1
»»»  Vision Version:	5.48.4 (R)
»»»  Vision Compiled:	9/18/24
»»»  Driver Version:	5.47.0
»»»  Windows Version:	Windows 8 or 8.1
»»»  Processor Information:	x86 (AMD or Intel) - 32 Processors
»»»  Tester Name:	PMF21124-494 (100V)
»»»  Tester S/N:	PMF21124-494
»»»  Internal Amp Type:	100V RevK 270k
»»»  Internal Amp S/N:	iAB2-596/K     
»»»  Execution Count:	1
»»»»»»»»»»»»»»»»»»»»»»»»»»»»»»»»»»»»»»»»»»««««««««««««««««««««««««««««««««««««««««««

Stored:	10/10/2025 - 16:57:24
Configured:	10/10/25 10:37:25 AM
Executed:	10/10/25 04:57:02 PM

»»»»»»»»»»»»»»»»»»»»»»»»»»»»»»»»»»» Sample Info ««««««««««««««««««««««««««««««««««««
Sample Name:	Int. Ref. Ferroelectric
Lot Name:	N/A
Wafer Name:	N/A
Die Row/Column:	0/0
Capacitor Number:	0
Sample Area (cm2):	1.00e-04
Sample Thickness (microns):	3.00e-01

Amplifier:	Internal

»»»»»»»»»»»»»»»»»»»»»»»»»»»»»»»»»»» Tester Info «««««««««««««««««««««««««««««««««««
Tester Name:	PMF21124-494 (100V)
Tester Serial Number:	PMF21124-494
Return Signal Amp. Level:	0.02 [Index: 2]

»»»»»»»»»»»»»»»»»»»»»»»»»»»»»»»» Hysteresis Info ««««««««««««««««««««««««««««««««««
Task Name:	Hyst-170
Volts:	20.00
Field:	666.67 (kV/cm)
DCBias:	0.00
DCField:	0.00 (kV/cm)
Hysteresis Period (ms):	5.00e-01
Preset:	Enabled
Preset Delay (ms):	1.00e+03
Profile:	Standard Monopolar

»»»»»»»»»»»»»»»»»»»»»»»»»»»»»»»»»»»»»» Data «««««««««««««««««««««««««««««««««««««««
Points:	1001

Valid Data

Point	Time (ms)	Drive Voltage	Measured Polarization (uC/cm2)	Capacitance (uF)	Normalized Capacitance (uF/cm2)	Dielectric Constant	Instantaneous Current (mA)
   1	0.0000e+00	0.0417	-36.408577	0.000898	8.984316	3.043969	-0.072817
   2	5.0000e-04	0.0401	-36.772663	0.000898	8.984316	3.043969	-0.072817
   3	1.0000e-03	0.1524	-36.226534	0.001348	13.476474	4.565953	0.109226
   4	1.5000e-03	0.1460	-36.335760	0.000270	2.695295	0.913191	-0.021845
   5	2.0000e-03	0.1813	-36.044491	0.000719	7.187453	2.435175	0.058254
   6	2.5000e-03	0.2294	-35.571180	0.001168	11.679611	3.957159	0.094662
   7	3.0000e-03	0.2711	-35.935265	-0.000898	-8.984316	-3.043969	-0.072817
   8	3.5000e-03	0.3289	-35.498363	0.001078	10.781179	3.652762	0.087381
   9	4.0000e-03	0.3626	-35.134277	0.000898	8.984316	3.043969	0.072817
  10	4.5000e-03	0.4171	-35.025051	0.000270	2.695295	0.913191	0.021845
  11	5.0000e-03	0.4492	-34.879417	0.000359	3.593726	1.217587	0.029127
  12	5.5000e-03	0.4732	-34.660965	0.000539	5.390590	1.826381	0.043690
  13	6.0000e-03	0.5246	-34.770191	-0.000270	-2.695295	-0.913191	-0.021845
  14	6.5000e-03	0.5503	-34.114837	0.001617	16.171769	5.479144	0.131071
  15	7.0000e-03	0.6144	-34.333288	-0.000539	-5.390590	-1.826381	-0.043690
  16	7.5000e-03	0.6273	-34.224062	0.000270	2.695295	0.913191	0.021845
  17	8.0000e-03	0.6770	-33.495891	0.001797	17.968632	6.087937	0.145634
  18	8.5000e-03	0.7331	-33.423074	0.000180	1.796863	0.608794	0.014563
  19	9.0000e-03	0.7652	-33.350257	0.000180	1.796863	0.608794	0.014563
  20	9.5000e-03	0.7973	-33.423074	-0.000180	-1.796863	-0.608794	-0.014563
  21	1.0000e-02	0.8310	-32.876945	0.001348	13.476474	4.565953	0.109226
  22	1.0500e-02	0.8871	-32.876945	0.000000	0.000000	0.000000	0.000000
  23	1.1000e-02	0.9289	-32.622085	0.000629	6.289021	2.130778	0.050972
  24	1.1500e-02	0.9545	-32.476451	0.000359	3.593726	1.217587	0.029127
  25	1.2000e-02	1.0010	-32.512859	-0.000090	-0.898432	-0.304397	-0.007282
  26	1.2500e-02	1.0347	-32.185182	0.000809	8.085884	2.739572	0.065535
  27	1.3000e-02	1.0893	-32.221591	-0.000090	-0.898432	-0.304397	-0.007282
  28	1.3500e-02	1.1342	-31.893913	0.000809	8.085884	2.739572	0.065535
  29	1.4000e-02	1.1294	-31.566236	-0.000809	-8.085884	-2.739572	0.065535
  30	1.4500e-02	1.1984	-31.347785	0.000539	5.390590	1.826381	0.043690
  31	1.5000e-02	1.2433	-31.092925	0.000629	6.289021	2.130778	0.050972
  32	1.5500e-02	1.3139	-30.983699	0.000270	2.695295	0.913191	0.021845
  33	1.6000e-02	1.3540	-30.619613	0.000898	8.984316	3.043969	0.072817
  34	1.6500e-02	1.3861	-30.619613	0.000000	0.000000	0.000000	0.000000
  35	1.7000e-02	1.4053	-30.473979	0.000359	3.593726	1.217587	0.029127
  36	1.7500e-02	1.4438	-30.291936	0.000449	4.492158	1.521984	0.036409
  37	1.8000e-02	1.4984	-30.182710	0.000270	2.695295	0.913191	0.021845
  38	1.8500e-02	1.5240	-29.927850	0.000629	6.289021	2.130778	0.050972
  39	1.9000e-02	1.5545	-29.709399	0.000539	5.390590	1.826381	0.043690
  40	1.9500e-02	1.6139	-29.563764	0.000359	3.593726	1.217587	0.029127
  41	2.0000e-02	1.6443	-29.345313	0.000539	5.390590	1.826381	0.043690
  42	2.0500e-02	1.6636	-29.308904	0.000090	0.898432	0.304397	0.007282
  43	2.1000e-02	1.7278	-28.908410	0.000988	9.882748	3.348366	0.080099
  44	2.1500e-02	1.7534	-29.090453	-0.000449	-4.492158	-1.521984	-0.036409
  45	2.2000e-02	1.7935	-28.362281	0.001797	17.968632	6.087937	0.145634
  46	2.2500e-02	1.8336	-28.507916	-0.000359	-3.593726	-1.217587	-0.029127
  47	2.3000e-02	1.8705	-28.143830	0.000898	8.984316	3.043969	0.072817
  48	2.3500e-02	1.9042	-27.998196	0.000359	3.593726	1.217587	0.029127
  49	2.4000e-02	1.9411	-28.143830	-0.000359	-3.593726	-1.217587	-0.029127
  50	2.4500e-02	2.0117	-27.706927	0.001078	10.781179	3.652762	0.087381
  51	2.5000e-02	2.0342	-27.452067	0.000629	6.289021	2.130778	0.050972
  52	2.5500e-02	2.1064	-27.270024	0.000449	4.492158	1.521984	0.036409
  53	2.6000e-02	2.1384	-26.869530	0.000988	9.882748	3.348366	0.080099
  54	2.6500e-02	2.1593	-26.905938	-0.000090	-0.898432	-0.304397	-0.007282
  55	2.7000e-02	2.2138	-26.942347	-0.000090	-0.898432	-0.304397	-0.007282
  56	2.7500e-02	2.2154	-26.978756	-0.000090	-0.898432	-0.304397	-0.007282
  57	2.8000e-02	2.2620	-26.432627	0.001348	13.476474	4.565953	0.109226
  58	2.8500e-02	2.3229	-25.995724	0.001078	10.781179	3.652762	0.087381
  59	2.9000e-02	2.3646	-26.214175	-0.000539	-5.390590	-1.826381	-0.043690
  60	2.9500e-02	2.4432	-25.850090	0.000898	8.984316	3.043969	0.072817
  61	3.0000e-02	2.4465	-25.813681	0.000090	0.898432	0.304397	0.007282
  62	3.0500e-02	2.4753	-25.777272	0.000090	0.898432	0.304397	0.007282
  63	3.1000e-02	2.5138	-25.121918	0.001617	16.171769	5.479144	0.131071
  64	3.1500e-02	2.5716	-25.231144	-0.000270	-2.695295	-0.913191	-0.021845
  65	3.2000e-02	2.5956	-24.903467	0.000809	8.085884	2.739572	0.065535
  66	3.2500e-02	2.6293	-24.721424	0.000449	4.492158	1.521984	0.036409
  67	3.3000e-02	2.6855	-24.685015	0.000090	0.898432	0.304397	0.007282
  68	3.3500e-02	2.7063	-24.393747	0.000719	7.187453	2.435175	0.058254
  69	3.4000e-02	2.7753	-24.430155	-0.000090	-0.898432	-0.304397	-0.007282
  70	3.4500e-02	2.7914	-24.029661	0.000988	9.882748	3.348366	0.080099
  71	3.5000e-02	2.8555	-23.884026	0.000359	3.593726	1.217587	0.029127
  72	3.5500e-02	2.8395	-23.811209	-0.000180	-1.796863	-0.608794	0.014563
  73	3.6000e-02	2.9101	-23.519941	0.000719	7.187453	2.435175	0.058254
  74	3.6500e-02	2.9438	-23.519941	0.000000	0.000000	0.000000	0.000000
  75	3.7000e-02	3.0192	-23.228672	0.000719	7.187453	2.435175	0.058254
  76	3.7500e-02	3.0529	-23.010221	0.000539	5.390590	1.826381	0.043690
  77	3.8000e-02	3.0689	-23.228672	-0.000539	-5.390590	-1.826381	-0.043690
  78	3.8500e-02	3.1347	-22.391275	0.002066	20.663927	7.001128	0.167479
  79	3.9000e-02	3.1652	-22.464092	-0.000180	-1.796863	-0.608794	-0.014563
  80	3.9500e-02	3.2037	-22.391275	0.000180	1.796863	0.608794	0.014563
  81	4.0000e-02	3.2470	-22.318458	0.000180	1.796863	0.608794	0.014563
  82	4.0500e-02	3.2855	-22.027189	0.000719	7.187453	2.435175	0.058254
  83	4.1000e-02	3.3224	-21.735920	0.000719	7.187453	2.435175	0.058254
  84	4.1500e-02	3.3512	-21.663103	0.000180	1.796863	0.608794	0.014563
  85	4.2000e-02	3.4026	-21.481060	0.000449	4.492158	1.521984	0.036409
  86	4.2500e-02	3.4395	-20.934932	0.001348	13.476474	4.565953	0.109226
  87	4.3000e-02	3.5069	-21.080566	-0.000359	-3.593726	-1.217587	-0.029127
  88	4.3500e-02	3.5229	-21.007749	0.000180	1.796863	0.608794	0.014563
  89	4.4000e-02	3.5662	-20.206760	0.001977	19.765495	6.696731	0.160198
  90	4.4500e-02	3.6111	-21.116975	-0.002246	-22.460790	-7.609922	-0.182043
  91	4.5000e-02	3.6384	-20.352395	0.001887	18.867064	6.392334	0.152916
  92	4.5500e-02	3.6897	-20.315986	0.000090	0.898432	0.304397	0.007282
  93	4.6000e-02	3.7282	-20.097534	0.000539	5.390590	1.826381	0.043690
  94	4.6500e-02	3.7876	-19.842674	0.000629	6.289021	2.130778	0.050972
  95	4.7000e-02	3.8133	-19.842674	0.000000	0.000000	0.000000	0.000000
  96	4.7500e-02	3.8486	-19.478589	0.000898	8.984316	3.043969	0.072817
  97	4.8000e-02	3.8838	-19.260137	0.000539	5.390590	1.826381	0.043690
  98	4.8500e-02	3.9207	-19.296546	-0.000090	-0.898432	-0.304397	-0.007282
  99	4.9000e-02	3.9528	-19.005277	0.000719	7.187453	2.435175	0.058254
 100	4.9500e-02	3.9994	-18.750417	0.000629	6.289021	2.130778	0.050972
 101	5.0000e-02	4.0379	-18.714009	0.000090	0.898432	0.304397	0.007282
 102	5.0500e-02	4.0908	-18.277106	0.001078	10.781179	3.652762	0.087381
 103	5.1000e-02	4.1373	-18.349923	-0.000180	-1.796863	-0.608794	-0.014563
 104	5.1500e-02	4.1726	-18.349923	0.000000	0.000000	0.000000	0.000000
 105	5.2000e-02	4.2095	-17.985837	0.000898	8.984316	3.043969	0.072817
 106	5.2500e-02	4.2432	-17.694568	0.000719	7.187453	2.435175	0.058254
 107	5.3000e-02	4.2849	-17.658160	0.000090	0.898432	0.304397	0.007282
 108	5.3500e-02	4.3154	-17.621751	0.000090	0.898432	0.304397	0.007282
 109	5.4000e-02	4.3362	-17.112031	0.001258	12.578042	4.261556	0.101944
 110	5.4500e-02	4.3956	-17.148440	-0.000090	-0.898432	-0.304397	-0.007282
 111	5.5000e-02	4.4421	-16.857171	0.000719	7.187453	2.435175	0.058254
 112	5.5500e-02	4.4822	-16.893580	-0.000090	-0.898432	-0.304397	-0.007282
 113	5.6000e-02	4.5143	-16.383860	0.001258	12.578042	4.261556	0.101944
 114	5.6500e-02	4.5608	-16.675128	-0.000719	-7.187453	-2.435175	-0.058254
 115	5.7000e-02	4.5993	-16.165408	0.001258	12.578042	4.261556	0.101944
 116	5.7500e-02	4.6330	-16.019774	0.000359	3.593726	1.217587	0.029127
 117	5.8000e-02	4.6731	-15.946957	0.000180	1.796863	0.608794	0.014563
 118	5.8500e-02	4.7341	-15.728505	0.000539	5.390590	1.826381	0.043690
 119	5.9000e-02	4.7726	-15.910548	-0.000449	-4.492158	-1.521984	-0.036409
 120	5.9500e-02	4.8111	-15.400828	0.001258	12.578042	4.261556	0.101944
 121	6.0000e-02	4.8336	-15.255194	0.000359	3.593726	1.217587	0.029127
 122	6.0500e-02	4.8961	-14.891108	0.000898	8.984316	3.043969	0.072817
 123	6.1000e-02	4.9266	-14.781882	0.000270	2.695295	0.913191	0.021845
 124	6.1500e-02	5.0020	-14.927517	-0.000359	-3.593726	-1.217587	-0.029127
 125	6.2000e-02	4.9811	-14.272162	-0.001617	-16.171769	-5.479144	0.131071
 126	6.2500e-02	5.0293	-14.272162	0.000000	0.000000	0.000000	0.000000
 127	6.3000e-02	5.1031	-14.344979	-0.000180	-1.796863	-0.608794	-0.014563
 128	6.3500e-02	5.1159	-14.126528	0.000539	5.390590	1.826381	0.043690
 129	6.4000e-02	5.1785	-14.053711	0.000180	1.796863	0.608794	0.014563
 130	6.4500e-02	5.1913	-13.616808	0.001078	10.781179	3.652762	0.087381
 131	6.5000e-02	5.2699	-13.289131	0.000809	8.085884	2.739572	0.065535
 132	6.5500e-02	5.2876	-13.580399	-0.000719	-7.187453	-2.435175	-0.058254
 133	6.6000e-02	5.2924	-13.289131	0.000719	7.187453	2.435175	0.058254
 134	6.6500e-02	5.3437	-13.143496	0.000359	3.593726	1.217587	0.029127
 135	6.7000e-02	5.3934	-12.743002	0.000988	9.882748	3.348366	0.080099
 136	6.7500e-02	5.4351	-12.415325	0.000809	8.085884	2.739572	0.065535
 137	6.8000e-02	5.4736	-12.524550	-0.000270	-2.695295	-0.913191	-0.021845
 138	6.8500e-02	5.5202	-12.233282	0.000719	7.187453	2.435175	0.058254
 139	6.9000e-02	5.5715	-12.124056	0.000270	2.695295	0.913191	0.021845
 140	6.9500e-02	5.6068	-12.196873	-0.000180	-1.796863	-0.608794	-0.014563
 141	7.0000e-02	5.6132	-11.832788	0.000898	8.984316	3.043969	0.072817
 142	7.0500e-02	5.6934	-11.905605	-0.000180	-1.796863	-0.608794	-0.014563
 143	7.1000e-02	5.7175	-11.650745	0.000629	6.289021	2.130778	0.050972
 144	7.1500e-02	5.7560	-11.104616	0.001348	13.476474	4.565953	0.109226
 145	7.2000e-02	5.7833	-11.141025	-0.000090	-0.898432	-0.304397	-0.007282
 146	7.2500e-02	5.8619	-11.031799	0.000270	2.695295	0.913191	0.021845
 147	7.3000e-02	5.8875	-11.068207	-0.000090	-0.898432	-0.304397	-0.007282
 148	7.3500e-02	5.9132	-10.813347	0.000629	6.289021	2.130778	0.050972
 149	7.4000e-02	5.9533	-10.485670	0.000809	8.085884	2.739572	0.065535
 150	7.4500e-02	6.0159	-10.303627	0.000449	4.492158	1.521984	0.036409
 151	7.5000e-02	6.0335	-10.194402	0.000270	2.695295	0.913191	0.021845
 152	7.5500e-02	6.0945	-10.012359	0.000449	4.492158	1.521984	0.036409
 153	7.6000e-02	6.1282	-9.757499	0.000629	6.289021	2.130778	0.050972
 154	7.6500e-02	6.1586	-9.757499	0.000000	0.000000	0.000000	0.000000
 155	7.7000e-02	6.2116	-9.502639	0.000629	6.289021	2.130778	0.050972
 156	7.7500e-02	6.2389	-9.029327	0.001168	11.679611	3.957159	0.094662
 157	7.8000e-02	6.2661	-9.174961	-0.000359	-3.593726	-1.217587	-0.029127
 158	7.8500e-02	6.3191	-8.774467	0.000988	9.882748	3.348366	0.080099
 159	7.9000e-02	6.3816	-8.738058	0.000090	0.898432	0.304397	0.007282
 160	7.9500e-02	6.4073	-8.337564	0.000988	9.882748	3.348366	0.080099
 161	8.0000e-02	6.4137	-8.483198	-0.000359	-3.593726	-1.217587	-0.029127
 162	8.0500e-02	6.4779	-8.228338	0.000629	6.289021	2.130778	0.050972
 163	8.1000e-02	6.5052	-8.301156	-0.000180	-1.796863	-0.608794	-0.014563
 164	8.1500e-02	6.5485	-8.009887	0.000719	7.187453	2.435175	0.058254
 165	8.2000e-02	6.5886	-7.827844	0.000449	4.492158	1.521984	0.036409
 166	8.2500e-02	6.6511	-7.390941	0.001078	10.781179	3.652762	0.087381
 167	8.3000e-02	6.6720	-7.682210	-0.000719	-7.187453	-2.435175	-0.058254
 168	8.3500e-02	6.7298	-7.208898	0.001168	11.679611	3.957159	0.094662
 169	8.4000e-02	6.7683	-6.881221	0.000809	8.085884	2.739572	0.065535
 170	8.4500e-02	6.8019	-7.026855	-0.000359	-3.593726	-1.217587	-0.029127
 171	8.5000e-02	6.8388	-6.771995	0.000629	6.289021	2.130778	0.050972
 172	8.5500e-02	6.8854	-6.954038	-0.000449	-4.492158	-1.521984	-0.036409
 173	8.6000e-02	6.9335	-6.153050	0.001977	19.765495	6.696731	0.160198
 174	8.6500e-02	6.9640	-6.262275	-0.000270	-2.695295	-0.913191	-0.021845
 175	8.7000e-02	6.9993	-6.298684	-0.000090	-0.898432	-0.304397	-0.007282
 176	8.7500e-02	7.0570	-5.788964	0.001258	12.578042	4.261556	0.101944
 177	8.8000e-02	7.0586	-5.752555	0.000090	0.898432	0.304397	0.007282
 178	8.8500e-02	7.1084	-5.861781	-0.000270	-2.695295	-0.913191	-0.021845
 179	8.9000e-02	7.1436	-5.461287	0.000988	9.882748	3.348366	0.080099
 180	8.9500e-02	7.2062	-5.497695	-0.000090	-0.898432	-0.304397	-0.007282
 181	9.0000e-02	7.2367	-5.060792	0.001078	10.781179	3.652762	0.087381
 182	9.0500e-02	7.2720	-5.279244	-0.000539	-5.390590	-1.826381	-0.043690
 183	9.1000e-02	7.3474	-4.769524	0.001258	12.578042	4.261556	0.101944
 184	9.1500e-02	7.3618	-4.733115	0.000090	0.898432	0.304397	0.007282
 185	9.2000e-02	7.3955	-4.259804	0.001168	11.679611	3.957159	0.094662
 186	9.2500e-02	7.4356	-4.478255	-0.000539	-5.390590	-1.826381	-0.043690
 187	9.3000e-02	7.4757	-4.478255	0.000000	0.000000	0.000000	0.000000
 188	9.3500e-02	7.5078	-3.822901	0.001617	16.171769	5.479144	0.131071
 189	9.4000e-02	7.5591	-4.150578	-0.000809	-8.085884	-2.739572	-0.065535
 190	9.4500e-02	7.5912	-3.895718	0.000629	6.289021	2.130778	0.050972
 191	9.5000e-02	7.6538	-3.895718	0.000000	0.000000	0.000000	0.000000
 192	9.5500e-02	7.6538	-3.604449	-0.000719	-7.187453	-2.435175	0.058254
 193	9.6000e-02	7.7356	-3.313181	0.000719	7.187453	2.435175	0.058254
 194	9.6500e-02	7.7821	-3.385998	-0.000180	-1.796863	-0.608794	-0.014563
 195	9.7000e-02	7.7853	-3.131138	0.000629	6.289021	2.130778	0.050972
 196	9.7500e-02	7.8399	-2.912686	0.000539	5.390590	1.826381	0.043690
 197	9.8000e-02	7.8912	-2.985503	-0.000180	-1.796863	-0.608794	-0.014563
 198	9.8500e-02	7.9008	-2.585009	0.000988	9.882748	3.348366	0.080099
 199	9.9000e-02	7.9490	-2.439375	0.000359	3.593726	1.217587	0.029127
 200	9.9500e-02	8.0164	-2.257332	0.000449	4.492158	1.521984	0.036409
 201	1.0000e-01	8.0516	-2.002472	0.000629	6.289021	2.130778	0.050972
 202	1.0050e-01	8.0821	-2.293740	-0.000719	-7.187453	-2.435175	-0.058254
 203	1.0100e-01	8.1303	-1.638386	0.001617	16.171769	5.479144	0.131071
 204	1.0150e-01	8.1848	-1.529160	0.000270	2.695295	0.913191	0.021845
 205	1.0200e-01	8.2329	-1.419935	0.000270	2.695295	0.913191	0.021845
 206	1.0250e-01	8.2442	-1.347117	0.000180	1.796863	0.608794	0.014563
 207	1.0300e-01	8.2602	-1.237892	0.000270	2.695295	0.913191	0.021845
 208	1.0350e-01	8.3212	-0.946623	0.000719	7.187453	2.435175	0.058254
 209	1.0400e-01	8.3757	-0.764580	0.000449	4.492158	1.521984	0.036409
 210	1.0450e-01	8.4062	-0.618946	0.000359	3.593726	1.217587	0.029127
 211	1.0500e-01	8.4543	-0.509720	0.000270	2.695295	0.913191	0.021845
 212	1.0550e-01	8.4784	-0.546129	-0.000090	-0.898432	-0.304397	-0.007282
 213	1.0600e-01	8.5425	-0.291269	0.000629	6.289021	2.130778	0.050972
 214	1.0650e-01	8.5602	0.000000	0.000719	7.187453	2.435175	0.058254
 215	1.0700e-01	8.6067	0.218451	0.000539	5.390590	1.826381	0.043690
 216	1.0750e-01	8.6228	0.182043	-0.000090	-0.898432	-0.304397	-0.007282
 217	1.0800e-01	8.6452	0.254860	0.000180	1.796863	0.608794	0.014563
 218	1.0850e-01	8.7286	0.728172	0.001168	11.679611	3.957159	0.094662
 219	1.0900e-01	8.7607	0.764580	0.000090	0.898432	0.304397	0.007282
 220	1.0950e-01	8.7928	0.473312	-0.000719	-7.187453	-2.435175	-0.058254
 221	1.1000e-01	8.8409	0.983032	0.001258	12.578042	4.261556	0.101944
 222	1.1050e-01	8.8762	1.347117	0.000898	8.984316	3.043969	0.072817
 223	1.1100e-01	8.9227	1.237892	-0.000270	-2.695295	-0.913191	-0.021845
 224	1.1150e-01	8.9628	1.674795	0.001078	10.781179	3.652762	0.087381
 225	1.1200e-01	8.9757	1.674795	0.000000	0.000000	0.000000	0.000000
 226	1.1250e-01	9.0366	1.711203	0.000090	0.898432	0.304397	0.007282
 227	1.1300e-01	9.0912	1.784020	0.000180	1.796863	0.608794	0.014563
 228	1.1350e-01	9.1233	2.111697	0.000809	8.085884	2.739572	0.065535
 229	1.1400e-01	9.1698	2.038880	-0.000180	-1.796863	-0.608794	-0.014563
 230	1.1450e-01	9.1634	2.585009	-0.001348	-13.476474	-4.565953	0.109226
 231	1.1500e-01	9.2516	2.657826	0.000180	1.796863	0.608794	0.014563
 232	1.1550e-01	9.2981	2.585009	-0.000180	-1.796863	-0.608794	-0.014563
 233	1.1600e-01	9.3174	2.803460	0.000539	5.390590	1.826381	0.043690
 234	1.1650e-01	9.3703	3.021912	0.000539	5.390590	1.826381	0.043690
 235	1.1700e-01	9.3992	2.839869	-0.000449	-4.492158	-1.521984	-0.036409
 236	1.1750e-01	9.4473	3.458815	0.001527	15.273337	5.174747	0.123789
 237	1.1800e-01	9.4810	3.604449	0.000359	3.593726	1.217587	0.029127
 238	1.1850e-01	9.5211	3.385998	-0.000539	-5.390590	-1.826381	-0.043690
 239	1.1900e-01	9.5660	3.968535	0.001437	14.374906	4.870350	0.116507
 240	1.1950e-01	9.6142	3.750083	-0.000539	-5.390590	-1.826381	-0.043690
 241	1.2000e-01	9.6495	3.968535	0.000539	5.390590	1.826381	0.043690
 242	1.2050e-01	9.6783	3.932126	-0.000090	-0.898432	-0.304397	-0.007282
 243	1.2100e-01	9.7217	4.223395	0.000719	7.187453	2.435175	0.058254
 244	1.2150e-01	9.7425	4.514664	0.000719	7.187453	2.435175	0.058254
 245	1.2200e-01	9.8211	4.915158	0.000988	9.882748	3.348366	0.080099
 246	1.2250e-01	9.8580	5.133609	0.000539	5.390590	1.826381	0.043690
 247	1.2300e-01	9.8949	5.097201	-0.000090	-0.898432	-0.304397	-0.007282
 248	1.2350e-01	9.9061	5.133609	0.000090	0.898432	0.304397	0.007282
 249	1.2400e-01	9.9495	4.696706	-0.001078	-10.781179	-3.652762	-0.087381
 250	1.2450e-01	9.9928	5.388469	0.001707	17.070200	5.783540	0.138353
 251	1.2500e-01	10.0200	5.716147	0.000809	8.085884	2.739572	0.065535
 252	1.2550e-01	10.0954	5.643329	-0.000180	-1.796863	-0.608794	-0.014563
 253	1.2600e-01	10.1307	5.934598	0.000719	7.187453	2.435175	0.058254
 254	1.2650e-01	10.1388	5.861781	-0.000180	-1.796863	-0.608794	-0.014563
 255	1.2700e-01	10.1965	6.116641	0.000629	6.289021	2.130778	0.050972
 256	1.2750e-01	10.2318	6.116641	0.000000	0.000000	0.000000	0.000000
 257	1.2800e-01	10.2847	6.153050	0.000090	0.898432	0.304397	0.007282
 258	1.2850e-01	10.3008	6.589952	0.001078	10.781179	3.652762	0.087381
 259	1.2900e-01	10.3537	6.735587	0.000359	3.593726	1.217587	0.029127
 260	1.2950e-01	10.3954	6.735587	0.000000	0.000000	0.000000	0.000000
 261	1.3000e-01	10.4436	7.172490	0.001078	10.781179	3.652762	0.087381
 262	1.3050e-01	10.4949	6.881221	-0.000719	-7.187453	-2.435175	-0.058254
 263	1.3100e-01	10.5174	7.099673	0.000539	5.390590	1.826381	0.043690
 264	1.3150e-01	10.5575	7.354533	0.000629	6.289021	2.130778	0.050972
 265	1.3200e-01	10.5799	7.718618	0.000898	8.984316	3.043969	0.072817
 266	1.3250e-01	10.6361	7.536575	-0.000449	-4.492158	-1.521984	-0.036409
 267	1.3300e-01	10.6553	7.682210	0.000359	3.593726	1.217587	0.029127
 268	1.3350e-01	10.7147	7.791435	0.000270	2.695295	0.913191	0.021845
 269	1.3400e-01	10.7692	8.155521	0.000898	8.984316	3.043969	0.072817
 270	1.3450e-01	10.8189	8.264747	0.000270	2.695295	0.913191	0.021845
 271	1.3500e-01	10.8494	8.337564	0.000180	1.796863	0.608794	0.014563
 272	1.3550e-01	10.8815	8.337564	0.000000	0.000000	0.000000	0.000000
 273	1.3600e-01	10.9024	8.774467	0.001078	10.781179	3.652762	0.087381
 274	1.3650e-01	10.9585	8.701650	-0.000180	-1.796863	-0.608794	-0.014563
 275	1.3700e-01	10.9938	8.847284	0.000359	3.593726	1.217587	0.029127
 276	1.3750e-01	11.0275	9.211370	0.000898	8.984316	3.043969	0.072817
 277	1.3800e-01	11.0788	9.029327	-0.000449	-4.492158	-1.521984	-0.036409
 278	1.3850e-01	11.1061	9.684681	0.001617	16.171769	5.479144	0.131071
 279	1.3900e-01	11.1558	9.466230	-0.000539	-5.390590	-1.826381	-0.043690
 280	1.3950e-01	11.1879	9.939542	0.001168	11.679611	3.957159	0.094662
 281	1.4000e-01	11.2457	9.539047	-0.000988	-9.882748	-3.348366	-0.080099
 282	1.4050e-01	11.2665	10.048767	0.001258	12.578042	4.261556	0.101944
 283	1.4100e-01	11.3211	9.830316	-0.000539	-5.390590	-1.826381	-0.043690
 284	1.4150e-01	11.3628	10.157993	0.000809	8.085884	2.739572	0.065535
 285	1.4200e-01	11.3884	10.157993	0.000000	0.000000	0.000000	0.000000
 286	1.4250e-01	11.4526	10.776939	0.001527	15.273337	5.174747	0.123789
 287	1.4300e-01	11.4799	10.776939	0.000000	0.000000	0.000000	0.000000
 288	1.4350e-01	11.5120	10.849756	0.000180	1.796863	0.608794	0.014563
 289	1.4400e-01	11.5585	10.958982	0.000270	2.695295	0.913191	0.021845
 290	1.4450e-01	11.6195	10.922573	-0.000090	-0.898432	-0.304397	-0.007282
 291	1.4500e-01	11.6403	11.213842	0.000719	7.187453	2.435175	0.058254
 292	1.4550e-01	11.6933	11.177433	-0.000090	-0.898432	-0.304397	-0.007282
 293	1.4600e-01	11.7141	11.395885	0.000539	5.390590	1.826381	0.043690
 294	1.4650e-01	11.7606	11.650745	0.000629	6.289021	2.130778	0.050972
 295	1.4700e-01	11.8055	11.577927	-0.000180	-1.796863	-0.608794	-0.014563
 296	1.4750e-01	11.8777	11.759970	0.000449	4.492158	1.521984	0.036409
 297	1.4800e-01	11.8681	12.124056	-0.000898	-8.984316	-3.043969	0.072817
 298	1.4850e-01	11.9098	12.196873	0.000180	1.796863	0.608794	0.014563
 299	1.4900e-01	11.9820	12.560959	0.000898	8.984316	3.043969	0.072817
 300	1.4950e-01	11.9900	12.415325	-0.000359	-3.593726	-1.217587	-0.029127
 301	1.5000e-01	12.0317	12.560959	0.000359	3.593726	1.217587	0.029127
 302	1.5050e-01	12.0911	12.488142	-0.000180	-1.796863	-0.608794	-0.014563
 303	1.5100e-01	12.1039	12.815819	0.000809	8.085884	2.739572	0.065535
 304	1.5150e-01	12.1392	12.852228	0.000090	0.898432	0.304397	0.007282
 305	1.5200e-01	12.1922	13.143496	0.000719	7.187453	2.435175	0.058254
 306	1.5250e-01	12.2371	13.325539	0.000449	4.492158	1.521984	0.036409
 307	1.5300e-01	12.2499	13.179905	-0.000359	-3.593726	-1.217587	-0.029127
 308	1.5350e-01	12.3109	13.689625	0.001258	12.578042	4.261556	0.101944
 309	1.5400e-01	12.3558	13.616808	-0.000180	-1.796863	-0.608794	-0.014563
 310	1.5450e-01	12.4087	13.944485	0.000809	8.085884	2.739572	0.065535
 311	1.5500e-01	12.4553	14.053711	0.000270	2.695295	0.913191	0.021845
 312	1.5550e-01	12.4873	14.053711	0.000000	0.000000	0.000000	0.000000
 313	1.5600e-01	12.5275	14.017302	-0.000090	-0.898432	-0.304397	-0.007282
 314	1.5650e-01	12.5371	14.235754	0.000539	5.390590	1.826381	0.043690
 315	1.5700e-01	12.5852	14.781882	0.001348	13.476474	4.565953	0.109226
 316	1.5750e-01	12.6189	14.636248	-0.000359	-3.593726	-1.217587	-0.029127
 317	1.5800e-01	12.6606	14.636248	0.000000	0.000000	0.000000	0.000000
 318	1.5850e-01	12.7168	14.818291	0.000449	4.492158	1.521984	0.036409
 319	1.5900e-01	12.7424	15.000334	0.000449	4.492158	1.521984	0.036409
 320	1.5950e-01	12.7889	14.927517	-0.000180	-1.796863	-0.608794	-0.014563
 321	1.6000e-01	12.8355	15.510054	0.001437	14.374906	4.870350	0.116507
 322	1.6050e-01	12.8531	15.255194	-0.000629	-6.289021	-2.130778	-0.050972
 323	1.6100e-01	12.9349	15.655688	0.000988	9.882748	3.348366	0.080099
 324	1.6150e-01	12.9012	15.655688	-0.000000	-0.000000	-0.000000	0.000000
 325	1.6200e-01	12.9975	15.692097	0.000090	0.898432	0.304397	0.007282
 326	1.6250e-01	13.0456	15.983365	0.000719	7.187453	2.435175	0.058254
 327	1.6300e-01	13.0681	15.983365	0.000000	0.000000	0.000000	0.000000
 328	1.6350e-01	13.1210	16.311042	0.000809	8.085884	2.739572	0.065535
 329	1.6400e-01	13.1611	16.347451	0.000090	0.898432	0.304397	0.007282
 330	1.6450e-01	13.1772	16.929988	0.001437	14.374906	4.870350	0.116507
 331	1.6500e-01	13.2429	16.529494	-0.000988	-9.882748	-3.348366	-0.080099
 332	1.6550e-01	13.2622	16.820763	0.000719	7.187453	2.435175	0.058254
 333	1.6600e-01	13.3215	16.784354	-0.000090	-0.898432	-0.304397	-0.007282
 334	1.6650e-01	13.3552	16.966397	0.000449	4.492158	1.521984	0.036409
 335	1.6700e-01	13.3873	17.002805	0.000090	0.898432	0.304397	0.007282
 336	1.6750e-01	13.4483	17.075623	0.000180	1.796863	0.608794	0.014563
 337	1.6800e-01	13.4675	17.585343	0.001258	12.578042	4.261556	0.101944
 338	1.6850e-01	13.5237	17.621751	0.000090	0.898432	0.304397	0.007282
 339	1.6900e-01	13.5397	17.803794	0.000449	4.492158	1.521984	0.036409
 340	1.6950e-01	13.6119	18.131471	0.000809	8.085884	2.739572	0.065535
 341	1.7000e-01	13.6408	17.730977	-0.000988	-9.882748	-3.348366	-0.080099
 342	1.7050e-01	13.6697	18.277106	0.001348	13.476474	4.565953	0.109226
 343	1.7100e-01	13.7130	18.167880	-0.000270	-2.695295	-0.913191	-0.021845
 344	1.7150e-01	13.7499	18.240697	0.000180	1.796863	0.608794	0.014563
 345	1.7200e-01	13.7723	18.313514	0.000180	1.796863	0.608794	0.014563
 346	1.7250e-01	13.8365	18.750417	0.001078	10.781179	3.652762	0.087381
 347	1.7300e-01	13.8766	18.313514	-0.001078	-10.781179	-3.652762	-0.087381
 348	1.7350e-01	13.9247	18.896051	0.001437	14.374906	4.870350	0.116507
 349	1.7400e-01	13.9616	19.296546	0.000988	9.882748	3.348366	0.080099
 350	1.7450e-01	13.9921	18.859643	-0.001078	-10.781179	-3.652762	-0.087381
 351	1.7500e-01	14.0563	19.478589	0.001527	15.273337	5.174747	0.123789
 352	1.7550e-01	14.0691	19.514997	0.000090	0.898432	0.304397	0.007282
 353	1.7600e-01	14.1108	19.551406	0.000090	0.898432	0.304397	0.007282
 354	1.7650e-01	14.1445	19.478589	-0.000180	-1.796863	-0.608794	-0.014563
 355	1.7700e-01	14.2071	19.660632	0.000449	4.492158	1.521984	0.036409
 356	1.7750e-01	14.2344	20.097534	0.001078	10.781179	3.652762	0.087381
 357	1.7800e-01	14.2857	19.842674	-0.000629	-6.289021	-2.130778	-0.050972
 358	1.7850e-01	14.3194	19.951900	0.000270	2.695295	0.913191	0.021845
 359	1.7900e-01	14.3595	20.206760	0.000629	6.289021	2.130778	0.050972
 360	1.7950e-01	14.3836	20.352395	0.000359	3.593726	1.217587	0.029127
 361	1.8000e-01	14.4381	20.570846	0.000539	5.390590	1.826381	0.043690
 362	1.8050e-01	14.4894	20.388803	-0.000449	-4.492158	-1.521984	-0.036409
 363	1.8100e-01	14.5279	20.716480	0.000809	8.085884	2.739572	0.065535
 364	1.8150e-01	14.5761	20.862115	0.000359	3.593726	1.217587	0.029127
 365	1.8200e-01	14.5809	20.934932	0.000180	1.796863	0.608794	0.014563
 366	1.8250e-01	14.6194	21.335426	0.000988	9.882748	3.348366	0.080099
 367	1.8300e-01	14.6900	21.080566	-0.000629	-6.289021	-2.130778	-0.050972
 368	1.8350e-01	14.7349	21.444652	0.000898	8.984316	3.043969	0.072817
 369	1.8400e-01	14.7734	21.626695	0.000449	4.492158	1.521984	0.036409
 370	1.8450e-01	14.8023	21.371835	-0.000629	-6.289021	-2.130778	-0.050972
 371	1.8500e-01	14.8424	22.027189	0.001617	16.171769	5.479144	0.131071
 372	1.8550e-01	14.8712	21.663103	-0.000898	-8.984316	-3.043969	-0.072817
 373	1.8600e-01	14.9338	22.063598	0.000988	9.882748	3.348366	0.080099
 374	1.8650e-01	14.9611	22.245641	0.000449	4.492158	1.521984	0.036409
 375	1.8700e-01	14.9867	22.172823	-0.000180	-1.796863	-0.608794	-0.014563
 376	1.8750e-01	15.0140	22.354866	0.000449	4.492158	1.521984	0.036409
 377	1.8800e-01	15.0910	22.791769	0.001078	10.781179	3.652762	0.087381
 378	1.8850e-01	15.1247	22.573318	-0.000539	-5.390590	-1.826381	-0.043690
 379	1.8900e-01	15.1472	22.609726	0.000090	0.898432	0.304397	0.007282
 380	1.8950e-01	15.1921	22.937403	0.000809	8.085884	2.739572	0.065535
 381	1.9000e-01	15.2290	23.155855	0.000539	5.390590	1.826381	0.043690
 382	1.9050e-01	15.2691	23.046629	-0.000270	-2.695295	-0.913191	-0.021845
 383	1.9100e-01	15.3108	23.665575	0.001527	15.273337	5.174747	0.123789
 384	1.9150e-01	15.3589	23.556349	-0.000270	-2.695295	-0.913191	-0.021845
 385	1.9200e-01	15.3894	23.337898	-0.000539	-5.390590	-1.826381	-0.043690
 386	1.9250e-01	15.4215	23.701984	0.000898	8.984316	3.043969	0.072817
 387	1.9300e-01	15.4536	23.519941	-0.000449	-4.492158	-1.521984	-0.036409
 388	1.9350e-01	15.5033	23.847618	0.000809	8.085884	2.739572	0.065535
 389	1.9400e-01	15.5530	24.102478	0.000629	6.289021	2.130778	0.050972
 390	1.9450e-01	15.6140	23.811209	-0.000719	-7.187453	-2.435175	-0.058254
 391	1.9500e-01	15.6445	24.539381	0.001797	17.968632	6.087937	0.145634
 392	1.9550e-01	15.6814	24.320929	-0.000539	-5.390590	-1.826381	-0.043690
 393	1.9600e-01	15.7295	24.211704	-0.000270	-2.695295	-0.913191	-0.021845
 394	1.9650e-01	15.7616	24.903467	0.001707	17.070200	5.783540	0.138353
 395	1.9700e-01	15.7792	24.903467	0.000000	0.000000	0.000000	0.000000
 396	1.9750e-01	15.8338	24.721424	-0.000449	-4.492158	-1.521984	-0.036409
 397	1.9800e-01	15.8851	24.976284	0.000629	6.289021	2.130778	0.050972
 398	1.9850e-01	15.8931	25.303961	0.000809	8.085884	2.739572	0.065535
 399	1.9900e-01	15.9477	25.121918	-0.000449	-4.492158	-1.521984	-0.036409
 400	1.9950e-01	16.0070	25.303961	0.000449	4.492158	1.521984	0.036409
 401	2.0000e-01	16.0423	25.231144	-0.000180	-1.796863	-0.608794	-0.014563
 402	2.0050e-01	16.0792	25.668047	0.001078	10.781179	3.652762	0.087381
 403	2.0100e-01	16.1097	25.704455	0.000090	0.898432	0.304397	0.007282
 404	2.0150e-01	16.1546	25.886498	0.000449	4.492158	1.521984	0.036409
 405	2.0200e-01	16.1739	25.959315	0.000180	1.796863	0.608794	0.014563
 406	2.0250e-01	16.2541	26.250584	0.000719	7.187453	2.435175	0.058254
 407	2.0300e-01	16.2685	25.995724	-0.000629	-6.289021	-2.130778	-0.050972
 408	2.0350e-01	16.3086	26.250584	0.000629	6.289021	2.130778	0.050972
 409	2.0400e-01	16.3391	26.359810	0.000270	2.695295	0.913191	0.021845
 410	2.0450e-01	16.3776	26.687487	0.000809	8.085884	2.739572	0.065535
 411	2.0500e-01	16.4434	26.687487	0.000000	0.000000	0.000000	0.000000
 412	2.0550e-01	16.4674	26.796713	0.000270	2.695295	0.913191	0.021845
 413	2.0600e-01	16.4883	26.760304	-0.000090	-0.898432	-0.304397	-0.007282
 414	2.0650e-01	16.5557	26.905938	0.000359	3.593726	1.217587	0.029127
 415	2.0700e-01	16.5926	27.270024	0.000898	8.984316	3.043969	0.072817
 416	2.0750e-01	16.6327	27.197207	-0.000180	-1.796863	-0.608794	-0.014563
 417	2.0800e-01	16.6760	27.561293	0.000898	8.984316	3.043969	0.072817
 418	2.0850e-01	16.7161	27.233616	-0.000809	-8.085884	-2.739572	-0.065535
 419	2.0900e-01	16.7723	27.270024	0.000090	0.898432	0.304397	0.007282
 420	2.0950e-01	16.7947	27.852561	0.001437	14.374906	4.870350	0.116507
 421	2.1000e-01	16.8460	28.034604	0.000449	4.492158	1.521984	0.036409
 422	2.1050e-01	16.8733	27.743336	-0.000719	-7.187453	-2.435175	-0.058254
 423	2.1100e-01	16.9086	27.998196	0.000629	6.289021	2.130778	0.050972
 424	2.1150e-01	16.9583	28.325873	0.000809	8.085884	2.739572	0.065535
 425	2.1200e-01	17.0081	28.289464	-0.000090	-0.898432	-0.304397	-0.007282
 426	2.1250e-01	17.0337	28.507916	0.000539	5.390590	1.826381	0.043690
 427	2.1300e-01	17.0594	28.180239	-0.000809	-8.085884	-2.739572	-0.065535
 428	2.1350e-01	17.1140	28.908410	0.001797	17.968632	6.087937	0.145634
 429	2.1400e-01	17.1444	28.617141	-0.000719	-7.187453	-2.435175	-0.058254
 430	2.1450e-01	17.2038	28.762776	0.000359	3.593726	1.217587	0.029127
 431	2.1500e-01	17.2487	29.272496	0.001258	12.578042	4.261556	0.101944
 432	2.1550e-01	17.2615	29.126862	-0.000359	-3.593726	-1.217587	-0.029127
 433	2.1600e-01	17.2936	29.345313	0.000539	5.390590	1.826381	0.043690
 434	2.1650e-01	17.3690	29.345313	0.000000	0.000000	0.000000	0.000000
 435	2.1700e-01	17.3738	29.163270	-0.000449	-4.492158	-1.521984	-0.036409
 436	2.1750e-01	17.4156	29.563764	0.000988	9.882748	3.348366	0.080099
 437	2.1800e-01	17.4685	29.782216	0.000539	5.390590	1.826381	0.043690
 438	2.1850e-01	17.4942	30.000667	0.000539	5.390590	1.826381	0.043690
 439	2.1900e-01	17.5647	30.037076	0.000090	0.898432	0.304397	0.007282
 440	2.1950e-01	17.5936	29.745807	-0.000719	-7.187453	-2.435175	-0.058254
 441	2.2000e-01	17.6385	29.964259	0.000539	5.390590	1.826381	0.043690
 442	2.2050e-01	17.6899	30.219119	0.000629	6.289021	2.130778	0.050972
 443	2.2100e-01	17.7236	30.801656	0.001437	14.374906	4.870350	0.116507
 444	2.2150e-01	17.7669	30.437570	-0.000898	-8.984316	-3.043969	-0.072817
 445	2.2200e-01	17.7685	30.510387	0.000180	1.796863	0.608794	0.014563
 446	2.2250e-01	17.8198	30.947290	0.001078	10.781179	3.652762	0.087381
 447	2.2300e-01	17.8712	30.910882	-0.000090	-0.898432	-0.304397	-0.007282
 448	2.2350e-01	17.9289	30.983699	0.000180	1.796863	0.608794	0.014563
 449	2.2400e-01	17.9482	30.983699	0.000000	0.000000	0.000000	0.000000
 450	2.2450e-01	17.9915	31.165742	0.000449	4.492158	1.521984	0.036409
 451	2.2500e-01	18.0284	31.202150	0.000090	0.898432	0.304397	0.007282
 452	2.2550e-01	18.0829	31.529828	0.000809	8.085884	2.739572	0.065535
 453	2.2600e-01	18.0957	31.420602	-0.000270	-2.695295	-0.913191	-0.021845
 454	2.2650e-01	18.1455	31.675462	0.000629	6.289021	2.130778	0.050972
 455	2.2700e-01	18.2016	31.602645	-0.000180	-1.796863	-0.608794	-0.014563
 456	2.2750e-01	18.2305	31.857505	0.000629	6.289021	2.130778	0.050972
 457	2.2800e-01	18.2818	31.748279	-0.000270	-2.695295	-0.913191	-0.021845
 458	2.2850e-01	18.3155	32.148773	0.000988	9.882748	3.348366	0.080099
 459	2.2900e-01	18.3620	32.112365	-0.000090	-0.898432	-0.304397	-0.007282
 460	2.2950e-01	18.3701	32.257999	0.000359	3.593726	1.217587	0.029127
 461	2.3000e-01	18.4342	32.221591	-0.000090	-0.898432	-0.304397	-0.007282
 462	2.3050e-01	18.4952	32.440042	0.000539	5.390590	1.826381	0.043690
 463	2.3100e-01	18.5064	32.585676	0.000359	3.593726	1.217587	0.029127
 464	2.3150e-01	18.5658	32.549268	-0.000090	-0.898432	-0.304397	-0.007282
 465	2.3200e-01	18.5738	32.986171	0.001078	10.781179	3.652762	0.087381
 466	2.3250e-01	18.6284	32.876945	-0.000270	-2.695295	-0.913191	-0.021845
 467	2.3300e-01	18.6717	32.804128	-0.000180	-1.796863	-0.608794	-0.014563
 468	2.3350e-01	18.7134	33.058988	0.000629	6.289021	2.130778	0.050972
 469	2.3400e-01	18.7631	33.677934	0.001527	15.273337	5.174747	0.123789
 470	2.3450e-01	18.7888	33.350257	-0.000809	-8.085884	-2.739572	-0.065535
 471	2.3500e-01	18.8321	33.605117	0.000629	6.289021	2.130778	0.050972
 472	2.3550e-01	18.8866	33.277439	-0.000809	-8.085884	-2.739572	-0.065535
 473	2.3600e-01	18.9219	33.423074	0.000359	3.593726	1.217587	0.029127
 474	2.3650e-01	18.9412	34.078428	0.001617	16.171769	5.479144	0.131071
 475	2.3700e-01	18.9989	33.532299	-0.001348	-13.476474	-4.565953	-0.109226
 476	2.3750e-01	19.0262	34.333288	0.001977	19.765495	6.696731	0.160198
 477	2.3800e-01	19.0920	34.187654	-0.000359	-3.593726	-1.217587	-0.029127
 478	2.3850e-01	19.1128	34.078428	-0.000270	-2.695295	-0.913191	-0.021845
 479	2.3900e-01	19.1257	34.187654	0.000270	2.695295	0.913191	0.021845
 480	2.3950e-01	19.1818	34.406105	0.000539	5.390590	1.826381	0.043690
 481	2.4000e-01	19.2331	34.770191	0.000898	8.984316	3.043969	0.072817
 482	2.4050e-01	19.2733	34.588148	-0.000449	-4.492158	-1.521984	-0.036409
 483	2.4100e-01	19.3069	34.915825	0.000809	8.085884	2.739572	0.065535
 484	2.4150e-01	19.3503	35.025051	0.000270	2.695295	0.913191	0.021845
 485	2.4200e-01	19.3968	34.843008	-0.000449	-4.492158	-1.521984	-0.036409
 486	2.4250e-01	19.3855	35.170685	-0.000809	-8.085884	-2.739572	0.065535
 487	2.4300e-01	19.4882	35.097868	-0.000180	-1.796863	-0.608794	-0.014563
 488	2.4350e-01	19.5123	35.207094	0.000270	2.695295	0.913191	0.021845
 489	2.4400e-01	19.5476	35.571180	0.000898	8.984316	3.043969	0.072817
 490	2.4450e-01	19.5684	35.534771	-0.000090	-0.898432	-0.304397	-0.007282
 491	2.4500e-01	19.6310	35.826040	0.000719	7.187453	2.435175	0.058254
 492	2.4550e-01	19.6855	35.607588	-0.000539	-5.390590	-1.826381	-0.043690
 493	2.4600e-01	19.7144	35.826040	0.000539	5.390590	1.826381	0.043690
 494	2.4650e-01	19.7192	36.044491	0.000539	5.390590	1.826381	0.043690
 495	2.4700e-01	19.7866	36.772663	0.001797	17.968632	6.087937	0.145634
 496	2.4750e-01	19.8267	35.862448	-0.002246	-22.460790	-7.609922	-0.182043
 497	2.4800e-01	19.8700	36.299351	0.001078	10.781179	3.652762	0.087381
 498	2.4850e-01	19.9117	36.372168	0.000180	1.796863	0.608794	0.014563
 499	2.4900e-01	19.9583	36.481394	0.000270	2.695295	0.913191	0.021845
 500	2.4950e-01	19.9887	36.699846	0.000539	5.390590	1.826381	0.043690
 501	2.5000e-01	20.0465	36.699846	0.000000	0.000000	0.000000	0.000000
 502	2.5050e-01	19.9759	36.699846	-0.000000	-0.000000	-0.000000	0.000000
 503	2.5100e-01	19.9149	36.554211	0.000359	3.593726	1.217587	-0.029127
 504	2.5150e-01	19.8877	36.554211	-0.000000	-0.000000	-0.000000	0.000000
 505	2.5200e-01	19.8604	36.590620	-0.000090	-0.898432	-0.304397	0.007282
 506	2.5250e-01	19.8010	36.517803	0.000180	1.796863	0.608794	-0.014563
 507	2.5300e-01	19.7690	36.408577	0.000270	2.695295	0.913191	-0.021845
 508	2.5350e-01	19.7658	36.517803	-0.000270	-2.695295	-0.913191	0.021845
 509	2.5400e-01	19.6984	36.262943	0.000629	6.289021	2.130778	-0.050972
 510	2.5450e-01	19.6342	35.571180	0.001707	17.070200	5.783540	-0.138353
 511	2.5500e-01	19.6166	35.971674	-0.000988	-9.882748	-3.348366	0.080099
 512	2.5550e-01	19.5668	35.935265	0.000090	0.898432	0.304397	-0.007282
 513	2.5600e-01	19.5604	35.753223	0.000449	4.492158	1.521984	-0.036409
 514	2.5650e-01	19.4818	35.716814	0.000090	0.898432	0.304397	-0.007282
 515	2.5700e-01	19.4609	35.534771	0.000449	4.492158	1.521984	-0.036409
 516	2.5750e-01	19.4224	35.352728	0.000449	4.492158	1.521984	-0.036409
 517	2.5800e-01	19.4112	35.207094	0.000359	3.593726	1.217587	-0.029127
 518	2.5850e-01	19.3342	35.352728	-0.000359	-3.593726	-1.217587	0.029127
 519	2.5900e-01	19.3005	35.352728	-0.000000	-0.000000	-0.000000	0.000000
 520	2.5950e-01	19.2396	35.025051	0.000809	8.085884	2.739572	-0.065535
 521	2.6000e-01	19.1866	34.988642	0.000090	0.898432	0.304397	-0.007282
 522	2.6050e-01	19.1449	34.733782	0.000629	6.289021	2.130778	-0.050972
 523	2.6100e-01	19.1529	35.061460	0.000809	8.085884	2.739572	0.065535
 524	2.6150e-01	19.0920	34.843008	0.000539	5.390590	1.826381	-0.043690
 525	2.6200e-01	19.0358	34.187654	0.001617	16.171769	5.479144	-0.131071
 526	2.6250e-01	19.0005	34.879417	-0.001707	-17.070200	-5.783540	0.138353
 527	2.6300e-01	18.9572	34.697374	0.000449	4.492158	1.521984	-0.036409
 528	2.6350e-01	18.9412	34.187654	0.001258	12.578042	4.261556	-0.101944
 529	2.6400e-01	18.8995	34.478922	-0.000719	-7.187453	-2.435175	0.058254
 530	2.6450e-01	18.8658	34.478922	-0.000000	-0.000000	-0.000000	0.000000
 531	2.6500e-01	18.8401	33.932794	0.001348	13.476474	4.565953	-0.109226
 532	2.6550e-01	18.7679	33.787159	0.000359	3.593726	1.217587	-0.029127
 533	2.6600e-01	18.7326	33.641525	0.000359	3.593726	1.217587	-0.029127
 534	2.6650e-01	18.6909	33.896385	-0.000629	-6.289021	-2.130778	0.050972
 535	2.6700e-01	18.6444	33.823568	0.000180	1.796863	0.608794	-0.014563
 536	2.6750e-01	18.6251	33.459482	0.000898	8.984316	3.043969	-0.072817
 537	2.6800e-01	18.5818	33.641525	-0.000449	-4.492158	-1.521984	0.036409
 538	2.6850e-01	18.5594	33.386665	0.000629	6.289021	2.130778	-0.050972
 539	2.6900e-01	18.5096	33.386665	-0.000000	-0.000000	-0.000000	0.000000
 540	2.6950e-01	18.4471	33.131805	0.000629	6.289021	2.130778	-0.050972
 541	2.7000e-01	18.4054	33.131805	-0.000000	-0.000000	-0.000000	0.000000
 542	2.7050e-01	18.3749	32.949762	0.000449	4.492158	1.521984	-0.036409
 543	2.7100e-01	18.3508	32.840536	0.000270	2.695295	0.913191	-0.021845
 544	2.7150e-01	18.3011	32.512859	0.000809	8.085884	2.739572	-0.065535
 545	2.7200e-01	18.2562	32.804128	-0.000719	-7.187453	-2.435175	0.058254
 546	2.7250e-01	18.2096	32.512859	0.000719	7.187453	2.435175	-0.058254
 547	2.7300e-01	18.1647	32.403633	0.000270	2.695295	0.913191	-0.021845
 548	2.7350e-01	18.1503	32.549268	-0.000359	-3.593726	-1.217587	0.029127
 549	2.7400e-01	18.1070	32.440042	0.000270	2.695295	0.913191	-0.021845
 550	2.7450e-01	18.0444	32.403633	0.000090	0.898432	0.304397	-0.007282
 551	2.7500e-01	18.0155	32.075956	0.000809	8.085884	2.739572	-0.065535
 552	2.7550e-01	17.9915	31.711871	0.000898	8.984316	3.043969	-0.072817
 553	2.7600e-01	17.9369	32.003139	-0.000719	-7.187453	-2.435175	0.058254
 554	2.7650e-01	17.8968	31.784688	0.000539	5.390590	1.826381	-0.043690
 555	2.7700e-01	17.8679	31.493419	0.000719	7.187453	2.435175	-0.058254
 556	2.7750e-01	17.7925	31.748279	-0.000629	-6.289021	-2.130778	0.050972
 557	2.7800e-01	17.7797	31.457010	0.000719	7.187453	2.435175	-0.058254
 558	2.7850e-01	17.7348	31.602645	-0.000359	-3.593726	-1.217587	0.029127
 559	2.7900e-01	17.7011	31.493419	0.000270	2.695295	0.913191	-0.021845
 560	2.7950e-01	17.6706	31.238559	0.000629	6.289021	2.130778	-0.050972
 561	2.8000e-01	17.6161	31.311376	-0.000180	-1.796863	-0.608794	0.014563
 562	2.8050e-01	17.5744	31.202150	0.000270	2.695295	0.913191	-0.021845
 563	2.8100e-01	17.5487	31.020108	0.000449	4.492158	1.521984	-0.036409
 564	2.8150e-01	17.5070	30.728839	0.000719	7.187453	2.435175	-0.058254
 565	2.8200e-01	17.4733	30.765248	-0.000090	-0.898432	-0.304397	0.007282
 566	2.8250e-01	17.4220	30.510387	0.000629	6.289021	2.130778	-0.050972
 567	2.8300e-01	17.3722	30.328345	0.000449	4.492158	1.521984	-0.036409
 568	2.8350e-01	17.3385	30.364753	-0.000090	-0.898432	-0.304397	0.007282
 569	2.8400e-01	17.2920	30.364753	-0.000000	-0.000000	-0.000000	0.000000
 570	2.8450e-01	17.2744	30.437570	-0.000180	-1.796863	-0.608794	0.014563
 571	2.8500e-01	17.2166	30.037076	0.000988	9.882748	3.348366	-0.080099
 572	2.8550e-01	17.1637	29.782216	0.000629	6.289021	2.130778	-0.050972
 573	2.8600e-01	17.1348	30.000667	-0.000539	-5.390590	-1.826381	0.043690
 574	2.8650e-01	17.0835	29.563764	0.001078	10.781179	3.652762	-0.087381
 575	2.8700e-01	17.0386	29.600173	-0.000090	-0.898432	-0.304397	0.007282
 576	2.8750e-01	17.0129	29.527356	0.000180	1.796863	0.608794	-0.014563
 577	2.8800e-01	16.9728	29.600173	-0.000180	-1.796863	-0.608794	0.014563
 578	2.8850e-01	16.9343	29.527356	0.000180	1.796863	0.608794	-0.014563
 579	2.8900e-01	16.8910	29.345313	0.000449	4.492158	1.521984	-0.036409
 580	2.8950e-01	16.8733	29.272496	0.000180	1.796863	0.608794	-0.014563
 581	2.9000e-01	16.8268	28.944819	0.000809	8.085884	2.739572	-0.065535
 582	2.9050e-01	16.7947	28.944819	-0.000000	-0.000000	-0.000000	0.000000
 583	2.9100e-01	16.7225	29.090453	-0.000359	-3.593726	-1.217587	0.029127
 584	2.9150e-01	16.6969	28.617141	0.001168	11.679611	3.957159	-0.094662
 585	2.9200e-01	16.6535	28.689959	-0.000180	-1.796863	-0.608794	0.014563
 586	2.9250e-01	16.6231	28.398690	0.000719	7.187453	2.435175	-0.058254
 587	2.9300e-01	16.5685	28.544324	-0.000359	-3.593726	-1.217587	0.029127
 588	2.9350e-01	16.5316	28.471507	0.000180	1.796863	0.608794	-0.014563
 589	2.9400e-01	16.4915	28.180239	0.000719	7.187453	2.435175	-0.058254
 590	2.9450e-01	16.4578	28.143830	0.000090	0.898432	0.304397	-0.007282
 591	2.9500e-01	16.4081	27.816153	0.000809	8.085884	2.739572	-0.065535
 592	2.9550e-01	16.3712	27.379250	0.001078	10.781179	3.652762	-0.087381
 593	2.9600e-01	16.3423	27.779744	-0.000988	-9.882748	-3.348366	0.080099
 594	2.9650e-01	16.3006	27.816153	-0.000090	-0.898432	-0.304397	0.007282
 595	2.9700e-01	16.2477	27.379250	0.001078	10.781179	3.652762	-0.087381
 596	2.9750e-01	16.2204	27.488476	-0.000270	-2.695295	-0.913191	0.021845
 597	2.9800e-01	16.1883	27.342841	0.000359	3.593726	1.217587	-0.029127
 598	2.9850e-01	16.1642	27.197207	0.000359	3.593726	1.217587	-0.029127
 599	2.9900e-01	16.1001	27.597701	-0.000988	-9.882748	-3.348366	0.080099
 600	2.9950e-01	16.0503	26.869530	0.001797	17.968632	6.087937	-0.145634
 601	3.0000e-01	16.0006	27.051573	-0.000449	-4.492158	-1.521984	0.036409
 602	3.0050e-01	15.9750	26.869530	0.000449	4.492158	1.521984	-0.036409
 603	3.0100e-01	15.9300	26.723895	0.000359	3.593726	1.217587	-0.029127
 604	3.0150e-01	15.8851	26.651078	0.000180	1.796863	0.608794	-0.014563
 605	3.0200e-01	15.8643	26.505444	0.000359	3.593726	1.217587	-0.029127
 606	3.0250e-01	15.8370	26.250584	0.000629	6.289021	2.130778	-0.050972
 607	3.0300e-01	15.8033	26.359810	-0.000270	-2.695295	-0.913191	0.021845
 608	3.0350e-01	15.7391	26.068541	0.000719	7.187453	2.435175	-0.058254
 609	3.0400e-01	15.6942	26.068541	-0.000000	-0.000000	-0.000000	0.000000
 610	3.0450e-01	15.6557	26.141358	-0.000180	-1.796863	-0.608794	0.014563
 611	3.0500e-01	15.6156	25.704455	0.001078	10.781179	3.652762	-0.087381
 612	3.0550e-01	15.5595	25.995724	-0.000719	-7.187453	-2.435175	0.058254
 613	3.0600e-01	15.5402	25.668047	0.000809	8.085884	2.739572	-0.065535
 614	3.0650e-01	15.5145	25.085510	0.001437	14.374906	4.870350	-0.116507
 615	3.0700e-01	15.4744	25.194735	-0.000270	-2.695295	-0.913191	0.021845
 616	3.0750e-01	15.4199	25.376778	-0.000449	-4.492158	-1.521984	0.036409
 617	3.0800e-01	15.3782	25.340370	0.000090	0.898432	0.304397	-0.007282
 618	3.0850e-01	15.3493	24.976284	0.000898	8.984316	3.043969	-0.072817
 619	3.0900e-01	15.2643	25.340370	-0.000898	-8.984316	-3.043969	0.072817
 620	3.0950e-01	15.2675	24.939875	-0.000988	-9.882748	-3.348366	-0.080099
 621	3.1000e-01	15.2434	24.794241	0.000359	3.593726	1.217587	-0.029127
 622	3.1050e-01	15.1744	24.903467	-0.000270	-2.695295	-0.913191	0.021845
 623	3.1100e-01	15.1456	24.502972	0.000988	9.882748	3.348366	-0.080099
 624	3.1150e-01	15.0910	24.502972	-0.000000	-0.000000	-0.000000	0.000000
 625	3.1200e-01	15.0509	24.066069	0.001078	10.781179	3.652762	-0.087381
 626	3.1250e-01	15.0060	24.466564	-0.000988	-9.882748	-3.348366	0.080099
 627	3.1300e-01	14.9563	24.102478	0.000898	8.984316	3.043969	-0.072817
 628	3.1350e-01	14.9418	23.738392	0.000898	8.984316	3.043969	-0.072817
 629	3.1400e-01	14.8969	23.956844	-0.000539	-5.390590	-1.826381	0.043690
 630	3.1450e-01	14.8456	23.847618	0.000270	2.695295	0.913191	-0.021845
 631	3.1500e-01	14.8151	23.847618	-0.000000	-0.000000	-0.000000	0.000000
 632	3.1550e-01	14.7718	23.374306	0.001168	11.679611	3.957159	-0.094662
 633	3.1600e-01	14.7365	23.519941	-0.000359	-3.593726	-1.217587	0.029127
 634	3.1650e-01	14.6996	23.410715	0.000270	2.695295	0.913191	-0.021845
 635	3.1700e-01	14.6643	23.301489	0.000270	2.695295	0.913191	-0.021845
 636	3.1750e-01	14.6242	23.119446	0.000449	4.492158	1.521984	-0.036409
 637	3.1800e-01	14.5664	23.046629	0.000180	1.796863	0.608794	-0.014563
 638	3.1850e-01	14.5424	22.973812	0.000180	1.796863	0.608794	-0.014563
 639	3.1900e-01	14.5023	22.828178	0.000359	3.593726	1.217587	-0.029127
 640	3.1950e-01	14.4413	22.791769	0.000090	0.898432	0.304397	-0.007282
 641	3.2000e-01	14.4237	22.282049	0.001258	12.578042	4.261556	-0.101944
 642	3.2050e-01	14.3787	22.536909	-0.000629	-6.289021	-2.130778	0.050972
 643	3.2100e-01	14.3370	22.791769	-0.000629	-6.289021	-2.130778	0.050972
 644	3.2150e-01	14.2889	22.063598	0.001797	17.968632	6.087937	-0.145634
 645	3.2200e-01	14.2488	22.172823	-0.000270	-2.695295	-0.913191	0.021845
 646	3.2250e-01	14.2039	22.209232	-0.000090	-0.898432	-0.304397	0.007282
 647	3.2300e-01	14.1846	21.990780	0.000539	5.390590	1.826381	-0.043690
 648	3.2350e-01	14.1413	21.808738	0.000449	4.492158	1.521984	-0.036409
 649	3.2400e-01	14.1156	21.626695	0.000449	4.492158	1.521984	-0.036409
 650	3.2450e-01	14.0611	21.553878	0.000180	1.796863	0.608794	-0.014563
 651	3.2500e-01	14.0515	21.553878	-0.000000	-0.000000	-0.000000	0.000000
 652	3.2550e-01	13.9632	21.371835	0.000449	4.492158	1.521984	-0.036409
 653	3.2600e-01	13.9215	21.481060	-0.000270	-2.695295	-0.913191	0.021845
 654	3.2650e-01	13.8878	20.825706	0.001617	16.171769	5.479144	-0.131071
 655	3.2700e-01	13.8686	21.080566	-0.000629	-6.289021	-2.130778	0.050972
 656	3.2750e-01	13.8092	20.789297	0.000719	7.187453	2.435175	-0.058254
 657	3.2800e-01	13.7820	20.752889	0.000090	0.898432	0.304397	-0.007282
 658	3.2850e-01	13.7258	20.534437	0.000539	5.390590	1.826381	-0.043690
 659	3.2900e-01	13.7018	20.279577	0.000629	6.289021	2.130778	-0.050972
 660	3.2950e-01	13.6472	20.498029	-0.000539	-5.390590	-1.826381	0.043690
 661	3.3000e-01	13.6360	20.206760	0.000719	7.187453	2.435175	-0.058254
 662	3.3050e-01	13.5622	20.061126	0.000359	3.593726	1.217587	-0.029127
 663	3.3100e-01	13.5285	20.206760	-0.000359	-3.593726	-1.217587	0.029127
 664	3.3150e-01	13.4980	19.587814	0.001527	15.273337	5.174747	-0.123789
 665	3.3200e-01	13.4531	19.769857	-0.000449	-4.492158	-1.521984	0.036409
 666	3.3250e-01	13.4451	20.097534	-0.000809	-8.085884	-2.739572	0.065535
 667	3.3300e-01	13.3905	19.405772	0.001707	17.070200	5.783540	-0.138353
 668	3.3350e-01	13.3183	19.551406	-0.000359	-3.593726	-1.217587	0.029127
 669	3.3400e-01	13.3087	19.369363	0.000449	4.492158	1.521984	-0.036409
 670	3.3450e-01	13.2702	19.405772	-0.000090	-0.898432	-0.304397	0.007282
 671	3.3500e-01	13.2093	19.041686	0.000898	8.984316	3.043969	-0.072817
 672	3.3550e-01	13.1675	19.005277	0.000090	0.898432	0.304397	-0.007282
 673	3.3600e-01	13.1467	18.750417	0.000629	6.289021	2.130778	-0.050972
 674	3.3650e-01	13.0970	18.604783	0.000359	3.593726	1.217587	-0.029127
 675	3.3700e-01	13.0569	18.204288	0.000988	9.882748	3.348366	-0.080099
 676	3.3750e-01	13.0039	18.714009	-0.001258	-12.578042	-4.261556	0.101944
 677	3.3800e-01	12.9895	18.604783	0.000270	2.695295	0.913191	-0.021845
 678	3.3850e-01	12.9349	18.167880	0.001078	10.781179	3.652762	-0.087381
 679	3.3900e-01	12.9349	17.876611	0.000719	7.187453	2.435175	-0.058254
 680	3.3950e-01	12.8868	18.131471	-0.000629	-6.289021	-2.130778	0.050972
 681	3.4000e-01	12.8226	17.876611	0.000629	6.289021	2.130778	-0.050972
 682	3.4050e-01	12.7697	17.803794	0.000180	1.796863	0.608794	-0.014563
 683	3.4100e-01	12.7713	17.767386	-0.000090	-0.898432	-0.304397	-0.007282
 684	3.4150e-01	12.6991	17.913020	-0.000359	-3.593726	-1.217587	0.029127
 685	3.4200e-01	12.6606	17.512526	0.000988	9.882748	3.348366	-0.080099
 686	3.4250e-01	12.6205	17.366891	0.000359	3.593726	1.217587	-0.029127
 687	3.4300e-01	12.6012	17.002805	0.000898	8.984316	3.043969	-0.072817
 688	3.4350e-01	12.5531	17.184848	-0.000449	-4.492158	-1.521984	0.036409
 689	3.4400e-01	12.4697	17.112031	0.000180	1.796863	0.608794	-0.014563
 690	3.4450e-01	12.4505	16.420268	0.001707	17.070200	5.783540	-0.138353
 691	3.4500e-01	12.4232	16.456677	-0.000090	-0.898432	-0.304397	0.007282
 692	3.4550e-01	12.3815	16.857171	-0.000988	-9.882748	-3.348366	0.080099
 693	3.4600e-01	12.3382	16.383860	0.001168	11.679611	3.957159	-0.094662
 694	3.4650e-01	12.3253	16.493085	-0.000270	-2.695295	-0.913191	0.021845
 695	3.4700e-01	12.2515	16.274634	0.000539	5.390590	1.826381	-0.043690
 696	3.4750e-01	12.2307	15.910548	0.000898	8.984316	3.043969	-0.072817
 697	3.4800e-01	12.1793	16.274634	-0.000898	-8.984316	-3.043969	0.072817
 698	3.4850e-01	12.1280	15.728505	0.001348	13.476474	4.565953	-0.109226
 699	3.4900e-01	12.1280	15.692097	0.000090	0.898432	0.304397	-0.007282
 700	3.4950e-01	12.0478	15.764914	-0.000180	-1.796863	-0.608794	0.014563
 701	3.5000e-01	12.0061	15.473645	0.000719	7.187453	2.435175	-0.058254
 702	3.5050e-01	11.9804	15.255194	0.000539	5.390590	1.826381	-0.043690
 703	3.5100e-01	11.9660	15.473645	-0.000539	-5.390590	-1.826381	0.043690
 704	3.5150e-01	11.8906	15.073151	0.000988	9.882748	3.348366	-0.080099
 705	3.5200e-01	11.8842	14.891108	0.000449	4.492158	1.521984	-0.036409
 706	3.5250e-01	11.7927	15.073151	-0.000449	-4.492158	-1.521984	0.036409
 707	3.5300e-01	11.7735	14.672657	0.000988	9.882748	3.348366	-0.080099
 708	3.5350e-01	11.7237	14.709065	-0.000090	-0.898432	-0.304397	0.007282
 709	3.5400e-01	11.6981	14.854699	-0.000359	-3.593726	-1.217587	0.029127
 710	3.5450e-01	11.6307	14.272162	0.001437	14.374906	4.870350	-0.116507
 711	3.5500e-01	11.5986	14.235754	0.000090	0.898432	0.304397	-0.007282
 712	3.5550e-01	11.5938	14.272162	-0.000090	-0.898432	-0.304397	0.007282
 713	3.5600e-01	11.5344	14.272162	-0.000000	-0.000000	-0.000000	0.000000
 714	3.5650e-01	11.5072	13.726034	0.001348	13.476474	4.565953	-0.109226
 715	3.5700e-01	11.4558	13.798851	-0.000180	-1.796863	-0.608794	0.014563
 716	3.5750e-01	11.4478	13.434765	0.000898	8.984316	3.043969	-0.072817
 717	3.5800e-01	11.3564	13.507582	-0.000180	-1.796863	-0.608794	0.014563
 718	3.5850e-01	11.3403	13.434765	0.000180	1.796863	0.608794	-0.014563
 719	3.5900e-01	11.3050	12.925045	0.001258	12.578042	4.261556	-0.101944
 720	3.5950e-01	11.2729	13.070679	-0.000359	-3.593726	-1.217587	0.029127
 721	3.6000e-01	11.2088	12.925045	0.000359	3.593726	1.217587	-0.029127
 722	3.6050e-01	11.1639	12.597368	0.000809	8.085884	2.739572	-0.065535
 723	3.6100e-01	11.1542	12.670185	-0.000180	-1.796863	-0.608794	0.014563
 724	3.6150e-01	11.1173	12.670185	-0.000000	-0.000000	-0.000000	0.000000
 725	3.6200e-01	11.0772	12.597368	0.000180	1.796863	0.608794	-0.014563
 726	3.6250e-01	11.0179	12.196873	0.000988	9.882748	3.348366	-0.080099
 727	3.6300e-01	10.9649	12.306099	-0.000270	-2.695295	-0.913191	0.021845
 728	3.6350e-01	10.9312	11.869196	0.001078	10.781179	3.652762	-0.087381
 729	3.6400e-01	10.8799	12.160465	-0.000719	-7.187453	-2.435175	0.058254
 730	3.6450e-01	10.8494	11.687153	0.001168	11.679611	3.957159	-0.094662
 731	3.6500e-01	10.8173	12.124056	-0.001078	-10.781179	-3.652762	0.087381
 732	3.6550e-01	10.7756	11.505110	0.001527	15.273337	5.174747	-0.123789
 733	3.6600e-01	10.7772	11.723562	0.000539	5.390590	1.826381	0.043690
 734	3.6650e-01	10.7034	11.359476	0.000898	8.984316	3.043969	-0.072817
 735	3.6700e-01	10.6553	11.068207	0.000719	7.187453	2.435175	-0.058254
 736	3.6750e-01	10.6329	10.813347	0.000629	6.289021	2.130778	-0.050972
 737	3.6800e-01	10.5799	10.849756	-0.000090	-0.898432	-0.304397	0.007282
 738	3.6850e-01	10.5286	10.704122	0.000359	3.593726	1.217587	-0.029127
 739	3.6900e-01	10.5206	10.522079	0.000449	4.492158	1.521984	-0.036409
 740	3.6950e-01	10.4628	10.594896	-0.000180	-1.796863	-0.608794	0.014563
 741	3.7000e-01	10.4131	10.449262	0.000359	3.593726	1.217587	-0.029127
 742	3.7050e-01	10.3762	10.085176	0.000898	8.984316	3.043969	-0.072817
 743	3.7100e-01	10.3489	10.376444	-0.000719	-7.187453	-2.435175	0.058254
 744	3.7150e-01	10.3088	9.903133	0.001168	11.679611	3.957159	-0.094662
 745	3.7200e-01	10.2527	9.903133	-0.000000	-0.000000	-0.000000	0.000000
 746	3.7250e-01	10.1933	9.502639	0.000988	9.882748	3.348366	-0.080099
 747	3.7300e-01	10.1692	9.393413	0.000270	2.695295	0.913191	-0.021845
 748	3.7350e-01	10.1227	9.357004	0.000090	0.898432	0.304397	-0.007282
 749	3.7400e-01	10.0730	9.502639	-0.000359	-3.593726	-1.217587	0.029127
 750	3.7450e-01	10.0457	9.357004	0.000359	3.593726	1.217587	-0.029127
 751	3.7500e-01	10.0361	9.065736	0.000719	7.187453	2.435175	-0.058254
 752	3.7550e-01	9.9767	8.847284	0.000539	5.390590	1.826381	-0.043690
 753	3.7600e-01	9.9350	8.556016	0.000719	7.187453	2.435175	-0.058254
 754	3.7650e-01	9.8981	8.810876	-0.000629	-6.289021	-2.130778	0.050972
 755	3.7700e-01	9.8612	8.556016	0.000629	6.289021	2.130778	-0.050972
 756	3.7750e-01	9.8083	8.301156	0.000629	6.289021	2.130778	-0.050972
 757	3.7800e-01	9.7810	8.046296	0.000629	6.289021	2.130778	-0.050972
 758	3.7850e-01	9.7489	7.900661	0.000359	3.593726	1.217587	-0.029127
 759	3.7900e-01	9.7024	7.572984	0.000809	8.085884	2.739572	-0.065535
 760	3.7950e-01	9.6382	7.900661	-0.000809	-8.085884	-2.739572	0.065535
 761	3.8000e-01	9.5981	7.572984	0.000809	8.085884	2.739572	-0.065535
 762	3.8050e-01	9.5484	7.536575	0.000090	0.898432	0.304397	-0.007282
 763	3.8100e-01	9.5179	7.827844	-0.000719	-7.187453	-2.435175	0.058254
 764	3.8150e-01	9.5099	7.318124	0.001258	12.578042	4.261556	-0.101944
 765	3.8200e-01	9.4762	7.063264	0.000629	6.289021	2.130778	-0.050972
 766	3.8250e-01	9.4233	7.063264	-0.000000	-0.000000	-0.000000	0.000000
 767	3.8300e-01	9.3767	6.990447	0.000180	1.796863	0.608794	-0.014563
 768	3.8350e-01	9.3062	6.626361	0.000898	8.984316	3.043969	-0.072817
 769	3.8400e-01	9.3013	6.699178	-0.000180	-1.796863	-0.608794	0.014563
 770	3.8450e-01	9.2612	6.225867	0.001168	11.679611	3.957159	-0.094662
 771	3.8500e-01	9.2211	6.189458	0.000090	0.898432	0.304397	-0.007282
 772	3.8550e-01	9.1730	6.407910	-0.000539	-5.390590	-1.826381	0.043690
 773	3.8600e-01	9.1650	6.043824	0.000898	8.984316	3.043969	-0.072817
 774	3.8650e-01	9.0960	5.752555	0.000719	7.187453	2.435175	-0.058254
 775	3.8700e-01	9.0591	5.788964	-0.000090	-0.898432	-0.304397	0.007282
 776	3.8750e-01	9.0382	5.679738	0.000270	2.695295	0.913191	-0.021845
 777	3.8800e-01	8.9709	5.570512	0.000270	2.695295	0.913191	-0.021845
 778	3.8850e-01	8.9532	5.424878	0.000359	3.593726	1.217587	-0.029127
 779	3.8900e-01	8.9019	4.878749	0.001348	13.476474	4.565953	-0.109226
 780	3.8950e-01	8.8554	4.951566	-0.000180	-1.796863	-0.608794	0.014563
 781	3.9000e-01	8.8345	5.097201	-0.000359	-3.593726	-1.217587	0.029127
 782	3.9050e-01	8.7800	4.660298	0.001078	10.781179	3.652762	-0.087381
 783	3.9100e-01	8.7399	4.733115	-0.000180	-1.796863	-0.608794	0.014563
 784	3.9150e-01	8.6949	4.623889	0.000270	2.695295	0.913191	-0.021845
 785	3.9200e-01	8.6629	4.478255	0.000359	3.593726	1.217587	-0.029127
 786	3.9250e-01	8.6356	4.259804	0.000539	5.390590	1.826381	-0.043690
 787	3.9300e-01	8.5859	4.259804	-0.000000	-0.000000	-0.000000	0.000000
 788	3.9350e-01	8.5265	4.004943	0.000629	6.289021	2.130778	-0.050972
 789	3.9400e-01	8.4912	3.968535	0.000090	0.898432	0.304397	-0.007282
 790	3.9450e-01	8.4607	3.859309	0.000270	2.695295	0.913191	-0.021845
 791	3.9500e-01	8.3950	3.750083	0.000270	2.695295	0.913191	-0.021845
 792	3.9550e-01	8.3917	3.313181	0.001078	10.781179	3.652762	-0.087381
 793	3.9600e-01	8.3131	3.458815	-0.000359	-3.593726	-1.217587	0.029127
 794	3.9650e-01	8.3196	3.058320	-0.000988	-9.882748	-3.348366	-0.080099
 795	3.9700e-01	8.2650	2.876278	0.000449	4.492158	1.521984	-0.036409
 796	3.9750e-01	8.1944	2.949095	-0.000180	-1.796863	-0.608794	0.014563
 797	3.9800e-01	8.1623	2.730643	0.000539	5.390590	1.826381	-0.043690
 798	3.9850e-01	8.1254	2.548600	0.000449	4.492158	1.521984	-0.036409
 799	3.9900e-01	8.1142	2.439375	0.000270	2.695295	0.913191	-0.021845
 800	3.9950e-01	8.0677	2.220923	0.000539	5.390590	1.826381	-0.043690
 801	4.0000e-01	8.0180	2.002472	0.000539	5.390590	1.826381	-0.043690
 802	4.0050e-01	7.9746	2.075289	-0.000180	-1.796863	-0.608794	0.014563
 803	4.0100e-01	7.9105	1.820429	0.000629	6.289021	2.130778	-0.050972
 804	4.0150e-01	7.9185	1.820429	0.000000	0.000000	0.000000	0.000000
 805	4.0200e-01	7.8800	1.893246	-0.000180	-1.796863	-0.608794	0.014563
 806	4.0250e-01	7.8367	1.674795	0.000539	5.390590	1.826381	-0.043690
 807	4.0300e-01	7.7902	1.310709	0.000898	8.984316	3.043969	-0.072817
 808	4.0350e-01	7.7292	1.201483	0.000270	2.695295	0.913191	-0.021845
 809	4.0400e-01	7.6795	0.983032	0.000539	5.390590	1.826381	-0.043690
 810	4.0450e-01	7.6795	0.910214	0.000180	1.796863	0.608794	-0.014563
 811	4.0500e-01	7.6169	0.983032	-0.000180	-1.796863	-0.608794	0.014563
 812	4.0550e-01	7.5559	0.546129	0.001078	10.781179	3.652762	-0.087381
 813	4.0600e-01	7.5239	0.473312	0.000180	1.796863	0.608794	-0.014563
 814	4.0650e-01	7.4870	0.436903	0.000090	0.898432	0.304397	-0.007282
 815	4.0700e-01	7.4292	0.000000	0.001078	10.781179	3.652762	-0.087381
 816	4.0750e-01	7.4196	0.254860	-0.000629	-6.289021	-2.130778	0.050972
 817	4.0800e-01	7.3795	0.000000	0.000629	6.289021	2.130778	-0.050972
 818	4.0850e-01	7.3362	-0.254860	0.000629	6.289021	2.130778	-0.050972
 819	4.0900e-01	7.2816	-0.436903	0.000449	4.492158	1.521984	-0.036409
 820	4.0950e-01	7.2527	-0.473312	0.000090	0.898432	0.304397	-0.007282
 821	4.1000e-01	7.2142	-0.509720	0.000090	0.898432	0.304397	-0.007282
 822	4.1050e-01	7.1693	-1.019440	0.001258	12.578042	4.261556	-0.101944
 823	4.1100e-01	7.1212	-1.201483	0.000449	4.492158	1.521984	-0.036409
 824	4.1150e-01	7.0971	-1.165074	-0.000090	-0.898432	-0.304397	0.007282
 825	4.1200e-01	7.0731	-1.092257	-0.000180	-1.796863	-0.608794	0.014563
 826	4.1250e-01	7.0233	-1.565569	0.001168	11.679611	3.957159	-0.094662
 827	4.1300e-01	6.9929	-1.747612	0.000449	4.492158	1.521984	-0.036409
 828	4.1350e-01	6.9319	-1.893246	0.000359	3.593726	1.217587	-0.029127
 829	4.1400e-01	6.8966	-2.148106	0.000629	6.289021	2.130778	-0.050972
 830	4.1450e-01	6.8773	-1.966063	-0.000449	-4.492158	-1.521984	0.036409
 831	4.1500e-01	6.8340	-2.548600	0.001437	14.374906	4.870350	-0.116507
 832	4.1550e-01	6.7859	-2.402966	-0.000359	-3.593726	-1.217587	0.029127
 833	4.1600e-01	6.7602	-2.402966	-0.000000	-0.000000	-0.000000	0.000000
 834	4.1650e-01	6.6945	-2.512192	0.000270	2.695295	0.913191	-0.021845
 835	4.1700e-01	6.6447	-2.730643	0.000539	5.390590	1.826381	-0.043690
 836	4.1750e-01	6.6528	-2.548600	0.000449	4.492158	1.521984	0.036409
 837	4.1800e-01	6.5998	-3.313181	0.001887	18.867064	6.392334	-0.152916
 838	4.1850e-01	6.5228	-3.313181	-0.000000	-0.000000	-0.000000	0.000000
 839	4.1900e-01	6.4923	-3.932126	0.001527	15.273337	5.174747	-0.123789
 840	4.1950e-01	6.4795	-3.385998	-0.001348	-13.476474	-4.565953	0.109226
 841	4.2000e-01	6.3897	-3.822901	0.001078	10.781179	3.652762	-0.087381
 842	4.2050e-01	6.3752	-4.077761	0.000629	6.289021	2.130778	-0.050972
 843	4.2100e-01	6.3672	-3.859309	-0.000539	-5.390590	-1.826381	0.043690
 844	4.2150e-01	6.2982	-4.077761	0.000539	5.390590	1.826381	-0.043690
 845	4.2200e-01	6.2565	-4.587481	0.001258	12.578042	4.261556	-0.101944
 846	4.2250e-01	6.2004	-4.551072	-0.000090	-0.898432	-0.304397	0.007282
 847	4.2300e-01	6.1811	-4.587481	0.000090	0.898432	0.304397	-0.007282
 848	4.2350e-01	6.1506	-5.097201	0.001258	12.578042	4.261556	-0.101944
 849	4.2400e-01	6.1105	-4.878749	-0.000539	-5.390590	-1.826381	0.043690
 850	4.2450e-01	6.0672	-5.024384	0.000359	3.593726	1.217587	-0.029127
 851	4.2500e-01	6.0271	-5.170018	0.000359	3.593726	1.217587	-0.029127
 852	4.2550e-01	5.9677	-5.679738	0.001258	12.578042	4.261556	-0.101944
 853	4.2600e-01	5.9565	-5.206427	-0.001168	-11.679611	-3.957159	0.094662
 854	4.2650e-01	5.9084	-5.788964	0.001437	14.374906	4.870350	-0.116507
 855	4.2700e-01	5.8362	-6.007415	0.000539	5.390590	1.826381	-0.043690
 856	4.2750e-01	5.7945	-5.971007	-0.000090	-0.898432	-0.304397	0.007282
 857	4.2800e-01	5.7736	-6.080232	0.000270	2.695295	0.913191	-0.021845
 858	4.2850e-01	5.7399	-6.153050	0.000180	1.796863	0.608794	-0.014563
 859	4.2900e-01	5.7014	-6.626361	0.001168	11.679611	3.957159	-0.094662
 860	4.2950e-01	5.6597	-6.735587	0.000270	2.695295	0.913191	-0.021845
 861	4.3000e-01	5.6293	-6.662770	-0.000180	-1.796863	-0.608794	0.014563
 862	4.3050e-01	5.5699	-7.063264	0.000988	9.882748	3.348366	-0.080099
 863	4.3100e-01	5.5747	-7.063264	0.000000	0.000000	0.000000	0.000000
 864	4.3150e-01	5.4913	-7.572984	0.001258	12.578042	4.261556	-0.101944
 865	4.3200e-01	5.4544	-7.500167	-0.000180	-1.796863	-0.608794	0.014563
 866	4.3250e-01	5.4079	-7.390941	-0.000270	-2.695295	-0.913191	0.021845
 867	4.3300e-01	5.4031	-7.827844	0.001078	10.781179	3.652762	-0.087381
 868	4.3350e-01	5.3164	-7.973478	0.000359	3.593726	1.217587	-0.029127
 869	4.3400e-01	5.3036	-8.119113	0.000359	3.593726	1.217587	-0.029127
 870	4.3450e-01	5.2490	-8.446790	0.000809	8.085884	2.739572	-0.065535
 871	4.3500e-01	5.2234	-8.301156	-0.000359	-3.593726	-1.217587	0.029127
 872	4.3550e-01	5.2218	-8.665241	0.000898	8.984316	3.043969	-0.072817
 873	4.3600e-01	5.1351	-8.628833	-0.000090	-0.898432	-0.304397	0.007282
 874	4.3650e-01	5.1143	-8.556016	-0.000180	-1.796863	-0.608794	0.014563
 875	4.3700e-01	5.0598	-9.174961	0.001527	15.273337	5.174747	-0.123789
 876	4.3750e-01	5.0036	-9.284187	0.000270	2.695295	0.913191	-0.021845
 877	4.3800e-01	4.9908	-9.357004	0.000180	1.796863	0.608794	-0.014563
 878	4.3850e-01	4.9250	-9.211370	-0.000359	-3.593726	-1.217587	0.029127
 879	4.3900e-01	4.9218	-9.903133	0.001707	17.070200	5.783540	-0.138353
 880	4.3950e-01	4.8865	-9.939542	0.000090	0.898432	0.304397	-0.007282
 881	4.4000e-01	4.8207	-9.793907	-0.000359	-3.593726	-1.217587	0.029127
 882	4.4050e-01	4.7598	-10.012359	0.000539	5.390590	1.826381	-0.043690
 883	4.4100e-01	4.7261	-10.012359	-0.000000	-0.000000	-0.000000	0.000000
 884	4.4150e-01	4.7020	-10.376444	0.000898	8.984316	3.043969	-0.072817
 885	4.4200e-01	4.6491	-10.740530	0.000898	8.984316	3.043969	-0.072817
 886	4.4250e-01	4.5945	-10.631304	-0.000270	-2.695295	-0.913191	0.021845
 887	4.4300e-01	4.5737	-10.958982	0.000809	8.085884	2.739572	-0.065535
 888	4.4350e-01	4.5271	-11.213842	0.000629	6.289021	2.130778	-0.050972
 889	4.4400e-01	4.5143	-10.922573	-0.000719	-7.187453	-2.435175	0.058254
 890	4.4450e-01	4.4886	-11.505110	0.001437	14.374906	4.870350	-0.116507
 891	4.4500e-01	4.3972	-11.541519	0.000090	0.898432	0.304397	-0.007282
 892	4.4550e-01	4.3780	-11.869196	0.000809	8.085884	2.739572	-0.065535
 893	4.4600e-01	4.3362	-11.905605	0.000090	0.898432	0.304397	-0.007282
 894	4.4650e-01	4.2785	-11.978422	0.000180	1.796863	0.608794	-0.014563
 895	4.4700e-01	4.2721	-12.196873	0.000539	5.390590	1.826381	-0.043690
 896	4.4750e-01	4.2159	-12.269690	0.000180	1.796863	0.608794	-0.014563
 897	4.4800e-01	4.1967	-12.743002	0.001168	11.679611	3.957159	-0.094662
 898	4.4850e-01	4.1421	-12.597368	-0.000359	-3.593726	-1.217587	0.029127
 899	4.4900e-01	4.0940	-13.107088	0.001258	12.578042	4.261556	-0.101944
 900	4.4950e-01	4.0603	-13.143496	0.000090	0.898432	0.304397	-0.007282
 901	4.5000e-01	4.0314	-13.070679	-0.000180	-1.796863	-0.608794	0.014563
 902	4.5050e-01	3.9641	-13.398356	0.000809	8.085884	2.739572	-0.065535
 903	4.5100e-01	3.9320	-13.762442	0.000898	8.984316	3.043969	-0.072817
 904	4.5150e-01	3.9207	-13.580399	-0.000449	-4.492158	-1.521984	0.036409
 905	4.5200e-01	3.8405	-13.653216	0.000180	1.796863	0.608794	-0.014563
 906	4.5250e-01	3.8293	-14.199345	0.001348	13.476474	4.565953	-0.109226
 907	4.5300e-01	3.7764	-14.053711	-0.000359	-3.593726	-1.217587	0.029127
 908	4.5350e-01	3.7651	-14.272162	0.000539	5.390590	1.826381	-0.043690
 909	4.5400e-01	3.7347	-14.672657	0.000988	9.882748	3.348366	-0.080099
 910	4.5450e-01	3.6945	-14.417796	-0.000629	-6.289021	-2.130778	0.050972
 911	4.5500e-01	3.6368	-15.073151	0.001617	16.171769	5.479144	-0.131071
 912	4.5550e-01	3.5694	-15.036742	-0.000090	-0.898432	-0.304397	0.007282
 913	4.5600e-01	3.5325	-15.109559	0.000180	1.796863	0.608794	-0.014563
 914	4.5650e-01	3.5020	-15.437237	0.000809	8.085884	2.739572	-0.065535
 915	4.5700e-01	3.4539	-15.510054	0.000180	1.796863	0.608794	-0.014563
 916	4.5750e-01	3.4186	-15.437237	-0.000180	-1.796863	-0.608794	0.014563
 917	4.5800e-01	3.3897	-15.837731	0.000988	9.882748	3.348366	-0.080099
 918	4.5850e-01	3.3400	-15.983365	0.000359	3.593726	1.217587	-0.029127
 919	4.5900e-01	3.2871	-16.311042	0.000809	8.085884	2.739572	-0.065535
 920	4.5950e-01	3.2566	-16.129000	-0.000449	-4.492158	-1.521984	0.036409
 921	4.6000e-01	3.2357	-17.184848	0.002605	26.054516	8.827509	-0.211170
 922	4.6050e-01	3.1716	-16.711537	-0.001168	-11.679611	-3.957159	0.094662
 923	4.6100e-01	3.1299	-16.747945	0.000090	0.898432	0.304397	-0.007282
 924	4.6150e-01	3.1154	-16.857171	0.000270	2.695295	0.913191	-0.021845
 925	4.6200e-01	3.0657	-17.366891	0.001258	12.578042	4.261556	-0.101944
 926	4.6250e-01	3.0208	-17.403300	0.000090	0.898432	0.304397	-0.007282
 927	4.6300e-01	2.9935	-17.767386	0.000898	8.984316	3.043969	-0.072817
 928	4.6350e-01	2.9502	-17.439708	-0.000809	-8.085884	-2.739572	0.065535
 929	4.6400e-01	2.9021	-17.767386	0.000809	8.085884	2.739572	-0.065535
 930	4.6450e-01	2.8459	-17.767386	-0.000000	-0.000000	-0.000000	0.000000
 931	4.6500e-01	2.8010	-18.568374	0.001977	19.765495	6.696731	-0.160198
 932	4.6550e-01	2.7769	-18.240697	-0.000809	-8.085884	-2.739572	0.065535
 933	4.6600e-01	2.7224	-18.750417	0.001258	12.578042	4.261556	-0.101944
 934	4.6650e-01	2.6887	-18.386331	-0.000898	-8.984316	-3.043969	0.072817
 935	4.6700e-01	2.6646	-18.932460	0.001348	13.476474	4.565953	-0.109226
 936	4.6750e-01	2.6149	-19.551406	0.001527	15.273337	5.174747	-0.123789
 937	4.6800e-01	2.5636	-19.114503	-0.001078	-10.781179	-3.652762	0.087381
 938	4.6850e-01	2.5347	-19.332954	0.000539	5.390590	1.826381	-0.043690
 939	4.6900e-01	2.5058	-19.842674	0.001258	12.578042	4.261556	-0.101944
 940	4.6950e-01	2.4641	-19.769857	-0.000180	-1.796863	-0.608794	0.014563
 941	4.7000e-01	2.4192	-19.842674	0.000180	1.796863	0.608794	-0.014563
 942	4.7050e-01	2.3983	-20.133943	0.000719	7.187453	2.435175	-0.058254
 943	4.7100e-01	2.3614	-20.352395	0.000539	5.390590	1.826381	-0.043690
 944	4.7150e-01	2.3085	-20.170352	-0.000449	-4.492158	-1.521984	0.036409
 945	4.7200e-01	2.2636	-20.716480	0.001348	13.476474	4.565953	-0.109226
 946	4.7250e-01	2.2299	-20.680072	-0.000090	-0.898432	-0.304397	0.007282
 947	4.7300e-01	2.1802	-21.226200	0.001348	13.476474	4.565953	-0.109226
 948	4.7350e-01	2.1433	-21.153383	-0.000180	-1.796863	-0.608794	0.014563
 949	4.7400e-01	2.0967	-21.335426	0.000449	4.492158	1.521984	-0.036409
 950	4.7450e-01	2.0727	-21.553878	0.000539	5.390590	1.826381	-0.043690
 951	4.7500e-01	2.0117	-21.772329	0.000539	5.390590	1.826381	-0.043690
 952	4.7550e-01	1.9700	-21.626695	-0.000359	-3.593726	-1.217587	0.029127
 953	4.7600e-01	1.9604	-22.100006	0.001168	11.679611	3.957159	-0.094662
 954	4.7650e-01	1.9171	-21.917963	-0.000449	-4.492158	-1.521984	0.036409
 955	4.7700e-01	1.8497	-22.354866	0.001078	10.781179	3.652762	-0.087381
 956	4.7750e-01	1.8112	-22.391275	0.000090	0.898432	0.304397	-0.007282
 957	4.7800e-01	1.7727	-22.900995	0.001258	12.578042	4.261556	-0.101944
 958	4.7850e-01	1.7454	-22.791769	-0.000270	-2.695295	-0.913191	0.021845
 959	4.7900e-01	1.7133	-22.900995	0.000270	2.695295	0.913191	-0.021845
 960	4.7950e-01	1.6475	-23.483532	0.001437	14.374906	4.870350	-0.116507
 961	4.8000e-01	1.6042	-23.410715	-0.000180	-1.796863	-0.608794	0.014563
 962	4.8050e-01	1.5914	-23.774801	0.000898	8.984316	3.043969	-0.072817
 963	4.8100e-01	1.5593	-23.774801	-0.000000	-0.000000	-0.000000	0.000000
 964	4.8150e-01	1.4743	-23.993252	0.000539	5.390590	1.826381	-0.043690
 965	4.8200e-01	1.4647	-24.138887	0.000359	3.593726	1.217587	-0.029127
 966	4.8250e-01	1.3941	-24.066069	-0.000180	-1.796863	-0.608794	0.014563
 967	4.8300e-01	1.3796	-24.685015	0.001527	15.273337	5.174747	-0.123789
 968	4.8350e-01	1.3395	-25.085510	0.000988	9.882748	3.348366	-0.080099
 969	4.8400e-01	1.3139	-24.939875	-0.000359	-3.593726	-1.217587	0.029127
 970	4.8450e-01	1.2513	-25.121918	0.000449	4.492158	1.521984	-0.036409
 971	4.8500e-01	1.2064	-25.486004	0.000898	8.984316	3.043969	-0.072817
 972	4.8550e-01	1.1823	-25.777272	0.000719	7.187453	2.435175	-0.058254
 973	4.8600e-01	1.1470	-25.668047	-0.000270	-2.695295	-0.913191	0.021845
 974	4.8650e-01	1.0813	-25.777272	0.000270	2.695295	0.913191	-0.021845
 975	4.8700e-01	1.0588	-25.959315	0.000449	4.492158	1.521984	-0.036409
 976	4.8750e-01	0.9994	-26.032133	0.000180	1.796863	0.608794	-0.014563
 977	4.8800e-01	0.9946	-26.687487	0.001617	16.171769	5.479144	-0.131071
 978	4.8850e-01	0.9722	-26.541853	-0.000359	-3.593726	-1.217587	0.029127
 979	4.8900e-01	0.9000	-26.687487	0.000359	3.593726	1.217587	-0.029127
 980	4.8950e-01	0.8551	-26.942347	0.000629	6.289021	2.130778	-0.050972
 981	4.9000e-01	0.8198	-27.197207	0.000629	6.289021	2.130778	-0.050972
 982	4.9050e-01	0.7700	-27.597701	0.000988	9.882748	3.348366	-0.080099
 983	4.9100e-01	0.7379	-27.197207	-0.000988	-9.882748	-3.348366	0.080099
 984	4.9150e-01	0.7027	-27.597701	0.000988	9.882748	3.348366	-0.080099
 985	4.9200e-01	0.6497	-27.634110	0.000090	0.898432	0.304397	-0.007282
 986	4.9250e-01	0.6048	-27.888970	0.000629	6.289021	2.130778	-0.050972
 987	4.9300e-01	0.5535	-28.289464	0.000988	9.882748	3.348366	-0.080099
 988	4.9350e-01	0.5310	-28.253056	-0.000090	-0.898432	-0.304397	0.007282
 989	4.9400e-01	0.5150	-28.799184	0.001348	13.476474	4.565953	-0.109226
 990	4.9450e-01	0.4588	-28.872002	0.000180	1.796863	0.608794	-0.014563
 991	4.9500e-01	0.4347	-29.054044	0.000449	4.492158	1.521984	-0.036409
 992	4.9550e-01	0.4043	-29.236087	0.000449	4.492158	1.521984	-0.036409
 993	4.9600e-01	0.3513	-29.418130	0.000449	4.492158	1.521984	-0.036409
 994	4.9650e-01	0.3112	-29.381722	-0.000090	-0.898432	-0.304397	0.007282
 995	4.9700e-01	0.2663	-29.636582	0.000629	6.289021	2.130778	-0.050972
 996	4.9750e-01	0.1973	-29.672990	0.000090	0.898432	0.304397	-0.007282
 997	4.9800e-01	0.1877	-30.182710	0.001258	12.578042	4.261556	-0.101944
 998	4.9850e-01	0.1460	-30.473979	0.000719	7.187453	2.435175	-0.058254
 999	4.9900e-01	0.1027	-30.692430	0.000539	5.390590	1.826381	-0.043690
1000	4.9950e-01	0.0289	-30.692430	-0.000000	-0.000000	-0.000000	0.000000
1001	5.0000e-01	0.0642	-31.056516	-0.000000	-0.000000	-0.000000	-0.072817

PMax (uC/cm2):	7.32e+01
Pr (uC/cm2):	5.46e+00
-Pr (uC/cm2):	0.00e+00
PLoss (uC/cm2):	0.00e+00
C (Max-Eff) (nF):	3.65e-01
K (Eff):	1.24e+03
Vert. (+/-Pr) Shift (uC/cm2):	2.73e+00
Offset (uC/cm2):	3.65e+01

A (Loop Area - uC/cm2·Volts):	-3.09e-01



Hysteresis Version: 5.48.1 - Radiant Technologies, Inc., 1999 - 9/12/24

