»»»»»»»»»»»»»»»»»»»»»»»»»»»»»»»»»»»» Hysteresis ««««««««««««««««««««««««««««««««««««
»»»  Executed Version:	5.48.1
»»»  Vision Version:	5.48.4 (R)
»»»  Vision Compiled:	9/18/24
»»»  Driver Version:	5.47.0
»»»  Windows Version:	Windows 8 or 8.1
»»»  Processor Information:	x86 (AMD or Intel) - 32 Processors
»»»  Tester Name:	PMF21124-494 (100V)
»»»  Tester S/N:	PMF21124-494
»»»  Internal Amp Type:	100V RevK 270k
»»»  Internal Amp S/N:	iAB2-596/K     
»»»  Execution Count:	1
»»»»»»»»»»»»»»»»»»»»»»»»»»»»»»»»»»»»»»»»»»««««««««««««««««««««««««««««««««««««««««««

Stored:	10/10/2025 - 17:0:8
Configured:	10/10/25 10:37:25 AM
Executed:	10/10/25 04:59:41 PM

»»»»»»»»»»»»»»»»»»»»»»»»»»»»»»»»»»» Sample Info ««««««««««««««««««««««««««««««««««««
Sample Name:	Int. Ref. Ferroelectric
Lot Name:	N/A
Wafer Name:	N/A
Die Row/Column:	0/0
Capacitor Number:	0
Sample Area (cm2):	1.00e-04
Sample Thickness (microns):	3.00e-01

Amplifier:	Internal

»»»»»»»»»»»»»»»»»»»»»»»»»»»»»»»»»»» Tester Info «««««««««««««««««««««««««««««««««««
Tester Name:	PMF21124-494 (100V)
Tester Serial Number:	PMF21124-494
Return Signal Amp. Level:	0.02 [Index: 2]

»»»»»»»»»»»»»»»»»»»»»»»»»»»»»»»» Hysteresis Info ««««««««««««««««««««««««««««««««««
Task Name:	Hyst-170
Volts:	20.00
Field:	666.67 (kV/cm)
DCBias:	0.00
DCField:	0.00 (kV/cm)
Hysteresis Period (ms):	5.00e-01
Preset:	Enabled
Preset Delay (ms):	1.00e+03
Profile:	Standard Monopolar

»»»»»»»»»»»»»»»»»»»»»»»»»»»»»»»»»»»»»» Data «««««««««««««««««««««««««««««««««««««««
Points:	1001

Valid Data

Point	Time (ms)	Drive Voltage	Measured Polarization (uC/cm2)	Capacitance (uF)	Normalized Capacitance (uF/cm2)	Dielectric Constant	Instantaneous Current (mA)
   1	0.0000e+00	0.0241	-31.402398	0.000636	6.361063	2.155187	0.050972
   2	5.0000e-04	0.0433	-31.147538	0.000636	6.361063	2.155187	0.050972
   3	1.0000e-03	0.1155	-31.001903	0.000363	3.634893	1.231535	0.029127
   4	1.5000e-03	0.1604	-30.856269	0.000363	3.634893	1.231535	0.029127
   5	2.0000e-03	0.1989	-30.929086	-0.000182	-1.817447	-0.615768	-0.014563
   6	2.5000e-03	0.2214	-30.455775	0.001181	11.813404	4.002490	0.094662
   7	3.0000e-03	0.2775	-30.382957	0.000182	1.817447	0.615768	0.014563
   8	3.5000e-03	0.3064	-30.128097	0.000636	6.361063	2.155187	0.050972
   9	4.0000e-03	0.3401	-30.382957	-0.000636	-6.361063	-2.155187	-0.050972
  10	4.5000e-03	0.3914	-29.764012	0.001545	15.448297	5.234025	0.123789
  11	5.0000e-03	0.4299	-29.581969	0.000454	4.543617	1.539419	0.036409
  12	5.5000e-03	0.4909	-29.472743	0.000273	2.726170	0.923651	0.021845
  13	6.0000e-03	0.5101	-29.727603	-0.000636	-6.361063	-2.155187	-0.050972
  14	6.5000e-03	0.5519	-29.509152	0.000545	5.452340	1.847303	0.043690
  15	7.0000e-03	0.6016	-29.145066	0.000909	9.087234	3.078838	0.072817
  16	7.5000e-03	0.6481	-29.509152	-0.000909	-9.087234	-3.078838	-0.072817
  17	8.0000e-03	0.6658	-29.145066	0.000909	9.087234	3.078838	0.072817
  18	8.5000e-03	0.6914	-28.526120	0.001545	15.448297	5.234025	0.123789
  19	9.0000e-03	0.7556	-28.635346	-0.000273	-2.726170	-0.923651	-0.021845
  20	9.5000e-03	0.8069	-28.598937	0.000091	0.908723	0.307884	0.007282
  21	1.0000e-02	0.8326	-27.834357	0.001908	19.083190	6.465560	0.152916
  22	1.0500e-02	0.8920	-28.089217	-0.000636	-6.361063	-2.155187	-0.050972
  23	1.1000e-02	0.9128	-27.834357	0.000636	6.361063	2.155187	0.050972
  24	1.1500e-02	0.9754	-27.870766	-0.000091	-0.908723	-0.307884	-0.007282
  25	1.2000e-02	1.0091	-27.543088	0.000818	8.178510	2.770954	0.065535
  26	1.2500e-02	1.0668	-27.615906	-0.000182	-1.817447	-0.615768	-0.014563
  27	1.3000e-02	1.0748	-27.361046	0.000636	6.361063	2.155187	0.050972
  28	1.3500e-02	1.1101	-27.069777	0.000727	7.269787	2.463070	0.058254
  29	1.4000e-02	1.1550	-26.560057	0.001272	12.722127	4.310373	0.101944
  30	1.4500e-02	1.1775	-26.705691	-0.000363	-3.634893	-1.231535	-0.029127
  31	1.5000e-02	1.2369	-26.778508	-0.000182	-1.817447	-0.615768	-0.014563
  32	1.5500e-02	1.2689	-26.560057	0.000545	5.452340	1.847303	0.043690
  33	1.6000e-02	1.3123	-26.378014	0.000454	4.543617	1.539419	0.036409
  34	1.6500e-02	1.3572	-26.305197	0.000182	1.817447	0.615768	0.014563
  35	1.7000e-02	1.3845	-26.378014	-0.000182	-1.817447	-0.615768	-0.014563
  36	1.7500e-02	1.4342	-25.904703	0.001181	11.813404	4.002490	0.094662
  37	1.8000e-02	1.4711	-25.540617	0.000909	9.087234	3.078838	0.072817
  38	1.8500e-02	1.5336	-25.577025	-0.000091	-0.908723	-0.307884	-0.007282
  39	1.9000e-02	1.5433	-25.431391	0.000363	3.634893	1.231535	0.029127
  40	1.9500e-02	1.5802	-25.176531	0.000636	6.361063	2.155187	0.050972
  41	2.0000e-02	1.6123	-25.067305	0.000273	2.726170	0.923651	0.021845
  42	2.0500e-02	1.6812	-24.921671	0.000363	3.634893	1.231535	0.029127
  43	2.1000e-02	1.7390	-24.812445	0.000273	2.726170	0.923651	0.021845
  44	2.1500e-02	1.7454	-24.703219	0.000273	2.726170	0.923651	0.021845
  45	2.2000e-02	1.7855	-24.266317	0.001090	10.904680	3.694606	0.087381
  46	2.2500e-02	1.8304	-24.375542	-0.000273	-2.726170	-0.923651	-0.021845
  47	2.3000e-02	1.8657	-24.084274	0.000727	7.269787	2.463070	0.058254
  48	2.3500e-02	1.9379	-23.756596	0.000818	8.178510	2.770954	0.065535
  49	2.4000e-02	1.9491	-24.011457	-0.000636	-6.361063	-2.155187	-0.050972
  50	2.4500e-02	1.9748	-23.938639	0.000182	1.817447	0.615768	0.014563
  51	2.5000e-02	2.0053	-22.955608	0.002454	24.535531	8.312863	0.196606
  52	2.5500e-02	2.0935	-23.683779	-0.001817	-18.174467	-6.157676	-0.145634
  53	2.6000e-02	2.0967	-23.064834	0.001545	15.448297	5.234025	0.123789
  54	2.6500e-02	2.1818	-23.210468	-0.000363	-3.634893	-1.231535	-0.029127
  55	2.7000e-02	2.2122	-22.919199	0.000727	7.269787	2.463070	0.058254
  56	2.7500e-02	2.2764	-23.101242	-0.000454	-4.543617	-1.539419	-0.036409
  57	2.8000e-02	2.2908	-22.627931	0.001181	11.813404	4.002490	0.094662
  58	2.8500e-02	2.3261	-22.591522	0.000091	0.908723	0.307884	0.007282
  59	2.9000e-02	2.3470	-22.518705	0.000182	1.817447	0.615768	0.014563
  60	2.9500e-02	2.3983	-22.373071	0.000363	3.634893	1.231535	0.029127
  61	3.0000e-02	2.4465	-22.263845	0.000273	2.726170	0.923651	0.021845
  62	3.0500e-02	2.4850	-21.790533	0.001181	11.813404	4.002490	0.094662
  63	3.1000e-02	2.5219	-21.972576	-0.000454	-4.543617	-1.539419	-0.036409
  64	3.1500e-02	2.5668	-21.135179	0.002090	20.900637	7.081328	0.167479
  65	3.2000e-02	2.6261	-21.207996	-0.000182	-1.817447	-0.615768	-0.014563
  66	3.2500e-02	2.6374	-21.426448	-0.000545	-5.452340	-1.847303	-0.043690
  67	3.3000e-02	2.6614	-20.698276	0.001817	18.174467	6.157676	0.145634
  68	3.3500e-02	2.7047	-21.062362	-0.000909	-9.087234	-3.078838	-0.072817
  69	3.4000e-02	2.7432	-20.698276	0.000909	9.087234	3.078838	0.072817
  70	3.4500e-02	2.7801	-20.224965	0.001181	11.813404	4.002490	0.094662
  71	3.5000e-02	2.8459	-20.479825	-0.000636	-6.361063	-2.155187	-0.050972
  72	3.5500e-02	2.8732	-20.334190	0.000363	3.634893	1.231535	0.029127
  73	3.6000e-02	2.9085	-20.479825	-0.000363	-3.634893	-1.231535	-0.029127
  74	3.6500e-02	2.9630	-20.042922	0.001090	10.904680	3.694606	0.087381
  75	3.7000e-02	2.9791	-20.042922	0.000000	0.000000	0.000000	0.000000
  76	3.7500e-02	3.0416	-19.533202	0.001272	12.722127	4.310373	0.101944
  77	3.8000e-02	3.1010	-19.678836	-0.000363	-3.634893	-1.231535	-0.029127
  78	3.8500e-02	3.1315	-19.351159	0.000818	8.178510	2.770954	0.065535
  79	3.9000e-02	3.1684	-19.132707	0.000545	5.452340	1.847303	0.043690
  80	3.9500e-02	3.2069	-19.059890	0.000182	1.817447	0.615768	0.014563
  81	4.0000e-02	3.2277	-18.805030	0.000636	6.361063	2.155187	0.050972
  82	4.0500e-02	3.2550	-18.987073	-0.000454	-4.543617	-1.539419	-0.036409
  83	4.1000e-02	3.3015	-18.659396	0.000818	8.178510	2.770954	0.065535
  84	4.1500e-02	3.3673	-18.586579	0.000182	1.817447	0.615768	0.014563
  85	4.2000e-02	3.3962	-18.586579	0.000000	0.000000	0.000000	0.000000
  86	4.2500e-02	3.4748	-18.368127	0.000545	5.452340	1.847303	0.043690
  87	4.3000e-02	3.4892	-18.076858	0.000727	7.269787	2.463070	0.058254
  88	4.3500e-02	3.5197	-18.113267	-0.000091	-0.908723	-0.307884	-0.007282
  89	4.4000e-02	3.5470	-17.603547	0.001272	12.722127	4.310373	0.101944
  90	4.4500e-02	3.5919	-17.676364	-0.000182	-1.817447	-0.615768	-0.014563
  91	4.5000e-02	3.6593	-17.785590	-0.000273	-2.726170	-0.923651	-0.021845
  92	4.5500e-02	3.6737	-17.530730	0.000636	6.361063	2.155187	0.050972
  93	4.6000e-02	3.7090	-16.984601	0.001363	13.630850	4.618257	0.109226
  94	4.6500e-02	3.7555	-16.948193	0.000091	0.908723	0.307884	0.007282
  95	4.7000e-02	3.8004	-16.911784	0.000091	0.908723	0.307884	0.007282
  96	4.7500e-02	3.8502	-16.438472	0.001181	11.813404	4.002490	0.094662
  97	4.8000e-02	3.8790	-16.584107	-0.000363	-3.634893	-1.231535	-0.029127
  98	4.8500e-02	3.9143	-16.402064	0.000454	4.543617	1.539419	0.036409
  99	4.9000e-02	3.9657	-16.438472	-0.000091	-0.908723	-0.307884	-0.007282
 100	4.9500e-02	3.9897	-16.110795	0.000818	8.178510	2.770954	0.065535
 101	5.0000e-02	4.0379	-15.965161	0.000363	3.634893	1.231535	0.029127
 102	5.0500e-02	4.0683	-15.564667	0.001000	9.995957	3.386722	0.080099
 103	5.1000e-02	4.1004	-15.309807	0.000636	6.361063	2.155187	0.050972
 104	5.1500e-02	4.1566	-15.564667	-0.000636	-6.361063	-2.155187	-0.050972
 105	5.2000e-02	4.2031	-15.164172	0.001000	9.995957	3.386722	0.080099
 106	5.2500e-02	4.2384	-15.200581	-0.000091	-0.908723	-0.307884	-0.007282
 107	5.3000e-02	4.2913	-15.054947	0.000363	3.634893	1.231535	0.029127
 108	5.3500e-02	4.2945	-14.581635	0.001181	11.813404	4.002490	0.094662
 109	5.4000e-02	4.3314	-14.581635	0.000000	0.000000	0.000000	0.000000
 110	5.4500e-02	4.4068	-14.217549	0.000909	9.087234	3.078838	0.072817
 111	5.5000e-02	4.4469	-14.909312	-0.001727	-17.265744	-5.849792	-0.138353
 112	5.5500e-02	4.4919	-14.290366	0.001545	15.448297	5.234025	0.123789
 113	5.6000e-02	4.5159	-13.999098	0.000727	7.269787	2.463070	0.058254
 114	5.6500e-02	4.5624	-14.144732	-0.000363	-3.634893	-1.231535	-0.029127
 115	5.7000e-02	4.5977	-13.598603	0.001363	13.630850	4.618257	0.109226
 116	5.7500e-02	4.6106	-13.671421	-0.000182	-1.817447	-0.615768	-0.014563
 117	5.8000e-02	4.6924	-13.562195	0.000273	2.726170	0.923651	0.021845
 118	5.8500e-02	4.7309	-13.307335	0.000636	6.361063	2.155187	0.050972
 119	5.9000e-02	4.7726	-12.979658	0.000818	8.178510	2.770954	0.065535
 120	5.9500e-02	4.8015	-12.906841	0.000182	1.817447	0.615768	0.014563
 121	6.0000e-02	4.8705	-12.724798	0.000454	4.543617	1.539419	0.036409
 122	6.0500e-02	4.8945	-13.052475	-0.000818	-8.178510	-2.770954	-0.065535
 123	6.1000e-02	4.9122	-12.797615	0.000636	6.361063	2.155187	0.050972
 124	6.1500e-02	4.9523	-12.761206	0.000091	0.908723	0.307884	0.007282
 125	6.2000e-02	4.9908	-12.215078	0.001363	13.630850	4.618257	0.109226
 126	6.2500e-02	5.0293	-12.251486	-0.000091	-0.908723	-0.307884	-0.007282
 127	6.3000e-02	5.1015	-12.033035	0.000545	5.452340	1.847303	0.043690
 128	6.3500e-02	5.1063	-11.996626	0.000091	0.908723	0.307884	0.007282
 129	6.4000e-02	5.1480	-11.887400	0.000273	2.726170	0.923651	0.021845
 130	6.4500e-02	5.1945	-11.523315	0.000909	9.087234	3.078838	0.072817
 131	6.5000e-02	5.2170	-11.377680	0.000363	3.634893	1.231535	0.029127
 132	6.5500e-02	5.2876	-11.705357	-0.000818	-8.178510	-2.770954	-0.065535
 133	6.6000e-02	5.3132	-11.304863	0.001000	9.995957	3.386722	0.080099
 134	6.6500e-02	5.3437	-10.904369	0.001000	9.995957	3.386722	0.080099
 135	6.7000e-02	5.4031	-11.086412	-0.000454	-4.543617	-1.539419	-0.036409
 136	6.7500e-02	5.4801	-10.904369	0.000454	4.543617	1.539419	0.036409
 137	6.8000e-02	5.4720	-10.904369	-0.000000	-0.000000	-0.000000	0.000000
 138	6.8500e-02	5.5410	-10.649509	0.000636	6.361063	2.155187	0.050972
 139	6.9000e-02	5.5667	-10.431057	0.000545	5.452340	1.847303	0.043690
 140	6.9500e-02	5.6164	-9.848520	0.001454	14.539574	4.926141	0.116507
 141	7.0000e-02	5.6549	-10.613100	-0.001908	-19.083190	-6.465560	-0.152916
 142	7.0500e-02	5.6710	-9.812111	0.001999	19.991914	6.773444	0.160198
 143	7.1000e-02	5.7111	-9.848520	-0.000091	-0.908723	-0.307884	-0.007282
 144	7.1500e-02	5.7768	-9.520843	0.000818	8.178510	2.770954	0.065535
 145	7.2000e-02	5.8137	-9.593660	-0.000182	-1.817447	-0.615768	-0.014563
 146	7.2500e-02	5.8266	-9.375209	0.000545	5.452340	1.847303	0.043690
 147	7.3000e-02	5.8699	-9.193166	0.000454	4.543617	1.539419	0.036409
 148	7.3500e-02	5.9677	-9.375209	-0.000454	-4.543617	-1.539419	-0.036409
 149	7.4000e-02	5.9790	-8.974714	0.001000	9.995957	3.386722	0.080099
 150	7.4500e-02	5.9950	-8.756263	0.000545	5.452340	1.847303	0.043690
 151	7.5000e-02	6.0127	-8.319360	0.001090	10.904680	3.694606	0.087381
 152	7.5500e-02	6.0736	-8.537811	-0.000545	-5.452340	-1.847303	-0.043690
 153	7.6000e-02	6.1153	-8.428586	0.000273	2.726170	0.923651	0.021845
 154	7.6500e-02	6.1843	-8.137317	0.000727	7.269787	2.463070	0.058254
 155	7.7000e-02	6.2116	-8.210134	-0.000182	-1.817447	-0.615768	-0.014563
 156	7.7500e-02	6.2581	-7.700414	0.001272	12.722127	4.310373	0.101944
 157	7.8000e-02	6.2742	-7.955274	-0.000636	-6.361063	-2.155187	-0.050972
 158	7.8500e-02	6.3463	-7.481963	0.001181	11.813404	4.002490	0.094662
 159	7.9000e-02	6.3768	-7.773231	-0.000727	-7.269787	-2.463070	-0.058254
 160	7.9500e-02	6.4121	-7.227103	0.001363	13.630850	4.618257	0.109226
 161	8.0000e-02	6.4410	-7.154285	0.000182	1.817447	0.615768	0.014563
 162	8.0500e-02	6.4795	-7.081468	0.000182	1.817447	0.615768	0.014563
 163	8.1000e-02	6.5100	-6.899425	0.000454	4.543617	1.539419	0.036409
 164	8.1500e-02	6.5677	-7.154285	-0.000636	-6.361063	-2.155187	-0.050972
 165	8.2000e-02	6.5966	-6.899425	0.000636	6.361063	2.155187	0.050972
 166	8.2500e-02	6.6303	-6.571748	0.000818	8.178510	2.770954	0.065535
 167	8.3000e-02	6.6576	-6.316888	0.000636	6.361063	2.155187	0.050972
 168	8.3500e-02	6.7330	-6.134845	0.000454	4.543617	1.539419	0.036409
 169	8.4000e-02	6.7474	-5.989211	0.000363	3.634893	1.231535	0.029127
 170	8.4500e-02	6.7859	-5.843577	0.000363	3.634893	1.231535	0.029127
 171	8.5000e-02	6.8276	-6.207662	-0.000909	-9.087234	-3.078838	-0.072817
 172	8.5500e-02	6.8693	-5.297448	0.002272	22.718084	7.697095	0.182043
 173	8.6000e-02	6.9126	-5.515899	-0.000545	-5.452340	-1.847303	-0.043690
 174	8.6500e-02	6.9479	-5.552308	-0.000091	-0.908723	-0.307884	-0.007282
 175	8.7000e-02	6.9784	-5.006179	0.001363	13.630850	4.618257	0.109226
 176	8.7500e-02	7.0394	-5.151814	-0.000363	-3.634893	-1.231535	-0.029127
 177	8.8000e-02	7.0907	-4.896954	0.000636	6.361063	2.155187	0.050972
 178	8.8500e-02	7.1148	-4.678502	0.000545	5.452340	1.847303	0.043690
 179	8.9000e-02	7.1517	-4.860545	-0.000454	-4.543617	-1.539419	-0.036409
 180	8.9500e-02	7.1918	-4.532868	0.000818	8.178510	2.770954	0.065535
 181	9.0000e-02	7.2383	-4.678502	-0.000363	-3.634893	-1.231535	-0.029127
 182	9.0500e-02	7.2816	-4.496459	0.000454	4.543617	1.539419	0.036409
 183	9.1000e-02	7.3346	-3.841105	0.001636	16.357020	5.541909	0.131071
 184	9.1500e-02	7.3522	-3.986739	-0.000363	-3.634893	-1.231535	-0.029127
 185	9.2000e-02	7.3875	-4.095965	-0.000273	-2.726170	-0.923651	-0.021845
 186	9.2500e-02	7.4292	-3.950331	0.000363	3.634893	1.231535	0.029127
 187	9.3000e-02	7.4549	-3.294976	0.001636	16.357020	5.541909	0.131071
 188	9.3500e-02	7.5014	-3.222159	0.000182	1.817447	0.615768	0.014563
 189	9.4000e-02	7.5704	-3.477019	-0.000636	-6.361063	-2.155187	-0.050972
 190	9.4500e-02	7.5976	-3.185750	0.000727	7.269787	2.463070	0.058254
 191	9.5000e-02	7.6506	-3.040116	0.000363	3.634893	1.231535	0.029127
 192	9.5500e-02	7.6586	-2.785256	0.000636	6.361063	2.155187	0.050972
 193	9.6000e-02	7.7148	-2.894482	-0.000273	-2.726170	-0.923651	-0.021845
 194	9.6500e-02	7.7549	-2.748848	0.000363	3.634893	1.231535	0.029127
 195	9.7000e-02	7.8046	-2.493988	0.000636	6.361063	2.155187	0.050972
 196	9.7500e-02	7.8254	-2.748848	-0.000636	-6.361063	-2.155187	-0.050972
 197	9.8000e-02	7.8543	-2.348353	0.001000	9.995957	3.386722	0.080099
 198	9.8500e-02	7.9025	-1.984267	0.000909	9.087234	3.078838	0.072817
 199	9.9000e-02	7.9249	-2.020676	-0.000091	-0.908723	-0.307884	-0.007282
 200	9.9500e-02	7.9859	-1.729407	0.000727	7.269787	2.463070	0.058254
 201	1.0000e-01	8.0324	-1.438139	0.000727	7.269787	2.463070	0.058254
 202	1.0050e-01	8.0581	-1.583773	-0.000363	-3.634893	-1.231535	-0.029127
 203	1.0100e-01	8.1046	-1.365322	0.000545	5.452340	1.847303	0.043690
 204	1.0150e-01	8.1511	-1.547365	-0.000454	-4.543617	-1.539419	-0.036409
 205	1.0200e-01	8.1832	-1.292504	0.000636	6.361063	2.155187	0.050972
 206	1.0250e-01	8.2297	-0.855602	0.001090	10.904680	3.694606	0.087381
 207	1.0300e-01	8.2843	-0.928419	-0.000182	-1.817447	-0.615768	-0.014563
 208	1.0350e-01	8.3196	-0.892010	0.000091	0.908723	0.307884	0.007282
 209	1.0400e-01	8.3500	-0.600742	0.000727	7.269787	2.463070	0.058254
 210	1.0450e-01	8.3805	-0.418699	0.000454	4.543617	1.539419	0.036409
 211	1.0500e-01	8.4126	-0.127430	0.000727	7.269787	2.463070	0.058254
 212	1.0550e-01	8.4639	-0.455107	-0.000818	-8.178510	-2.770954	-0.065535
 213	1.0600e-01	8.5105	0.054613	0.001272	12.722127	4.310373	0.101944
 214	1.0650e-01	8.5602	0.018204	-0.000091	-0.908723	-0.307884	-0.007282
 215	1.0700e-01	8.5955	0.091021	0.000182	1.817447	0.615768	0.014563
 216	1.0750e-01	8.6500	0.018204	-0.000182	-1.817447	-0.615768	-0.014563
 217	1.0800e-01	8.6837	0.637150	0.001545	15.448297	5.234025	0.123789
 218	1.0850e-01	8.7334	0.527924	-0.000273	-2.726170	-0.923651	-0.021845
 219	1.0900e-01	8.7623	0.782784	0.000636	6.361063	2.155187	0.050972
 220	1.0950e-01	8.7880	0.637150	-0.000363	-3.634893	-1.231535	-0.029127
 221	1.1000e-01	8.8313	1.146870	0.001272	12.722127	4.310373	0.101944
 222	1.1050e-01	8.8891	0.928419	-0.000545	-5.452340	-1.847303	-0.043690
 223	1.1100e-01	8.8987	1.219687	0.000727	7.269787	2.463070	0.058254
 224	1.1150e-01	8.9628	1.292504	0.000182	1.817447	0.615768	0.014563
 225	1.1200e-01	8.9741	0.892010	-0.001000	-9.995957	-3.386722	-0.080099
 226	1.1250e-01	9.0190	1.947859	0.002635	26.352977	8.928630	0.211170
 227	1.1300e-01	9.1024	1.510956	-0.001090	-10.904680	-3.694606	-0.087381
 228	1.1350e-01	9.1169	2.057085	0.001363	13.630850	4.618257	0.109226
 229	1.1400e-01	9.1666	1.729407	-0.000818	-8.178510	-2.770954	-0.065535
 230	1.1450e-01	9.1906	2.421170	0.001727	17.265744	5.849792	0.138353
 231	1.1500e-01	9.2324	2.129902	-0.000727	-7.269787	-2.463070	-0.058254
 232	1.1550e-01	9.2901	2.166310	0.000091	0.908723	0.307884	0.007282
 233	1.1600e-01	9.3270	2.457579	0.000727	7.269787	2.463070	0.058254
 234	1.1650e-01	9.3511	2.639622	0.000454	4.543617	1.539419	0.036409
 235	1.1700e-01	9.3896	2.894482	0.000636	6.361063	2.155187	0.050972
 236	1.1750e-01	9.4297	3.185750	0.000727	7.269787	2.463070	0.058254
 237	1.1800e-01	9.5083	2.639622	-0.001363	-13.630850	-4.618257	-0.109226
 238	1.1850e-01	9.5340	2.967299	0.000818	8.178510	2.770954	0.065535
 239	1.1900e-01	9.5468	3.112933	0.000363	3.634893	1.231535	0.029127
 240	1.1950e-01	9.6013	3.149342	0.000091	0.908723	0.307884	0.007282
 241	1.2000e-01	9.6350	3.586245	0.001090	10.904680	3.694606	0.087381
 242	1.2050e-01	9.6783	3.549836	-0.000091	-0.908723	-0.307884	-0.007282
 243	1.2100e-01	9.7040	3.950331	0.001000	9.995957	3.386722	0.080099
 244	1.2150e-01	9.7409	4.023148	0.000182	1.817447	0.615768	0.014563
 245	1.2200e-01	9.7842	4.278008	0.000636	6.361063	2.155187	0.050972
 246	1.2250e-01	9.8243	4.241599	-0.000091	-0.908723	-0.307884	-0.007282
 247	1.2300e-01	9.8885	4.132373	-0.000273	-2.726170	-0.923651	-0.021845
 248	1.2350e-01	9.9126	4.605685	0.001181	11.813404	4.002490	0.094662
 249	1.2400e-01	9.9462	4.751319	0.000363	3.634893	1.231535	0.029127
 250	1.2450e-01	10.0008	4.496459	-0.000636	-6.361063	-2.155187	-0.050972
 251	1.2500e-01	10.0425	4.714911	0.000545	5.452340	1.847303	0.043690
 252	1.2550e-01	10.0810	4.824136	0.000273	2.726170	0.923651	0.021845
 253	1.2600e-01	10.1051	5.297448	0.001181	11.813404	4.002490	0.094662
 254	1.2650e-01	10.1388	5.370265	0.000182	1.817447	0.615768	0.014563
 255	1.2700e-01	10.2109	5.151814	-0.000545	-5.452340	-1.847303	-0.043690
 256	1.2750e-01	10.2286	5.261039	0.000273	2.726170	0.923651	0.021845
 257	1.2800e-01	10.2863	5.406674	0.000363	3.634893	1.231535	0.029127
 258	1.2850e-01	10.3104	5.770759	0.000909	9.087234	3.078838	0.072817
 259	1.2900e-01	10.3521	5.406674	-0.000909	-9.087234	-3.078838	-0.072817
 260	1.2950e-01	10.4083	6.062028	0.001636	16.357020	5.541909	0.131071
 261	1.3000e-01	10.4580	6.025619	-0.000091	-0.908723	-0.307884	-0.007282
 262	1.3050e-01	10.4772	5.843577	-0.000454	-4.543617	-1.539419	-0.036409
 263	1.3100e-01	10.4885	6.535340	0.001727	17.265744	5.849792	0.138353
 264	1.3150e-01	10.5478	6.608157	0.000182	1.817447	0.615768	0.014563
 265	1.3200e-01	10.6136	6.717382	0.000273	2.726170	0.923651	0.021845
 266	1.3250e-01	10.6329	6.462522	-0.000636	-6.361063	-2.155187	-0.050972
 267	1.3300e-01	10.6714	6.462522	0.000000	0.000000	0.000000	0.000000
 268	1.3350e-01	10.7115	6.935834	0.001181	11.813404	4.002490	0.094662
 269	1.3400e-01	10.7532	6.972242	0.000091	0.908723	0.307884	0.007282
 270	1.3450e-01	10.8157	6.935834	-0.000091	-0.908723	-0.307884	-0.007282
 271	1.3500e-01	10.8157	7.372737	-0.001090	-10.904680	-3.694606	0.087381
 272	1.3550e-01	10.8607	7.372737	0.000000	0.000000	0.000000	0.000000
 273	1.3600e-01	10.9280	7.372737	0.000000	0.000000	0.000000	0.000000
 274	1.3650e-01	10.9473	7.809640	0.001090	10.904680	3.694606	0.087381
 275	1.3700e-01	10.9922	7.591188	-0.000545	-5.452340	-1.847303	-0.043690
 276	1.3750e-01	11.0227	8.210134	0.001545	15.448297	5.234025	0.123789
 277	1.3800e-01	11.0548	7.736823	-0.001181	-11.813404	-4.002490	-0.094662
 278	1.3850e-01	11.1013	8.282951	0.001363	13.630850	4.618257	0.109226
 279	1.3900e-01	11.1334	8.355768	0.000182	1.817447	0.615768	0.014563
 280	1.3950e-01	11.1879	8.246543	-0.000273	-2.726170	-0.923651	-0.021845
 281	1.4000e-01	11.2489	8.064500	-0.000454	-4.543617	-1.539419	-0.036409
 282	1.4050e-01	11.2778	8.282951	0.000545	5.452340	1.847303	0.043690
 283	1.4100e-01	11.3179	8.756263	0.001181	11.813404	4.002490	0.094662
 284	1.4150e-01	11.3532	8.829080	0.000182	1.817447	0.615768	0.014563
 285	1.4200e-01	11.3788	8.792671	-0.000091	-0.908723	-0.307884	-0.007282
 286	1.4250e-01	11.4446	9.156757	0.000909	9.087234	3.078838	0.072817
 287	1.4300e-01	11.4879	8.683446	-0.001181	-11.813404	-4.002490	-0.094662
 288	1.4350e-01	11.5184	9.229574	0.001363	13.630850	4.618257	0.109226
 289	1.4400e-01	11.5601	9.557251	0.000818	8.178510	2.770954	0.065535
 290	1.4450e-01	11.6050	9.630069	0.000182	1.817447	0.615768	0.014563
 291	1.4500e-01	11.6211	9.921337	0.000727	7.269787	2.463070	0.058254
 292	1.4550e-01	11.6612	10.066972	0.000363	3.634893	1.231535	0.029127
 293	1.4600e-01	11.7221	9.775703	-0.000727	-7.269787	-2.463070	-0.058254
 294	1.4650e-01	11.7670	10.139789	0.000909	9.087234	3.078838	0.072817
 295	1.4700e-01	11.7879	9.884929	-0.000636	-6.361063	-2.155187	-0.050972
 296	1.4750e-01	11.8312	10.139789	0.000636	6.361063	2.155187	0.050972
 297	1.4800e-01	11.8761	10.321832	0.000454	4.543617	1.539419	0.036409
 298	1.4850e-01	11.9050	10.467466	0.000363	3.634893	1.231535	0.029127
 299	1.4900e-01	11.9531	10.431057	-0.000091	-0.908723	-0.307884	-0.007282
 300	1.4950e-01	11.9852	10.467466	0.000091	0.908723	0.307884	0.007282
 301	1.5000e-01	12.0510	10.722326	0.000636	6.361063	2.155187	0.050972
 302	1.5050e-01	12.0686	11.050003	0.000818	8.178510	2.770954	0.065535
 303	1.5100e-01	12.1055	10.977186	-0.000182	-1.817447	-0.615768	-0.014563
 304	1.5150e-01	12.1440	11.486906	0.001272	12.722127	4.310373	0.101944
 305	1.5200e-01	12.1825	11.486906	0.000000	0.000000	0.000000	0.000000
 306	1.5250e-01	12.2178	11.086412	-0.001000	-9.995957	-3.386722	-0.080099
 307	1.5300e-01	12.2451	11.232046	0.000363	3.634893	1.231535	0.029127
 308	1.5350e-01	12.3045	11.523315	0.000727	7.269787	2.463070	0.058254
 309	1.5400e-01	12.3542	11.414089	-0.000273	-2.726170	-0.923651	-0.021845
 310	1.5450e-01	12.3799	12.105852	0.001727	17.265744	5.849792	0.138353
 311	1.5500e-01	12.4376	12.142260	0.000091	0.908723	0.307884	0.007282
 312	1.5550e-01	12.4825	12.033035	-0.000273	-2.726170	-0.923651	-0.021845
 313	1.5600e-01	12.5178	12.142260	0.000273	2.726170	0.923651	0.021845
 314	1.5650e-01	12.5515	12.142260	0.000000	0.000000	0.000000	0.000000
 315	1.5700e-01	12.6061	12.542755	0.001000	9.995957	3.386722	0.080099
 316	1.5750e-01	12.6285	12.215078	-0.000818	-8.178510	-2.770954	-0.065535
 317	1.5800e-01	12.6670	12.651980	0.001090	10.904680	3.694606	0.087381
 318	1.5850e-01	12.7296	12.761206	0.000273	2.726170	0.923651	0.021845
 319	1.5900e-01	12.7665	12.579163	-0.000454	-4.543617	-1.539419	-0.036409
 320	1.5950e-01	12.7954	12.979658	0.001000	9.995957	3.386722	0.080099
 321	1.6000e-01	12.8371	13.016066	0.000091	0.908723	0.307884	0.007282
 322	1.6050e-01	12.8435	12.943249	-0.000182	-1.817447	-0.615768	-0.014563
 323	1.6100e-01	12.9173	13.343743	0.001000	9.995957	3.386722	0.080099
 324	1.6150e-01	12.9205	13.598603	0.000636	6.361063	2.155187	0.050972
 325	1.6200e-01	13.0023	13.562195	-0.000091	-0.908723	-0.307884	-0.007282
 326	1.6250e-01	13.0280	13.926281	0.000909	9.087234	3.078838	0.072817
 327	1.6300e-01	13.0745	14.071915	0.000363	3.634893	1.231535	0.029127
 328	1.6350e-01	13.1146	13.671421	-0.001000	-9.995957	-3.386722	-0.080099
 329	1.6400e-01	13.1563	13.853464	0.000454	4.543617	1.539419	0.036409
 330	1.6450e-01	13.2044	14.035506	0.000454	4.543617	1.539419	0.036409
 331	1.6500e-01	13.2317	14.363184	0.000818	8.178510	2.770954	0.065535
 332	1.6550e-01	13.2734	14.071915	-0.000727	-7.269787	-2.463070	-0.058254
 333	1.6600e-01	13.3232	14.363184	0.000727	7.269787	2.463070	0.058254
 334	1.6650e-01	13.3328	14.545226	0.000454	4.543617	1.539419	0.036409
 335	1.6700e-01	13.3809	14.545226	0.000000	0.000000	0.000000	0.000000
 336	1.6750e-01	13.4387	14.545226	0.000000	0.000000	0.000000	0.000000
 337	1.6800e-01	13.4435	15.054947	0.001272	12.722127	4.310373	0.101944
 338	1.6850e-01	13.5092	14.690861	-0.000909	-9.087234	-3.078838	-0.072817
 339	1.6900e-01	13.5510	14.945721	0.000636	6.361063	2.155187	0.050972
 340	1.6950e-01	13.5846	14.800087	-0.000363	-3.634893	-1.231535	-0.029127
 341	1.7000e-01	13.6119	15.419032	0.001545	15.448297	5.234025	0.123789
 342	1.7050e-01	13.6600	15.200581	-0.000545	-5.452340	-1.847303	-0.043690
 343	1.7100e-01	13.7082	15.928752	0.001817	18.174467	6.157676	0.145634
 344	1.7150e-01	13.7515	15.855935	-0.000182	-1.817447	-0.615768	-0.014563
 345	1.7200e-01	13.7852	15.637484	-0.000545	-5.452340	-1.847303	-0.043690
 346	1.7250e-01	13.8205	16.074387	0.001090	10.904680	3.694606	0.087381
 347	1.7300e-01	13.8686	15.710301	-0.000909	-9.087234	-3.078838	-0.072817
 348	1.7350e-01	13.9119	15.965161	0.000636	6.361063	2.155187	0.050972
 349	1.7400e-01	13.9456	16.256430	0.000727	7.269787	2.463070	0.058254
 350	1.7450e-01	14.0033	16.110795	-0.000363	-3.634893	-1.231535	-0.029127
 351	1.7500e-01	14.0274	16.729741	0.001545	15.448297	5.234025	0.123789
 352	1.7550e-01	14.0771	16.693333	-0.000091	-0.908723	-0.307884	-0.007282
 353	1.7600e-01	14.1108	16.511290	-0.000454	-4.543617	-1.539419	-0.036409
 354	1.7650e-01	14.1429	16.766150	0.000636	6.361063	2.155187	0.050972
 355	1.7700e-01	14.2071	16.911784	0.000363	3.634893	1.231535	0.029127
 356	1.7750e-01	14.2456	17.057418	0.000363	3.634893	1.231535	0.029127
 357	1.7800e-01	14.2953	17.093827	0.000091	0.908723	0.307884	0.007282
 358	1.7850e-01	14.3146	16.911784	-0.000454	-4.543617	-1.539419	-0.036409
 359	1.7900e-01	14.3787	17.021010	0.000273	2.726170	0.923651	0.021845
 360	1.7950e-01	14.3787	17.603547	-0.001454	-14.539574	-4.926141	0.116507
 361	1.8000e-01	14.4317	17.712773	0.000273	2.726170	0.923651	0.021845
 362	1.8050e-01	14.4718	17.275870	-0.001090	-10.904680	-3.694606	-0.087381
 363	1.8100e-01	14.5199	17.785590	0.001272	12.722127	4.310373	0.101944
 364	1.8150e-01	14.5568	17.712773	-0.000182	-1.817447	-0.615768	-0.014563
 365	1.8200e-01	14.5857	17.785590	0.000182	1.817447	0.615768	0.014563
 366	1.8250e-01	14.6226	18.076858	0.000727	7.269787	2.463070	0.058254
 367	1.8300e-01	14.6643	18.113267	0.000091	0.908723	0.307884	0.007282
 368	1.8350e-01	14.7188	18.186084	0.000182	1.817447	0.615768	0.014563
 369	1.8400e-01	14.7397	18.550170	0.000909	9.087234	3.078838	0.072817
 370	1.8450e-01	14.7942	18.368127	-0.000454	-4.543617	-1.539419	-0.036409
 371	1.8500e-01	14.8151	18.550170	0.000454	4.543617	1.539419	0.036409
 372	1.8550e-01	14.8905	18.732213	0.000454	4.543617	1.539419	0.036409
 373	1.8600e-01	14.9210	18.622987	-0.000273	-2.726170	-0.923651	-0.021845
 374	1.8650e-01	14.9579	18.950664	0.000818	8.178510	2.770954	0.065535
 375	1.8700e-01	14.9964	18.805030	-0.000363	-3.634893	-1.231535	-0.029127
 376	1.8750e-01	15.0188	19.096299	0.000727	7.269787	2.463070	0.058254
 377	1.8800e-01	15.0830	19.241933	0.000363	3.634893	1.231535	0.029127
 378	1.8850e-01	15.1247	19.314750	0.000182	1.817447	0.615768	0.014563
 379	1.8900e-01	15.1520	19.278342	-0.000091	-0.908723	-0.307884	-0.007282
 380	1.8950e-01	15.1712	19.642427	0.000909	9.087234	3.078838	0.072817
 381	1.9000e-01	15.2242	19.678836	0.000091	0.908723	0.307884	0.007282
 382	1.9050e-01	15.2546	19.606019	-0.000182	-1.817447	-0.615768	-0.014563
 383	1.9100e-01	15.2851	19.970104	0.000909	9.087234	3.078838	0.072817
 384	1.9150e-01	15.3461	19.751653	-0.000545	-5.452340	-1.847303	-0.043690
 385	1.9200e-01	15.3926	20.152147	0.001000	9.995957	3.386722	0.080099
 386	1.9250e-01	15.4343	20.006513	-0.000363	-3.634893	-1.231535	-0.029127
 387	1.9300e-01	15.4520	20.152147	0.000363	3.634893	1.231535	0.029127
 388	1.9350e-01	15.5065	20.297782	0.000363	3.634893	1.231535	0.029127
 389	1.9400e-01	15.5386	20.261373	-0.000091	-0.908723	-0.307884	-0.007282
 390	1.9450e-01	15.5771	20.443416	0.000454	4.543617	1.539419	0.036409
 391	1.9500e-01	15.6541	20.552642	0.000273	2.726170	0.923651	0.021845
 392	1.9550e-01	15.6846	20.771093	0.000545	5.452340	1.847303	0.043690
 393	1.9600e-01	15.7488	21.207996	0.001090	10.904680	3.694606	0.087381
 394	1.9650e-01	15.7536	20.807502	-0.001000	-9.995957	-3.386722	-0.080099
 395	1.9700e-01	15.7905	21.062362	0.000636	6.361063	2.155187	0.050972
 396	1.9750e-01	15.8081	21.353630	0.000727	7.269787	2.463070	0.058254
 397	1.9800e-01	15.8787	21.171588	-0.000454	-4.543617	-1.539419	-0.036409
 398	1.9850e-01	15.9092	21.754125	0.001454	14.539574	4.926141	0.116507
 399	1.9900e-01	15.9332	21.317222	-0.001090	-10.904680	-3.694606	-0.087381
 400	1.9950e-01	15.9974	21.754125	0.001090	10.904680	3.694606	0.087381
 401	2.0000e-01	16.0648	21.754125	0.000000	0.000000	0.000000	0.000000
 402	2.0050e-01	16.0712	21.681308	-0.000182	-1.817447	-0.615768	-0.014563
 403	2.0100e-01	16.1386	22.118211	0.001090	10.904680	3.694606	0.087381
 404	2.0150e-01	16.1466	22.191028	0.000182	1.817447	0.615768	0.014563
 405	2.0200e-01	16.1867	22.263845	0.000182	1.817447	0.615768	0.014563
 406	2.0250e-01	16.2364	22.118211	-0.000363	-3.634893	-1.231535	-0.029127
 407	2.0300e-01	16.2846	22.336662	0.000545	5.452340	1.847303	0.043690
 408	2.0350e-01	16.3134	22.336662	0.000000	0.000000	0.000000	0.000000
 409	2.0400e-01	16.3343	22.882791	0.001363	13.630850	4.618257	0.109226
 410	2.0450e-01	16.3664	22.919199	0.000091	0.908723	0.307884	0.007282
 411	2.0500e-01	16.4289	22.627931	-0.000727	-7.269787	-2.463070	-0.058254
 412	2.0550e-01	16.4835	22.627931	0.000000	0.000000	0.000000	0.000000
 413	2.0600e-01	16.5188	22.555113	-0.000182	-1.817447	-0.615768	-0.014563
 414	2.0650e-01	16.5380	22.992016	0.001090	10.904680	3.694606	0.087381
 415	2.0700e-01	16.5926	23.574554	0.001454	14.539574	4.926141	0.116507
 416	2.0750e-01	16.6439	23.028425	-0.001363	-13.630850	-4.618257	-0.109226
 417	2.0800e-01	16.6920	23.210468	0.000454	4.543617	1.539419	0.036409
 418	2.0850e-01	16.7209	23.210468	0.000000	0.000000	0.000000	0.000000
 419	2.0900e-01	16.7498	23.720188	0.001272	12.722127	4.310373	0.101944
 420	2.0950e-01	16.7947	23.683779	-0.000091	-0.908723	-0.307884	-0.007282
 421	2.1000e-01	16.8364	23.174059	-0.001272	-12.722127	-4.310373	-0.101944
 422	2.1050e-01	16.8621	24.120682	0.002363	23.626807	8.004979	0.189325
 423	2.1100e-01	16.8974	23.938639	-0.000454	-4.543617	-1.539419	-0.036409
 424	2.1150e-01	16.9632	24.157091	0.000545	5.452340	1.847303	0.043690
 425	2.1200e-01	16.9920	23.902231	-0.000636	-6.361063	-2.155187	-0.050972
 426	2.1250e-01	17.0514	24.302725	0.001000	9.995957	3.386722	0.080099
 427	2.1300e-01	17.0690	24.120682	-0.000454	-4.543617	-1.539419	-0.036409
 428	2.1350e-01	17.1124	24.302725	0.000454	4.543617	1.539419	0.036409
 429	2.1400e-01	17.1492	24.157091	-0.000363	-3.634893	-1.231535	-0.029127
 430	2.1450e-01	17.1910	24.521177	0.000909	9.087234	3.078838	0.072817
 431	2.1500e-01	17.2375	24.593994	0.000182	1.817447	0.615768	0.014563
 432	2.1550e-01	17.2792	24.703219	0.000273	2.726170	0.923651	0.021845
 433	2.1600e-01	17.2984	24.885262	0.000454	4.543617	1.539419	0.036409
 434	2.1650e-01	17.3578	24.703219	-0.000454	-4.543617	-1.539419	-0.036409
 435	2.1700e-01	17.3851	25.358574	0.001636	16.357020	5.541909	0.131071
 436	2.1750e-01	17.4444	25.030897	-0.000818	-8.178510	-2.770954	-0.065535
 437	2.1800e-01	17.4797	25.394982	0.000909	9.087234	3.078838	0.072817
 438	2.1850e-01	17.5118	25.140122	-0.000636	-6.361063	-2.155187	-0.050972
 439	2.1900e-01	17.5423	25.212940	0.000182	1.817447	0.615768	0.014563
 440	2.1950e-01	17.5872	25.249348	0.000091	0.908723	0.307884	0.007282
 441	2.2000e-01	17.6385	25.868294	0.001545	15.448297	5.234025	0.123789
 442	2.2050e-01	17.6642	25.722660	-0.000363	-3.634893	-1.231535	-0.029127
 443	2.2100e-01	17.7220	25.941111	0.000545	5.452340	1.847303	0.043690
 444	2.2150e-01	17.7637	25.904703	-0.000091	-0.908723	-0.307884	-0.007282
 445	2.2200e-01	17.7813	26.050337	0.000363	3.634893	1.231535	0.029127
 446	2.2250e-01	17.8118	26.123154	0.000182	1.817447	0.615768	0.014563
 447	2.2300e-01	17.8615	26.050337	-0.000182	-1.817447	-0.615768	-0.014563
 448	2.2350e-01	17.9048	26.268788	0.000545	5.452340	1.847303	0.043690
 449	2.2400e-01	17.9610	26.523648	0.000636	6.361063	2.155187	0.050972
 450	2.2450e-01	18.0027	26.778508	0.000636	6.361063	2.155187	0.050972
 451	2.2500e-01	18.0139	26.814917	0.000091	0.908723	0.307884	0.007282
 452	2.2550e-01	18.0733	26.596465	-0.000545	-5.452340	-1.847303	-0.043690
 453	2.2600e-01	18.1102	26.960551	0.000909	9.087234	3.078838	0.072817
 454	2.2650e-01	18.1391	26.960551	0.000000	0.000000	0.000000	0.000000
 455	2.2700e-01	18.1888	26.960551	0.000000	0.000000	0.000000	0.000000
 456	2.2750e-01	18.2465	27.069777	0.000273	2.726170	0.923651	0.021845
 457	2.2800e-01	18.2738	27.033368	-0.000091	-0.908723	-0.307884	-0.007282
 458	2.2850e-01	18.3171	27.251820	0.000545	5.452340	1.847303	0.043690
 459	2.2900e-01	18.3604	27.579497	0.000818	8.178510	2.770954	0.065535
 460	2.2950e-01	18.3749	27.142594	-0.001090	-10.904680	-3.694606	-0.087381
 461	2.3000e-01	18.4230	27.761540	0.001545	15.448297	5.234025	0.123789
 462	2.3050e-01	18.4711	27.797949	0.000091	0.908723	0.307884	0.007282
 463	2.3100e-01	18.5096	27.761540	-0.000091	-0.908723	-0.307884	-0.007282
 464	2.3150e-01	18.5530	27.870766	0.000273	2.726170	0.923651	0.021845
 465	2.3200e-01	18.5979	27.797949	-0.000182	-1.817447	-0.615768	-0.014563
 466	2.3250e-01	18.6219	27.907174	0.000273	2.726170	0.923651	0.021845
 467	2.3300e-01	18.6749	28.307669	0.001000	9.995957	3.386722	0.080099
 468	2.3350e-01	18.7310	28.198443	-0.000273	-2.726170	-0.923651	-0.021845
 469	2.3400e-01	18.7647	28.380486	0.000454	4.543617	1.539419	0.036409
 470	2.3450e-01	18.7856	28.526120	0.000363	3.634893	1.231535	0.029127
 471	2.3500e-01	18.8321	28.271260	-0.000636	-6.361063	-2.155187	-0.050972
 472	2.3550e-01	18.8722	28.708163	0.001090	10.904680	3.694606	0.087381
 473	2.3600e-01	18.9155	28.963023	0.000636	6.361063	2.155187	0.050972
 474	2.3650e-01	18.9460	28.708163	-0.000636	-6.361063	-2.155187	-0.050972
 475	2.3700e-01	18.9893	29.072249	0.000909	9.087234	3.078838	0.072817
 476	2.3750e-01	19.0246	28.817389	-0.000636	-6.361063	-2.155187	-0.050972
 477	2.3800e-01	19.0599	29.181474	0.000909	9.087234	3.078838	0.072817
 478	2.3850e-01	19.1032	29.327109	0.000363	3.634893	1.231535	0.029127
 479	2.3900e-01	19.1433	29.072249	-0.000636	-6.361063	-2.155187	-0.050972
 480	2.3950e-01	19.1962	29.217883	0.000363	3.634893	1.231535	0.029127
 481	2.4000e-01	19.2187	29.581969	0.000909	9.087234	3.078838	0.072817
 482	2.4050e-01	19.2636	29.618377	0.000091	0.908723	0.307884	0.007282
 483	2.4100e-01	19.3053	29.254292	-0.000909	-9.087234	-3.078838	-0.072817
 484	2.4150e-01	19.3599	29.873237	0.001545	15.448297	5.234025	0.123789
 485	2.4200e-01	19.3904	29.654786	-0.000545	-5.452340	-1.847303	-0.043690
 486	2.4250e-01	19.4128	29.836829	0.000454	4.543617	1.539419	0.036409
 487	2.4300e-01	19.4561	29.982463	0.000363	3.634893	1.231535	0.029127
 488	2.4350e-01	19.5219	29.836829	-0.000363	-3.634893	-1.231535	-0.029127
 489	2.4400e-01	19.5588	30.237323	0.001000	9.995957	3.386722	0.080099
 490	2.4450e-01	19.5829	30.346549	0.000273	2.726170	0.923651	0.021845
 491	2.4500e-01	19.6390	30.273732	-0.000182	-1.817447	-0.615768	-0.014563
 492	2.4550e-01	19.6679	30.346549	0.000182	1.817447	0.615768	0.014563
 493	2.4600e-01	19.7192	30.346549	0.000000	0.000000	0.000000	0.000000
 494	2.4650e-01	19.7497	30.710635	0.000909	9.087234	3.078838	0.072817
 495	2.4700e-01	19.7529	30.601409	-0.000273	-2.726170	-0.923651	-0.021845
 496	2.4750e-01	19.8123	30.783452	0.000454	4.543617	1.539419	0.036409
 497	2.4800e-01	19.8572	30.819860	0.000091	0.908723	0.307884	0.007282
 498	2.4850e-01	19.8877	31.293172	0.001181	11.813404	4.002490	0.094662
 499	2.4900e-01	19.9438	31.111129	-0.000454	-4.543617	-1.539419	-0.036409
 500	2.4950e-01	19.9823	31.183946	0.000182	1.817447	0.615768	0.014563
 501	2.5000e-01	20.0160	31.402398	0.000545	5.452340	1.847303	0.043690
 502	2.5050e-01	19.9647	30.710635	0.001727	17.265744	5.849792	-0.138353
 503	2.5100e-01	19.9406	31.220355	-0.001272	-12.722127	-4.310373	0.101944
 504	2.5150e-01	19.9133	31.001903	0.000545	5.452340	1.847303	-0.043690
 505	2.5200e-01	19.8460	30.601409	0.001000	9.995957	3.386722	-0.080099
 506	2.5250e-01	19.8267	30.747043	-0.000363	-3.634893	-1.231535	0.029127
 507	2.5300e-01	19.7818	30.892678	-0.000363	-3.634893	-1.231535	0.029127
 508	2.5350e-01	19.7305	30.455775	0.001090	10.904680	3.694606	-0.087381
 509	2.5400e-01	19.6952	30.783452	-0.000818	-8.178510	-2.770954	0.065535
 510	2.5450e-01	19.6647	30.200915	0.001454	14.539574	4.926141	-0.116507
 511	2.5500e-01	19.6150	30.419366	-0.000545	-5.452340	-1.847303	0.043690
 512	2.5550e-01	19.6069	30.164506	0.000636	6.361063	2.155187	-0.050972
 513	2.5600e-01	19.5428	30.200915	-0.000091	-0.908723	-0.307884	0.007282
 514	2.5650e-01	19.5027	30.164506	0.000091	0.908723	0.307884	-0.007282
 515	2.5700e-01	19.4577	30.164506	-0.000000	-0.000000	-0.000000	0.000000
 516	2.5750e-01	19.4257	30.382957	-0.000545	-5.452340	-1.847303	0.043690
 517	2.5800e-01	19.4000	29.836829	0.001363	13.630850	4.618257	-0.109226
 518	2.5850e-01	19.3342	29.727603	0.000273	2.726170	0.923651	-0.021845
 519	2.5900e-01	19.2893	29.982463	-0.000636	-6.361063	-2.155187	0.050972
 520	2.5950e-01	19.2460	29.399926	0.001454	14.539574	4.926141	-0.116507
 521	2.6000e-01	19.2187	29.691195	-0.000727	-7.269787	-2.463070	0.058254
 522	2.6050e-01	19.1786	29.764012	-0.000182	-1.817447	-0.615768	0.014563
 523	2.6100e-01	19.1513	28.999432	0.001908	19.083190	6.465560	-0.152916
 524	2.6150e-01	19.0888	29.254292	-0.000636	-6.361063	-2.155187	0.050972
 525	2.6200e-01	19.0503	29.181474	0.000182	1.817447	0.615768	-0.014563
 526	2.6250e-01	19.0230	29.509152	-0.000818	-8.178510	-2.770954	0.065535
 527	2.6300e-01	18.9733	29.290700	0.000545	5.452340	1.847303	-0.043690
 528	2.6350e-01	18.9396	28.963023	0.000818	8.178510	2.770954	-0.065535
 529	2.6400e-01	18.9027	28.890206	0.000182	1.817447	0.615768	-0.014563
 530	2.6450e-01	18.8562	28.853797	0.000091	0.908723	0.307884	-0.007282
 531	2.6500e-01	18.8064	28.963023	-0.000273	-2.726170	-0.923651	0.021845
 532	2.6550e-01	18.7631	28.635346	0.000818	8.178510	2.770954	-0.065535
 533	2.6600e-01	18.7262	28.671754	-0.000091	-0.908723	-0.307884	0.007282
 534	2.6650e-01	18.7038	28.380486	0.000727	7.269787	2.463070	-0.058254
 535	2.6700e-01	18.6572	28.380486	-0.000000	-0.000000	-0.000000	0.000000
 536	2.6750e-01	18.6075	28.453303	-0.000182	-1.817447	-0.615768	0.014563
 537	2.6800e-01	18.5658	28.089217	0.000909	9.087234	3.078838	-0.072817
 538	2.6850e-01	18.5385	28.453303	-0.000909	-9.087234	-3.078838	0.072817
 539	2.6900e-01	18.4888	28.052809	0.001000	9.995957	3.386722	-0.080099
 540	2.6950e-01	18.4407	28.016400	0.000091	0.908723	0.307884	-0.007282
 541	2.7000e-01	18.4214	27.761540	0.000636	6.361063	2.155187	-0.050972
 542	2.7050e-01	18.3893	27.870766	-0.000273	-2.726170	-0.923651	0.021845
 543	2.7100e-01	18.3332	27.834357	0.000091	0.908723	0.307884	-0.007282
 544	2.7150e-01	18.2899	27.761540	0.000182	1.817447	0.615768	-0.014563
 545	2.7200e-01	18.2674	27.615906	0.000363	3.634893	1.231535	-0.029127
 546	2.7250e-01	18.2289	27.433863	0.000454	4.543617	1.539419	-0.036409
 547	2.7300e-01	18.1760	27.725131	-0.000727	-7.269787	-2.463070	0.058254
 548	2.7350e-01	18.1407	27.361046	0.000909	9.087234	3.078838	-0.072817
 549	2.7400e-01	18.1086	27.506680	-0.000363	-3.634893	-1.231535	0.029127
 550	2.7450e-01	18.0621	27.179003	0.000818	8.178510	2.770954	-0.065535
 551	2.7500e-01	18.0107	26.742100	0.001090	10.904680	3.694606	-0.087381
 552	2.7550e-01	17.9802	27.179003	-0.001090	-10.904680	-3.694606	0.087381
 553	2.7600e-01	17.9610	27.033368	0.000363	3.634893	1.231535	-0.029127
 554	2.7650e-01	17.8920	26.814917	0.000545	5.452340	1.847303	-0.043690
 555	2.7700e-01	17.8407	27.215411	-0.001000	-9.995957	-3.386722	0.080099
 556	2.7750e-01	17.8294	26.596465	0.001545	15.448297	5.234025	-0.123789
 557	2.7800e-01	17.7733	26.523648	0.000182	1.817447	0.615768	-0.014563
 558	2.7850e-01	17.7428	26.268788	0.000636	6.361063	2.155187	-0.050972
 559	2.7900e-01	17.6947	26.414423	-0.000363	-3.634893	-1.231535	0.029127
 560	2.7950e-01	17.6530	26.378014	0.000091	0.908723	0.307884	-0.007282
 561	2.8000e-01	17.6273	26.013928	0.000909	9.087234	3.078838	-0.072817
 562	2.8050e-01	17.5792	26.450831	-0.001090	-10.904680	-3.694606	0.087381
 563	2.8100e-01	17.5359	26.268788	0.000454	4.543617	1.539419	-0.036409
 564	2.8150e-01	17.5102	26.159563	0.000273	2.726170	0.923651	-0.021845
 565	2.8200e-01	17.4476	25.795477	0.000909	9.087234	3.078838	-0.072817
 566	2.8250e-01	17.4236	25.795477	-0.000000	-0.000000	-0.000000	0.000000
 567	2.8300e-01	17.3626	25.904703	-0.000273	-2.726170	-0.923651	0.021845
 568	2.8350e-01	17.3353	25.504208	0.001000	9.995957	3.386722	-0.080099
 569	2.8400e-01	17.3000	25.467800	0.000091	0.908723	0.307884	-0.007282
 570	2.8450e-01	17.2519	25.431391	0.000091	0.908723	0.307884	-0.007282
 571	2.8500e-01	17.2150	25.322165	0.000273	2.726170	0.923651	-0.021845
 572	2.8550e-01	17.1749	25.030897	0.000727	7.269787	2.463070	-0.058254
 573	2.8600e-01	17.1412	25.322165	-0.000727	-7.269787	-2.463070	0.058254
 574	2.8650e-01	17.0915	25.103714	0.000545	5.452340	1.847303	-0.043690
 575	2.8700e-01	17.0626	25.103714	-0.000000	-0.000000	-0.000000	0.000000
 576	2.8750e-01	17.0129	24.958080	0.000363	3.634893	1.231535	-0.029127
 577	2.8800e-01	16.9776	24.848854	0.000273	2.726170	0.923651	-0.021845
 578	2.8850e-01	16.9070	24.448359	0.001000	9.995957	3.386722	-0.080099
 579	2.8900e-01	16.9054	24.739628	-0.000727	-7.269787	-2.463070	0.058254
 580	2.8950e-01	16.8589	24.739628	-0.000000	-0.000000	-0.000000	0.000000
 581	2.9000e-01	16.8092	24.630402	0.000273	2.726170	0.923651	-0.021845
 582	2.9050e-01	16.7819	24.448359	0.000454	4.543617	1.539419	-0.036409
 583	2.9100e-01	16.7354	24.739628	-0.000727	-7.269787	-2.463070	0.058254
 584	2.9150e-01	16.6904	24.521177	0.000545	5.452340	1.847303	-0.043690
 585	2.9200e-01	16.6535	24.011457	0.001272	12.722127	4.310373	-0.101944
 586	2.9250e-01	16.6199	24.047865	-0.000091	-0.908723	-0.307884	0.007282
 587	2.9300e-01	16.5765	23.756596	0.000727	7.269787	2.463070	-0.058254
 588	2.9350e-01	16.5445	23.938639	-0.000454	-4.543617	-1.539419	0.036409
 589	2.9400e-01	16.4995	23.902231	0.000091	0.908723	0.307884	-0.007282
 590	2.9450e-01	16.4707	24.084274	-0.000454	-4.543617	-1.539419	0.036409
 591	2.9500e-01	16.4273	23.720188	0.000909	9.087234	3.078838	-0.072817
 592	2.9550e-01	16.3535	23.902231	-0.000454	-4.543617	-1.539419	0.036409
 593	2.9600e-01	16.3343	23.319694	0.001454	14.539574	4.926141	-0.116507
 594	2.9650e-01	16.3118	23.283285	0.000091	0.908723	0.307884	-0.007282
 595	2.9700e-01	16.2669	23.392511	-0.000273	-2.726170	-0.923651	0.021845
 596	2.9750e-01	16.2140	23.319694	0.000182	1.817447	0.615768	-0.014563
 597	2.9800e-01	16.1899	22.919199	0.001000	9.995957	3.386722	-0.080099
 598	2.9850e-01	16.1514	23.428919	-0.001272	-12.722127	-4.310373	0.101944
 599	2.9900e-01	16.1049	23.101242	0.000818	8.178510	2.770954	-0.065535
 600	2.9950e-01	16.0648	22.846382	0.000636	6.361063	2.155187	-0.050972
 601	3.0000e-01	16.0247	22.591522	0.000636	6.361063	2.155187	-0.050972
 602	3.0050e-01	15.9717	22.627931	-0.000091	-0.908723	-0.307884	0.007282
 603	3.0100e-01	15.9573	22.482296	0.000363	3.634893	1.231535	-0.029127
 604	3.0150e-01	15.8899	22.482296	-0.000000	-0.000000	-0.000000	0.000000
 605	3.0200e-01	15.8482	22.555113	-0.000182	-1.817447	-0.615768	0.014563
 606	3.0250e-01	15.8177	22.081802	0.001181	11.813404	4.002490	-0.094662
 607	3.0300e-01	15.7953	22.336662	-0.000636	-6.361063	-2.155187	0.050972
 608	3.0350e-01	15.7327	21.899759	0.001090	10.904680	3.694606	-0.087381
 609	3.0400e-01	15.7022	22.191028	-0.000727	-7.269787	-2.463070	0.058254
 610	3.0450e-01	15.6701	21.826942	0.000909	9.087234	3.078838	-0.072817
 611	3.0500e-01	15.6236	21.717716	0.000273	2.726170	0.923651	-0.021845
 612	3.0550e-01	15.5755	21.681308	0.000091	0.908723	0.307884	-0.007282
 613	3.0600e-01	15.5578	21.754125	-0.000182	-1.817447	-0.615768	0.014563
 614	3.0650e-01	15.4969	21.317222	0.001090	10.904680	3.694606	-0.087381
 615	3.0700e-01	15.4584	21.790533	-0.001181	-11.813404	-4.002490	0.094662
 616	3.0750e-01	15.4343	21.499265	0.000727	7.269787	2.463070	-0.058254
 617	3.0800e-01	15.3750	21.171588	0.000818	8.178510	2.770954	-0.065535
 618	3.0850e-01	15.3333	21.135179	0.000091	0.908723	0.307884	-0.007282
 619	3.0900e-01	15.2883	21.353630	-0.000545	-5.452340	-1.847303	0.043690
 620	3.0950e-01	15.2530	21.062362	0.000727	7.269787	2.463070	-0.058254
 621	3.1000e-01	15.2081	21.280813	-0.000545	-5.452340	-1.847303	0.043690
 622	3.1050e-01	15.1728	20.771093	0.001272	12.722127	4.310373	-0.101944
 623	3.1100e-01	15.1616	20.589050	0.000454	4.543617	1.539419	-0.036409
 624	3.1150e-01	15.1006	20.661867	-0.000182	-1.817447	-0.615768	0.014563
 625	3.1200e-01	15.0670	20.443416	0.000545	5.452340	1.847303	-0.043690
 626	3.1250e-01	15.0092	20.443416	-0.000000	-0.000000	-0.000000	0.000000
 627	3.1300e-01	14.9675	20.479825	-0.000091	-0.908723	-0.307884	0.007282
 628	3.1350e-01	14.9450	20.042922	0.001090	10.904680	3.694606	-0.087381
 629	3.1400e-01	14.8937	20.224965	-0.000454	-4.543617	-1.539419	0.036409
 630	3.1450e-01	14.8632	20.297782	-0.000182	-1.817447	-0.615768	0.014563
 631	3.1500e-01	14.8183	19.715244	0.001454	14.539574	4.926141	-0.116507
 632	3.1550e-01	14.7846	20.042922	-0.000818	-8.178510	-2.770954	0.065535
 633	3.1600e-01	14.7349	20.079330	-0.000091	-0.908723	-0.307884	0.007282
 634	3.1650e-01	14.6996	19.496793	0.001454	14.539574	4.926141	-0.116507
 635	3.1700e-01	14.6627	19.569610	-0.000182	-1.817447	-0.615768	0.014563
 636	3.1750e-01	14.6338	19.351159	0.000545	5.452340	1.847303	-0.043690
 637	3.1800e-01	14.5905	19.169116	0.000454	4.543617	1.539419	-0.036409
 638	3.1850e-01	14.5632	19.278342	-0.000273	-2.726170	-0.923651	0.021845
 639	3.1900e-01	14.4975	18.877847	0.001000	9.995957	3.386722	-0.080099
 640	3.1950e-01	14.4590	19.169116	-0.000727	-7.269787	-2.463070	0.058254
 641	3.2000e-01	14.4172	19.096299	0.000182	1.817447	0.615768	-0.014563
 642	3.2050e-01	14.3755	19.205524	-0.000273	-2.726170	-0.923651	0.021845
 643	3.2100e-01	14.3290	18.805030	0.001000	9.995957	3.386722	-0.080099
 644	3.2150e-01	14.3033	18.550170	0.000636	6.361063	2.155187	-0.050972
 645	3.2200e-01	14.2632	18.805030	-0.000636	-6.361063	-2.155187	0.050972
 646	3.2250e-01	14.2007	18.295310	0.001272	12.722127	4.310373	-0.101944
 647	3.2300e-01	14.1830	18.659396	-0.000909	-9.087234	-3.078838	0.072817
 648	3.2350e-01	14.1558	18.149676	0.001272	12.722127	4.310373	-0.101944
 649	3.2400e-01	14.0948	18.295310	-0.000363	-3.634893	-1.231535	0.029127
 650	3.2450e-01	14.0418	18.368127	-0.000182	-1.817447	-0.615768	0.014563
 651	3.2500e-01	14.0258	18.440944	-0.000182	-1.817447	-0.615768	0.014563
 652	3.2550e-01	13.9857	17.821998	0.001545	15.448297	5.234025	-0.123789
 653	3.2600e-01	13.9472	17.894816	-0.000182	-1.817447	-0.615768	0.014563
 654	3.2650e-01	13.9055	17.821998	0.000182	1.817447	0.615768	-0.014563
 655	3.2700e-01	13.8638	17.749181	0.000182	1.817447	0.615768	-0.014563
 656	3.2750e-01	13.8237	17.676364	0.000182	1.817447	0.615768	-0.014563
 657	3.2800e-01	13.7467	17.749181	-0.000182	-1.817447	-0.615768	0.014563
 658	3.2850e-01	13.7194	17.567138	0.000454	4.543617	1.539419	-0.036409
 659	3.2900e-01	13.6937	17.093827	0.001181	11.813404	4.002490	-0.094662
 660	3.2950e-01	13.6681	17.130235	-0.000091	-0.908723	-0.307884	0.007282
 661	3.3000e-01	13.6215	16.802558	0.000818	8.178510	2.770954	-0.065535
 662	3.3050e-01	13.5686	16.948193	-0.000363	-3.634893	-1.231535	0.029127
 663	3.3100e-01	13.5349	16.875375	0.000182	1.817447	0.615768	-0.014563
 664	3.3150e-01	13.4788	16.838967	0.000091	0.908723	0.307884	-0.007282
 665	3.3200e-01	13.4643	16.729741	0.000273	2.726170	0.923651	-0.021845
 666	3.3250e-01	13.4194	16.292838	0.001090	10.904680	3.694606	-0.087381
 667	3.3300e-01	13.3729	16.474881	-0.000454	-4.543617	-1.539419	0.036409
 668	3.3350e-01	13.3392	16.220021	0.000636	6.361063	2.155187	-0.050972
 669	3.3400e-01	13.2975	16.292838	-0.000182	-1.817447	-0.615768	0.014563
 670	3.3450e-01	13.2574	16.183612	0.000273	2.726170	0.923651	-0.021845
 671	3.3500e-01	13.2060	15.928752	0.000636	6.361063	2.155187	-0.050972
 672	3.3550e-01	13.1724	15.819527	0.000273	2.726170	0.923651	-0.021845
 673	3.3600e-01	13.1419	16.074387	-0.000636	-6.361063	-2.155187	0.050972
 674	3.3650e-01	13.1034	16.147204	-0.000182	-1.817447	-0.615768	0.014563
 675	3.3700e-01	13.0970	15.200581	0.002363	23.626807	8.004979	-0.189325
 676	3.3750e-01	13.0328	15.528258	-0.000818	-8.178510	-2.770954	0.065535
 677	3.3800e-01	12.9943	15.455441	0.000182	1.817447	0.615768	-0.014563
 678	3.3850e-01	12.9686	15.928752	-0.001181	-11.813404	-4.002490	0.094662
 679	3.3900e-01	12.9446	14.800087	0.002817	28.170424	9.544398	-0.225733
 680	3.3950e-01	12.8595	15.200581	-0.001000	-9.995957	-3.386722	0.080099
 681	3.4000e-01	12.8066	14.982129	0.000545	5.452340	1.847303	-0.043690
 682	3.4050e-01	12.7761	14.872904	0.000273	2.726170	0.923651	-0.021845
 683	3.4100e-01	12.7520	14.872904	-0.000000	-0.000000	-0.000000	0.000000
 684	3.4150e-01	12.6879	14.763678	0.000273	2.726170	0.923651	-0.021845
 685	3.4200e-01	12.6526	14.654452	0.000273	2.726170	0.923651	-0.021845
 686	3.4250e-01	12.6269	14.545226	0.000273	2.726170	0.923651	-0.021845
 687	3.4300e-01	12.5900	14.326775	0.000545	5.452340	1.847303	-0.043690
 688	3.4350e-01	12.5419	14.399592	-0.000182	-1.817447	-0.615768	0.014563
 689	3.4400e-01	12.4938	14.217549	0.000454	4.543617	1.539419	-0.036409
 690	3.4450e-01	12.4633	14.399592	-0.000454	-4.543617	-1.539419	0.036409
 691	3.4500e-01	12.4103	14.108324	0.000727	7.269787	2.463070	-0.058254
 692	3.4550e-01	12.3911	13.525786	0.001454	14.539574	4.926141	-0.116507
 693	3.4600e-01	12.3333	13.817055	-0.000727	-7.269787	-2.463070	0.058254
 694	3.4650e-01	12.3157	13.671421	0.000363	3.634893	1.231535	-0.029127
 695	3.4700e-01	12.2756	13.380152	0.000727	7.269787	2.463070	-0.058254
 696	3.4750e-01	12.2291	13.926281	-0.001363	-13.630850	-4.618257	0.109226
 697	3.4800e-01	12.1825	13.525786	0.001000	9.995957	3.386722	-0.080099
 698	3.4850e-01	12.1216	13.307335	0.000545	5.452340	1.847303	-0.043690
 699	3.4900e-01	12.1136	13.525786	-0.000545	-5.452340	-1.847303	0.043690
 700	3.4950e-01	12.0719	12.979658	0.001363	13.630850	4.618257	-0.109226
 701	3.5000e-01	12.0141	12.943249	0.000091	0.908723	0.307884	-0.007282
 702	3.5050e-01	11.9820	13.088883	-0.000363	-3.634893	-1.231535	0.029127
 703	3.5100e-01	11.9419	12.615572	0.001181	11.813404	4.002490	-0.094662
 704	3.5150e-01	11.8986	13.016066	-0.001000	-9.995957	-3.386722	0.080099
 705	3.5200e-01	11.8665	12.834023	0.000454	4.543617	1.539419	-0.036409
 706	3.5250e-01	11.8457	12.651980	0.000454	4.543617	1.539419	-0.036409
 707	3.5300e-01	11.8007	12.360712	0.000727	7.269787	2.463070	-0.058254
 708	3.5350e-01	11.7366	12.142260	0.000545	5.452340	1.847303	-0.043690
 709	3.5400e-01	11.7077	12.178669	-0.000091	-0.908723	-0.307884	0.007282
 710	3.5450e-01	11.6724	11.632540	0.001363	13.630850	4.618257	-0.109226
 711	3.5500e-01	11.6098	12.142260	-0.001272	-12.722127	-4.310373	0.101944
 712	3.5550e-01	11.5794	11.705357	0.001090	10.904680	3.694606	-0.087381
 713	3.5600e-01	11.5280	11.632540	0.000182	1.817447	0.615768	-0.014563
 714	3.5650e-01	11.4895	11.596132	0.000091	0.908723	0.307884	-0.007282
 715	3.5700e-01	11.4751	11.050003	0.001363	13.630850	4.618257	-0.109226
 716	3.5750e-01	11.4205	11.450497	-0.001000	-9.995957	-3.386722	0.080099
 717	3.5800e-01	11.3917	10.867960	0.001454	14.539574	4.926141	-0.116507
 718	3.5850e-01	11.3435	11.268455	-0.001000	-9.995957	-3.386722	0.080099
 719	3.5900e-01	11.3227	10.867960	0.001000	9.995957	3.386722	-0.080099
 720	3.5950e-01	11.2697	10.940777	-0.000182	-1.817447	-0.615768	0.014563
 721	3.6000e-01	11.2200	11.050003	-0.000273	-2.726170	-0.923651	0.021845
 722	3.6050e-01	11.1719	10.540283	0.001272	12.722127	4.310373	-0.101944
 723	3.6100e-01	11.1414	10.940777	-0.001000	-9.995957	-3.386722	0.080099
 724	3.6150e-01	11.0820	10.685917	0.000636	6.361063	2.155187	-0.050972
 725	3.6200e-01	11.0676	9.994154	0.001727	17.265744	5.849792	-0.138353
 726	3.6250e-01	11.0259	10.212606	-0.000545	-5.452340	-1.847303	0.043690
 727	3.6300e-01	10.9762	10.139789	0.000182	1.817447	0.615768	-0.014563
 728	3.6350e-01	10.9441	9.739294	0.001000	9.995957	3.386722	-0.080099
 729	3.6400e-01	10.8783	9.994154	-0.000636	-6.361063	-2.155187	0.050972
 730	3.6450e-01	10.8591	10.321832	-0.000818	-8.178510	-2.770954	0.065535
 731	3.6500e-01	10.8350	9.630069	0.001727	17.265744	5.849792	-0.138353
 732	3.6550e-01	10.7564	9.630069	-0.000000	-0.000000	-0.000000	0.000000
 733	3.6600e-01	10.7500	9.593660	0.000091	0.908723	0.307884	-0.007282
 734	3.6650e-01	10.6986	9.156757	0.001090	10.904680	3.694606	-0.087381
 735	3.6700e-01	10.6649	9.375209	-0.000545	-5.452340	-1.847303	0.043690
 736	3.6750e-01	10.6200	9.120349	0.000636	6.361063	2.155187	-0.050972
 737	3.6800e-01	10.5575	9.193166	-0.000182	-1.817447	-0.615768	0.014563
 738	3.6850e-01	10.5430	8.901897	0.000727	7.269787	2.463070	-0.058254
 739	3.6900e-01	10.5109	8.792671	0.000273	2.726170	0.923651	-0.021845
 740	3.6950e-01	10.4756	8.901897	-0.000273	-2.726170	-0.923651	0.021845
 741	3.7000e-01	10.4291	8.756263	0.000363	3.634893	1.231535	-0.029127
 742	3.7050e-01	10.3842	8.719854	0.000091	0.908723	0.307884	-0.007282
 743	3.7100e-01	10.3585	8.756263	-0.000091	-0.908723	-0.307884	0.007282
 744	3.7150e-01	10.3216	7.700414	0.002635	26.352977	8.928630	-0.211170
 745	3.7200e-01	10.2847	8.282951	-0.001454	-14.539574	-4.926141	0.116507
 746	3.7250e-01	10.2302	8.028091	0.000636	6.361063	2.155187	-0.050972
 747	3.7300e-01	10.1981	7.809640	0.000545	5.452340	1.847303	-0.043690
 748	3.7350e-01	10.1420	7.955274	-0.000363	-3.634893	-1.231535	0.029127
 749	3.7400e-01	10.1147	7.846048	0.000273	2.726170	0.923651	-0.021845
 750	3.7450e-01	10.0617	7.627597	0.000545	5.452340	1.847303	-0.043690
 751	3.7500e-01	10.0216	7.591188	0.000091	0.908723	0.307884	-0.007282
 752	3.7550e-01	9.9960	7.190694	0.001000	9.995957	3.386722	-0.080099
 753	3.7600e-01	9.9398	7.299920	-0.000273	-2.726170	-0.923651	0.021845
 754	3.7650e-01	9.9142	7.117877	0.000454	4.543617	1.539419	-0.036409
 755	3.7700e-01	9.8837	7.227103	-0.000273	-2.726170	-0.923651	0.021845
 756	3.7750e-01	9.8307	6.935834	0.000727	7.269787	2.463070	-0.058254
 757	3.7800e-01	9.7874	6.571748	0.000909	9.087234	3.078838	-0.072817
 758	3.7850e-01	9.7473	6.680974	-0.000273	-2.726170	-0.923651	0.021845
 759	3.7900e-01	9.7233	6.826608	-0.000363	-3.634893	-1.231535	0.029127
 760	3.7950e-01	9.6607	6.608157	0.000545	5.452340	1.847303	-0.043690
 761	3.8000e-01	9.6350	6.426114	0.000454	4.543617	1.539419	-0.036409
 762	3.8050e-01	9.5917	6.462522	-0.000091	-0.908723	-0.307884	0.007282
 763	3.8100e-01	9.5404	6.244071	0.000545	5.452340	1.847303	-0.043690
 764	3.8150e-01	9.4842	5.989211	0.000636	6.361063	2.155187	-0.050972
 765	3.8200e-01	9.4537	6.207662	-0.000545	-5.452340	-1.847303	0.043690
 766	3.8250e-01	9.4088	5.770759	0.001090	10.904680	3.694606	-0.087381
 767	3.8300e-01	9.3896	5.188222	0.001454	14.539574	4.926141	-0.116507
 768	3.8350e-01	9.3254	5.588717	-0.001000	-9.995957	-3.386722	0.080099
 769	3.8400e-01	9.3142	5.661534	-0.000182	-1.817447	-0.615768	0.014563
 770	3.8450e-01	9.2612	5.151814	0.001272	12.722127	4.310373	-0.101944
 771	3.8500e-01	9.2259	5.625125	-0.001181	-11.813404	-4.002490	0.094662
 772	3.8550e-01	9.1939	4.896954	0.001817	18.174467	6.157676	-0.145634
 773	3.8600e-01	9.1409	5.078996	-0.000454	-4.543617	-1.539419	0.036409
 774	3.8650e-01	9.0960	4.751319	0.000818	8.178510	2.770954	-0.065535
 775	3.8700e-01	9.0639	4.933362	-0.000454	-4.543617	-1.539419	0.036409
 776	3.8750e-01	9.0222	4.423642	0.001272	12.722127	4.310373	-0.101944
 777	3.8800e-01	8.9885	4.751319	-0.000818	-8.178510	-2.770954	0.065535
 778	3.8850e-01	8.9596	4.496459	0.000636	6.361063	2.155187	-0.050972
 779	3.8900e-01	8.9083	4.314416	0.000454	4.543617	1.539419	-0.036409
 780	3.8950e-01	8.8810	4.205191	0.000273	2.726170	0.923651	-0.021845
 781	3.9000e-01	8.8329	4.059556	0.000363	3.634893	1.231535	-0.029127
 782	3.9050e-01	8.7639	3.877513	0.000454	4.543617	1.539419	-0.036409
 783	3.9100e-01	8.7399	3.768288	0.000273	2.726170	0.923651	-0.021845
 784	3.9150e-01	8.7142	3.841105	-0.000182	-1.817447	-0.615768	0.014563
 785	3.9200e-01	8.6773	3.331385	0.001272	12.722127	4.310373	-0.101944
 786	3.9250e-01	8.6308	3.768288	-0.001090	-10.904680	-3.694606	0.087381
 787	3.9300e-01	8.5778	3.003708	0.001908	19.083190	6.465560	-0.152916
 788	3.9350e-01	8.5329	3.185750	-0.000454	-4.543617	-1.539419	0.036409
 789	3.9400e-01	8.5072	2.894482	0.000727	7.269787	2.463070	-0.058254
 790	3.9450e-01	8.4575	3.258568	-0.000909	-9.087234	-3.078838	0.072817
 791	3.9500e-01	8.4238	2.821665	0.001090	10.904680	3.694606	-0.087381
 792	3.9550e-01	8.3966	2.858073	-0.000091	-0.908723	-0.307884	0.007282
 793	3.9600e-01	8.3436	2.566805	0.000727	7.269787	2.463070	-0.058254
 794	3.9650e-01	8.2875	2.676030	-0.000273	-2.726170	-0.923651	0.021845
 795	3.9700e-01	8.2522	2.129902	0.001363	13.630850	4.618257	-0.109226
 796	3.9750e-01	8.2105	2.202719	-0.000182	-1.817447	-0.615768	0.014563
 797	3.9800e-01	8.1864	1.692999	0.001272	12.722127	4.310373	-0.101944
 798	3.9850e-01	8.1303	1.947859	-0.000636	-6.361063	-2.155187	0.050972
 799	3.9900e-01	8.0901	2.239127	-0.000727	-7.269787	-2.463070	0.058254
 800	3.9950e-01	8.0661	1.802225	0.001090	10.904680	3.694606	-0.087381
 801	4.0000e-01	8.0356	1.765816	0.000091	0.908723	0.307884	-0.007282
 802	4.0050e-01	7.9827	1.729407	0.000091	0.908723	0.307884	-0.007282
 803	4.0100e-01	7.9442	1.547365	0.000454	4.543617	1.539419	-0.036409
 804	4.0150e-01	7.9057	1.074053	0.001181	11.813404	4.002490	-0.094662
 805	4.0200e-01	7.8688	1.474547	-0.001000	-9.995957	-3.386722	0.080099
 806	4.0250e-01	7.8142	1.074053	0.001000	9.995957	3.386722	-0.080099
 807	4.0300e-01	7.7886	0.819193	0.000636	6.361063	2.155187	-0.050972
 808	4.0350e-01	7.7388	0.855602	-0.000091	-0.908723	-0.307884	0.007282
 809	4.0400e-01	7.6971	0.491516	0.000909	9.087234	3.078838	-0.072817
 810	4.0450e-01	7.6843	0.273064	0.000545	5.452340	1.847303	-0.043690
 811	4.0500e-01	7.6217	0.600742	-0.000818	-8.178510	-2.770954	0.065535
 812	4.0550e-01	7.6169	0.273064	0.000818	8.178510	2.770954	-0.065535
 813	4.0600e-01	7.5575	0.163839	0.000273	2.726170	0.923651	-0.021845
 814	4.0650e-01	7.5190	-0.091021	0.000636	6.361063	2.155187	-0.050972
 815	4.0700e-01	7.4629	-0.091021	-0.000000	-0.000000	-0.000000	0.000000
 816	4.0750e-01	7.4292	-0.127430	0.000091	0.908723	0.307884	-0.007282
 817	4.0800e-01	7.3747	-0.345881	0.000545	5.452340	1.847303	-0.043690
 818	4.0850e-01	7.3779	-0.819193	-0.001181	-11.813404	-4.002490	-0.094662
 819	4.0900e-01	7.3265	-0.746376	-0.000182	-1.817447	-0.615768	0.014563
 820	4.0950e-01	7.2672	-0.746376	-0.000000	-0.000000	-0.000000	0.000000
 821	4.1000e-01	7.2046	-0.892010	0.000363	3.634893	1.231535	-0.029127
 822	4.1050e-01	7.1805	-1.001236	0.000273	2.726170	0.923651	-0.021845
 823	4.1100e-01	7.1388	-1.037644	0.000091	0.908723	0.307884	-0.007282
 824	4.1150e-01	7.1003	-1.510956	0.001181	11.813404	4.002490	-0.094662
 825	4.1200e-01	7.0314	-1.219687	-0.000727	-7.269787	-2.463070	0.058254
 826	4.1250e-01	7.0169	-1.438139	0.000545	5.452340	1.847303	-0.043690
 827	4.1300e-01	6.9752	-1.438139	-0.000000	-0.000000	-0.000000	0.000000
 828	4.1350e-01	6.9415	-1.547365	0.000273	2.726170	0.923651	-0.021845
 829	4.1400e-01	6.8950	-1.547365	-0.000000	-0.000000	-0.000000	0.000000
 830	4.1450e-01	6.8629	-2.093493	0.001363	13.630850	4.618257	-0.109226
 831	4.1500e-01	6.8212	-1.911450	-0.000454	-4.543617	-1.539419	0.036409
 832	4.1550e-01	6.7763	-2.166310	0.000636	6.361063	2.155187	-0.050972
 833	4.1600e-01	6.7458	-2.275536	0.000273	2.726170	0.923651	-0.021845
 834	4.1650e-01	6.7233	-2.676030	0.001000	9.995957	3.386722	-0.080099
 835	4.1700e-01	6.6415	-2.493988	-0.000454	-4.543617	-1.539419	0.036409
 836	4.1750e-01	6.6062	-2.348353	-0.000363	-3.634893	-1.231535	0.029127
 837	4.1800e-01	6.5661	-3.040116	0.001727	17.265744	5.849792	-0.138353
 838	4.1850e-01	6.5196	-3.222159	0.000454	4.543617	1.539419	-0.036409
 839	4.1900e-01	6.4859	-3.040116	-0.000454	-4.543617	-1.539419	0.036409
 840	4.1950e-01	6.4987	-3.804696	-0.001908	-19.083190	-6.465560	-0.152916
 841	4.2000e-01	6.4506	-3.331385	-0.001181	-11.813404	-4.002490	0.094662
 842	4.2050e-01	6.4025	-3.586245	0.000636	6.361063	2.155187	-0.050972
 843	4.2100e-01	6.3415	-3.477019	-0.000273	-2.726170	-0.923651	0.021845
 844	4.2150e-01	6.3078	-3.804696	0.000818	8.178510	2.770954	-0.065535
 845	4.2200e-01	6.2677	-3.768288	-0.000091	-0.908723	-0.307884	0.007282
 846	4.2250e-01	6.2437	-4.168782	0.001000	9.995957	3.386722	-0.080099
 847	4.2300e-01	6.1972	-4.205191	0.000091	0.908723	0.307884	-0.007282
 848	4.2350e-01	6.1458	-4.205191	-0.000000	-0.000000	-0.000000	0.000000
 849	4.2400e-01	6.0977	-4.423642	0.000545	5.452340	1.847303	-0.043690
 850	4.2450e-01	6.0849	-4.642094	0.000545	5.452340	1.847303	-0.043690
 851	4.2500e-01	6.0383	-4.350825	-0.000727	-7.269787	-2.463070	0.058254
 852	4.2550e-01	5.9854	-4.751319	0.001000	9.995957	3.386722	-0.080099
 853	4.2600e-01	5.9405	-5.188222	0.001090	10.904680	3.694606	-0.087381
 854	4.2650e-01	5.9020	-4.933362	-0.000636	-6.361063	-2.155187	0.050972
 855	4.2700e-01	5.8747	-5.443082	0.001272	12.722127	4.310373	-0.101944
 856	4.2750e-01	5.8314	-5.297448	-0.000363	-3.634893	-1.231535	0.029127
 857	4.2800e-01	5.7817	-5.661534	0.000909	9.087234	3.078838	-0.072817
 858	4.2850e-01	5.7383	-5.333857	-0.000818	-8.178510	-2.770954	0.065535
 859	4.2900e-01	5.7014	-6.207662	0.002181	21.809361	7.389211	-0.174761
 860	4.2950e-01	5.6565	-5.261039	-0.002363	-23.626807	-8.004979	0.189325
 861	4.3000e-01	5.6276	-6.171254	0.002272	22.718084	7.697095	-0.182043
 862	4.3050e-01	5.5827	-6.098437	-0.000182	-1.817447	-0.615768	0.014563
 863	4.3100e-01	5.5314	-6.207662	0.000273	2.726170	0.923651	-0.021845
 864	4.3150e-01	5.5057	-6.280480	0.000182	1.817447	0.615768	-0.014563
 865	4.3200e-01	5.4512	-6.498931	0.000545	5.452340	1.847303	-0.043690
 866	4.3250e-01	5.4207	-6.571748	0.000182	1.817447	0.615768	-0.014563
 867	4.3300e-01	5.3678	-6.680974	0.000273	2.726170	0.923651	-0.021845
 868	4.3350e-01	5.3228	-6.790200	0.000273	2.726170	0.923651	-0.021845
 869	4.3400e-01	5.3036	-6.863017	0.000182	1.817447	0.615768	-0.014563
 870	4.3450e-01	5.2619	-7.190694	0.000818	8.178510	2.770954	-0.065535
 871	4.3500e-01	5.2298	-7.117877	-0.000182	-1.817447	-0.615768	0.014563
 872	4.3550e-01	5.1977	-7.773231	0.001636	16.357020	5.541909	-0.131071
 873	4.3600e-01	5.1496	-7.409145	-0.000909	-9.087234	-3.078838	0.072817
 874	4.3650e-01	5.1255	-7.664005	0.000636	6.361063	2.155187	-0.050972
 875	4.3700e-01	5.0742	-8.173726	0.001272	12.722127	4.310373	-0.101944
 876	4.3750e-01	5.0341	-8.173726	-0.000000	-0.000000	-0.000000	0.000000
 877	4.3800e-01	4.9892	-7.846048	-0.000818	-8.178510	-2.770954	0.065535
 878	4.3850e-01	4.9330	-7.918865	0.000182	1.817447	0.615768	-0.014563
 879	4.3900e-01	4.9122	-8.647037	0.001817	18.174467	6.157676	-0.145634
 880	4.3950e-01	4.9041	-8.683446	0.000091	0.908723	0.307884	-0.007282
 881	4.4000e-01	4.8223	-8.392177	-0.000727	-7.269787	-2.463070	0.058254
 882	4.4050e-01	4.7694	-8.647037	0.000636	6.361063	2.155187	-0.050972
 883	4.4100e-01	4.7485	-8.647037	-0.000000	-0.000000	-0.000000	0.000000
 884	4.4150e-01	4.7004	-8.719854	0.000182	1.817447	0.615768	-0.014563
 885	4.4200e-01	4.6459	-9.265983	0.001363	13.630850	4.618257	-0.109226
 886	4.4250e-01	4.6154	-9.156757	-0.000273	-2.726170	-0.923651	0.021845
 887	4.4300e-01	4.5849	-9.265983	0.000273	2.726170	0.923651	-0.021845
 888	4.4350e-01	4.5384	-9.448026	0.000454	4.543617	1.539419	-0.036409
 889	4.4400e-01	4.4886	-9.812111	0.000909	9.087234	3.078838	-0.072817
 890	4.4450e-01	4.4678	-10.030563	0.000545	5.452340	1.847303	-0.043690
 891	4.4500e-01	4.4132	-10.176197	0.000363	3.634893	1.231535	-0.029127
 892	4.4550e-01	4.4084	-10.358240	0.000454	4.543617	1.539419	-0.036409
 893	4.4600e-01	4.3539	-10.139789	-0.000545	-5.452340	-1.847303	0.043690
 894	4.4650e-01	4.3042	-10.285423	0.000363	3.634893	1.231535	-0.029127
 895	4.4700e-01	4.2897	-10.758734	0.001181	11.813404	4.002490	-0.094662
 896	4.4750e-01	4.2288	-10.722326	-0.000091	-0.908723	-0.307884	0.007282
 897	4.4800e-01	4.1838	-10.758734	0.000091	0.908723	0.307884	-0.007282
 898	4.4850e-01	4.1357	-11.086412	0.000818	8.178510	2.770954	-0.065535
 899	4.4900e-01	4.1181	-11.050003	-0.000091	-0.908723	-0.307884	0.007282
 900	4.4950e-01	4.0555	-11.741766	0.001727	17.265744	5.849792	-0.138353
 901	4.5000e-01	3.9945	-11.414089	-0.000818	-8.178510	-2.770954	0.065535
 902	4.5050e-01	3.9849	-11.632540	0.000545	5.452340	1.847303	-0.043690
 903	4.5100e-01	3.9464	-11.632540	-0.000000	-0.000000	-0.000000	0.000000
 904	4.5150e-01	3.8903	-11.850992	0.000545	5.452340	1.847303	-0.043690
 905	4.5200e-01	3.8678	-12.105852	0.000636	6.361063	2.155187	-0.050972
 906	4.5250e-01	3.8277	-11.960218	-0.000363	-3.634893	-1.231535	0.029127
 907	4.5300e-01	3.7860	-12.433529	0.001181	11.813404	4.002490	-0.094662
 908	4.5350e-01	3.7379	-12.360712	-0.000182	-1.817447	-0.615768	0.014563
 909	4.5400e-01	3.7026	-12.506346	0.000363	3.634893	1.231535	-0.029127
 910	4.5450e-01	3.6625	-12.797615	0.000727	7.269787	2.463070	-0.058254
 911	4.5500e-01	3.6175	-13.343743	0.001363	13.630850	4.618257	-0.109226
 912	4.5550e-01	3.5871	-13.016066	-0.000818	-8.178510	-2.770954	0.065535
 913	4.5600e-01	3.5245	-13.270926	0.000636	6.361063	2.155187	-0.050972
 914	4.5650e-01	3.4876	-13.416561	0.000363	3.634893	1.231535	-0.029127
 915	4.5700e-01	3.4700	-13.707829	0.000727	7.269787	2.463070	-0.058254
 916	4.5750e-01	3.4266	-13.853464	0.000363	3.634893	1.231535	-0.029127
 917	4.5800e-01	3.3978	-13.562195	-0.000727	-7.269787	-2.463070	0.058254
 918	4.5850e-01	3.3320	-13.817055	0.000636	6.361063	2.155187	-0.050972
 919	4.5900e-01	3.2871	-14.217549	0.001000	9.995957	3.386722	-0.080099
 920	4.5950e-01	3.2710	-13.962689	-0.000636	-6.361063	-2.155187	0.050972
 921	4.6000e-01	3.2518	-15.054947	0.002726	27.261701	9.236514	-0.218451
 922	4.6050e-01	3.1748	-14.363184	-0.001727	-17.265744	-5.849792	0.138353
 923	4.6100e-01	3.1427	-14.399592	0.000091	0.908723	0.307884	-0.007282
 924	4.6150e-01	3.1058	-15.127764	0.001817	18.174467	6.157676	-0.145634
 925	4.6200e-01	3.0400	-14.909312	-0.000545	-5.452340	-1.847303	0.043690
 926	4.6250e-01	3.0208	-15.382624	0.001181	11.813404	4.002490	-0.094662
 927	4.6300e-01	2.9871	-15.018538	-0.000909	-9.087234	-3.078838	0.072817
 928	4.6350e-01	2.9293	-15.528258	0.001272	12.722127	4.310373	-0.101944
 929	4.6400e-01	2.9069	-15.491849	-0.000091	-0.908723	-0.307884	0.007282
 930	4.6450e-01	2.8732	-15.710301	0.000545	5.452340	1.847303	-0.043690
 931	4.6500e-01	2.8186	-15.965161	0.000636	6.361063	2.155187	-0.050972
 932	4.6550e-01	2.7946	-16.037978	0.000182	1.817447	0.615768	-0.014563
 933	4.6600e-01	2.7866	-15.783118	-0.000636	-6.361063	-2.155187	0.050972
 934	4.6650e-01	2.7144	-16.474881	0.001727	17.265744	5.849792	-0.138353
 935	4.6700e-01	2.6727	-16.183612	-0.000727	-7.269787	-2.463070	0.058254
 936	4.6750e-01	2.6374	-16.511290	0.000818	8.178510	2.770954	-0.065535
 937	4.6800e-01	2.5908	-16.656924	0.000363	3.634893	1.231535	-0.029127
 938	4.6850e-01	2.5732	-16.838967	0.000454	4.543617	1.539419	-0.036409
 939	4.6900e-01	2.4994	-16.948193	0.000273	2.726170	0.923651	-0.021845
 940	4.6950e-01	2.4561	-17.421504	0.001181	11.813404	4.002490	-0.094662
 941	4.7000e-01	2.4208	-17.239461	-0.000454	-4.543617	-1.539419	0.036409
 942	4.7050e-01	2.4192	-17.567138	0.000818	8.178510	2.770954	-0.065535
 943	4.7100e-01	2.3566	-17.676364	0.000273	2.726170	0.923651	-0.021845
 944	4.7150e-01	2.2989	-17.858407	0.000454	4.543617	1.539419	-0.036409
 945	4.7200e-01	2.2796	-17.676364	-0.000454	-4.543617	-1.539419	0.036409
 946	4.7250e-01	2.2010	-17.858407	0.000454	4.543617	1.539419	-0.036409
 947	4.7300e-01	2.1802	-18.368127	0.001272	12.722127	4.310373	-0.101944
 948	4.7350e-01	2.1240	-18.295310	-0.000182	-1.817447	-0.615768	0.014563
 949	4.7400e-01	2.1224	-18.550170	0.000636	6.361063	2.155187	-0.050972
 950	4.7450e-01	2.0887	-18.622987	0.000182	1.817447	0.615768	-0.014563
 951	4.7500e-01	2.0374	-18.987073	0.000909	9.087234	3.078838	-0.072817
 952	4.7550e-01	1.9925	-19.132707	0.000363	3.634893	1.231535	-0.029127
 953	4.7600e-01	1.9507	-19.132707	-0.000000	-0.000000	-0.000000	0.000000
 954	4.7650e-01	1.8962	-18.914256	-0.000545	-5.452340	-1.847303	0.043690
 955	4.7700e-01	1.8561	-19.460384	0.001363	13.630850	4.618257	-0.109226
 956	4.7750e-01	1.8208	-19.496793	0.000091	0.908723	0.307884	-0.007282
 957	4.7800e-01	1.7743	-19.824470	0.000818	8.178510	2.770954	-0.065535
 958	4.7850e-01	1.7631	-19.860879	0.000091	0.908723	0.307884	-0.007282
 959	4.7900e-01	1.7342	-20.152147	0.000727	7.269787	2.463070	-0.058254
 960	4.7950e-01	1.6700	-20.115739	-0.000091	-0.908723	-0.307884	0.007282
 961	4.8000e-01	1.6427	-20.370599	0.000636	6.361063	2.155187	-0.050972
 962	4.8050e-01	1.5914	-20.152147	-0.000545	-5.452340	-1.847303	0.043690
 963	4.8100e-01	1.5545	-20.625459	0.001181	11.813404	4.002490	-0.094662
 964	4.8150e-01	1.5160	-20.807502	0.000454	4.543617	1.539419	-0.036409
 965	4.8200e-01	1.4759	-20.953136	0.000363	3.634893	1.231535	-0.029127
 966	4.8250e-01	1.4214	-21.317222	0.000909	9.087234	3.078838	-0.072817
 967	4.8300e-01	1.3780	-21.390039	0.000182	1.817447	0.615768	-0.014563
 968	4.8350e-01	1.3476	-21.280813	-0.000273	-2.726170	-0.923651	0.021845
 969	4.8400e-01	1.2930	-21.608490	0.000818	8.178510	2.770954	-0.065535
 970	4.8450e-01	1.2786	-21.790533	0.000454	4.543617	1.539419	-0.036409
 971	4.8500e-01	1.2224	-22.118211	0.000818	8.178510	2.770954	-0.065535
 972	4.8550e-01	1.1952	-22.191028	0.000182	1.817447	0.615768	-0.014563
 973	4.8600e-01	1.1486	-22.263845	0.000182	1.817447	0.615768	-0.014563
 974	4.8650e-01	1.1342	-22.373071	0.000273	2.726170	0.923651	-0.021845
 975	4.8700e-01	1.0540	-22.445888	0.000182	1.817447	0.615768	-0.014563
 976	4.8750e-01	1.0010	-22.518705	0.000182	1.817447	0.615768	-0.014563
 977	4.8800e-01	0.9802	-22.555113	0.000091	0.908723	0.307884	-0.007282
 978	4.8850e-01	0.9465	-22.919199	0.000909	9.087234	3.078838	-0.072817
 979	4.8900e-01	0.9160	-23.283285	0.000909	9.087234	3.078838	-0.072817
 980	4.8950e-01	0.8615	-23.574554	0.000727	7.269787	2.463070	-0.058254
 981	4.9000e-01	0.8294	-23.319694	-0.000636	-6.361063	-2.155187	0.050972
 982	4.9050e-01	0.8214	-23.538145	0.000545	5.452340	1.847303	-0.043690
 983	4.9100e-01	0.7684	-23.720188	0.000454	4.543617	1.539419	-0.036409
 984	4.9150e-01	0.7010	-24.302725	0.001454	14.539574	4.926141	-0.116507
 985	4.9200e-01	0.6722	-23.938639	-0.000909	-9.087234	-3.078838	0.072817
 986	4.9250e-01	0.6353	-24.448359	0.001272	12.722127	4.310373	-0.101944
 987	4.9300e-01	0.5791	-24.084274	-0.000909	-9.087234	-3.078838	0.072817
 988	4.9350e-01	0.5358	-24.448359	0.000909	9.087234	3.078838	-0.072817
 989	4.9400e-01	0.5037	-24.739628	0.000727	7.269787	2.463070	-0.058254
 990	4.9450e-01	0.4604	-24.666811	-0.000182	-1.817447	-0.615768	0.014563
 991	4.9500e-01	0.4283	-25.322165	0.001636	16.357020	5.541909	-0.131071
 992	4.9550e-01	0.3882	-25.540617	0.000545	5.452340	1.847303	-0.043690
 993	4.9600e-01	0.3417	-25.431391	-0.000273	-2.726170	-0.923651	0.021845
 994	4.9650e-01	0.3064	-25.431391	-0.000000	-0.000000	-0.000000	0.000000
 995	4.9700e-01	0.2743	-25.795477	0.000909	9.087234	3.078838	-0.072817
 996	4.9750e-01	0.2390	-25.977520	0.000454	4.543617	1.539419	-0.036409
 997	4.9800e-01	0.2021	-26.305197	0.000818	8.178510	2.770954	-0.065535
 998	4.9850e-01	0.1283	-26.450831	0.000363	3.634893	1.231535	-0.029127
 999	4.9900e-01	0.0995	-26.305197	-0.000363	-3.634893	-1.231535	0.029127
1000	4.9950e-01	0.0818	-26.596465	0.000727	7.269787	2.463070	-0.058254
1001	5.0000e-01	0.0706	-26.996960	0.000727	7.269787	2.463070	-0.080099

PMax (uC/cm2):	6.29e+01
Pr (uC/cm2):	4.51e+00
-Pr (uC/cm2):	0.00e+00
PLoss (uC/cm2):	0.00e+00
C (Max-Eff) (nF):	3.14e-01
K (Eff):	1.06e+03
Vert. (+/-Pr) Shift (uC/cm2):	2.26e+00
Offset (uC/cm2):	3.15e+01

A (Loop Area - uC/cm2·Volts):	1.26e-01



Hysteresis Version: 5.48.1 - Radiant Technologies, Inc., 1999 - 9/12/24

